                   1            0.520162            0.520162                   0
                   2            0.481826            0.500994           0.0135539
                   3            0.525826            0.509271           0.0112837
                   4            0.492328            0.505035          0.00922368
                   5            0.468789            0.497786          0.00982303
                   6            0.490524            0.496576          0.00826009
                   7            0.534357            0.501973          0.00866589
                   8            0.449845            0.495457          0.00972871
                   9            0.438408            0.489118           0.0105119
                  10            0.476236             0.48783           0.0095393
                  11            0.516885            0.490471          0.00903037
                  12             0.50603            0.491768           0.0083704
                  13             0.46823            0.489957          0.00791993
                  14            0.507288            0.491195          0.00745034
                  15            0.483921             0.49071          0.00696942
                  16            0.514945            0.492225           0.0066964
                  17            0.529947            0.494444          0.00665999
                  18            0.505025            0.495032          0.00631588
                  19            0.479556            0.494217          0.00603576
                  20            0.442341            0.491623          0.00626657
