                   1           -0.965524           -0.965524                   0
                   2           -0.966585           -0.966055         0.000375403
                   3           -0.953616           -0.961908           0.0033947
                   4           -0.953891           -0.959904          0.00308139
                   5           -0.966245           -0.961172          0.00271354
                   6           -0.964165           -0.961671          0.00230667
                   7           -0.957882            -0.96113          0.00203965
                   8           -0.967163           -0.961884          0.00191907
                   9           -0.966711            -0.96242          0.00177921
                  10           -0.963274           -0.962506          0.00160334
                  11            -0.95625           -0.961937          0.00155517
                  12           -0.967978            -0.96244          0.00150486
                  13           -0.970111            -0.96303          0.00150032
                  14            -0.95757            -0.96264          0.00144295
                  15           -0.951151           -0.961874          0.00153666
                  16           -0.950023           -0.961134          0.00160927
                  17           -0.958616           -0.960986          0.00152141
                  18           -0.960779           -0.960974          0.00143693
                  19           -0.965054           -0.961189          0.00137725
                  20           -0.967295           -0.961494          0.00134181
