                   1             57.4363             57.4363                   0
                   2             56.8757              57.156            0.198224
                   3             50.4447             54.9189             1.83136
                   4             49.4466             53.5508             1.81392
                   5             59.1884             54.6784             1.76716
                   6               56.98              55.062             1.51369
                   7             51.8774              54.607              1.3641
                   8              57.419             54.9585             1.23805
                   9             57.0466             55.1905             1.12202
                  10             55.8362             55.2551             1.01167
                  11             52.0316             54.9621            0.961206
                  12             59.4719             55.3379            0.951745
                  13             61.0333              55.776            0.974165
                  14             52.1757             55.5188            0.937912
                  15             47.0782             54.9561             1.03045
                  16             46.6274             54.4356             1.08962
                  17             53.8641              54.402             1.02605
                  18             54.0114             54.3803            0.969274
                  19             56.1018             54.4709            0.922485
                  20             57.4719             54.6209            0.888481
