                   1             1.61115             1.61115                   0
                   2             1.57065              1.5909           0.0143203
                   3             1.60129             1.59436          0.00995685
                   4             1.60055             1.59591          0.00758693
                   5             1.65292             1.60731           0.0118674
                   6             1.59071             1.60454           0.0102068
                   7             1.60902             1.60518          0.00876867
                   8             1.59159             1.60348          0.00783556
                   9             1.61526             1.60479          0.00707339
                  10             1.61384              1.6057           0.0064236
                  11             1.65003             1.60973          0.00699056
                  12             1.58623             1.60777          0.00667669
                  13              1.6118             1.60808          0.00617031
                  14              1.5601             1.60465          0.00661326
                  15             1.65607             1.60808          0.00700456
                  16             1.63108             1.60952          0.00671265
                  17             1.63731             1.61115          0.00651384
                  18             1.62348             1.61184          0.00618784
                  19             1.60418             1.61143          0.00587528
                  20             1.64138             1.61293           0.0057692
