                   1           -0.998856           -0.998856                   0
                   2            -0.99974           -0.999298         0.000312541
                   3            -0.99758           -0.998725         0.000511904
                   4           -0.997608           -0.998446         0.000453785
                   5              -0.999           -0.998557         0.000376312
                   6           -0.998908           -0.998615         0.000318113
                   7           -0.998932           -0.998661         0.000275866
                   8           -0.999912           -0.998817         0.000282271
                   9           -0.999148           -0.998854         0.000253292
                  10           -0.999888           -0.998957         0.000248181
                  11           -0.998816           -0.998944          0.00022595
                  12           -0.997768           -0.998846         0.000227395
                  13           -0.999944           -0.998931         0.000225034
                  14            -0.99878            -0.99892         0.000209217
                  15            -0.99798           -0.998857         0.000204439
                  16           -0.999232           -0.998881         0.000192998
                  17           -0.998832           -0.998878         0.000181667
                  18           -0.999548           -0.998915         0.000175347
                  19           -0.998868           -0.998913         0.000166136
                  20           -0.998712           -0.998903         0.000158132
