                   1           0.0545568           0.0545568                   0
                   2          0.00799861           0.0312777           0.0164608
                   3           0.0724319           0.0449958           0.0156807
                   4           0.0716197           0.0516518           0.0130972
                   5           0.0304784           0.0474171           0.0111413
                   6           0.0332436           0.0450549          0.00953157
                   7           0.0325229           0.0432646          0.00833635
                   8          0.00271306           0.0381956          0.00869996
                   9           0.0260162           0.0368424          0.00783784
                  10          0.00345195           0.0335033          0.00773266
                  11           0.0360024           0.0337305          0.00703302
                  12           0.0669669           0.0365002          0.00697101
                  13          0.00172719           0.0338254          0.00692898
                  14           0.0370801           0.0340578          0.00643796
                  15           0.0607715           0.0358388          0.00625023
                  16           0.0234761           0.0350661          0.00590716
                  17           0.0355231            0.035093          0.00555974
                  18           0.0138718            0.033914          0.00537441
                  19           0.0344439           0.0339419          0.00509162
                  20           0.0391131           0.0342005           0.0048436
