                   1           -0.701837           -0.701837                   0
                   2           -0.705889           -0.703863          0.00143257
                   3           -0.704143           -0.703956         0.000958092
                   4           -0.707015           -0.704721         0.000977169
                   5           -0.705057           -0.704788         0.000784045
                   6            -0.70479           -0.704788         0.000653371
                   7           -0.705057           -0.704827         0.000561158
                   8           -0.705746           -0.704942         0.000502639
                   9           -0.704603           -0.704904         0.000448201
                  10           -0.702518           -0.704665         0.000462565
                  11           -0.705622           -0.704752         0.000428615
                  12            -0.70271           -0.704582         0.000425352
                  13            -0.70378           -0.704521         0.000397078
                  14            -0.70216           -0.704352         0.000402915
                  15           -0.703987           -0.704328         0.000376787
                  16            -0.70729           -0.704513         0.000396129
                  17            -0.70706           -0.704663         0.000400165
                  18           -0.702559           -0.704546         0.000394625
                  19           -0.706476           -0.704647          0.00038671
                  20           -0.708059           -0.704818         0.000403236
