                   1            0.439029            0.439029                   0
                   2            0.424545            0.431787          0.00512077
                   3            0.408538            0.424037          0.00718966
                   4            0.427243            0.424839          0.00543673
                   5            0.403313            0.420534          0.00580896
                   6            0.455713            0.426397          0.00721669
                   7            0.432883            0.427323          0.00624494
                   8            0.437841            0.428638          0.00560101
                   9            0.427475            0.428509          0.00498017
                  10            0.440838            0.429742          0.00463226
                  11            0.438339            0.430523          0.00427657
                  12            0.420275            0.429669          0.00400455
                  13               0.444            0.430772          0.00384525
                  14            0.438531            0.431326          0.00361031
                  15            0.433756            0.431488          0.00337325
                  16            0.426284            0.431163          0.00317806
                  17            0.426511            0.430889          0.00300288
                  18            0.429118            0.430791          0.00283766
                  19            0.450412            0.431823          0.00287007
                  20            0.440587            0.432262          0.00275981
