                   1           -0.011914           -0.011914                   0
                   2           -0.006774           -0.009344          0.00181726
                   3            -0.01179          -0.0101593          0.00138237
                   4           -0.063448          -0.0234815           0.0115838
                   5            -0.04945          -0.0286752           0.0103662
                   6             0.00839          -0.0224977           0.0103163
                   7           -0.036546          -0.0245046          0.00903561
                   8           -0.009724           -0.022657          0.00809285
                   9             -0.0532          -0.0260507          0.00787311
                  10             0.01245          -0.0222006          0.00797178
                  11           -0.044878          -0.0242622          0.00750891
                  12           -0.054012          -0.0267413          0.00728094
                  13            0.076424          -0.0188055           0.0101638
                  14           -0.051246          -0.0211227          0.00969834
                  15           -0.040422          -0.0224093          0.00913673
                  16            -0.00233          -0.0211544          0.00865144
                  17             0.03944            -0.01759          0.00884637
                  18            0.092292          -0.0114854           0.0102469
                  19           -0.107974          -0.0165638           0.0108936
                  20           -0.048048           -0.018138            0.010462
