                   1              26.993              26.993                   0
                   2             29.1425             28.0678            0.759981
                   3             26.6391             27.5915            0.638664
                   4             30.3898             28.2911            0.772328
                   5             28.5659             28.3461            0.619815
                   6              33.491             29.2036            0.937829
                   7             27.7259             28.9925            0.827271
                   8             25.6427             28.5737            0.823038
                   9             26.5259             28.3462            0.762393
                  10             28.7755             28.3891            0.687362
                  11             28.2145             28.3733            0.625058
                  12             30.2326             28.5282            0.591863
                  13             29.7664             28.6235            0.553946
                  14             28.9074             28.6437             0.51475
                  15             28.8281              28.656             0.48058
                  16             30.3006             28.7588            0.461405
                  17             29.0411             28.7754            0.434562
                  18             28.3136             28.7498            0.411176
                  19             30.5039             28.8421            0.399766
                  20             27.3633             28.7681            0.386555
