                   1             120.685             120.685                   0
                   2             121.155              120.92            0.166039
                   3             120.886             120.909            0.111069
                   4             120.831             120.889           0.0849954
                   5             122.353             121.182            0.270595
                   6             121.636             121.258             0.23586
                   7              123.47             121.574            0.355703
                   8             122.974             121.749            0.351657
                   9             118.393             121.376            0.470438
                  10             122.462             121.484            0.435743
                  11             121.848             121.517            0.397384
                  12             122.407             121.592            0.371119
                  13              120.49             121.507            0.352108
                  14             122.862             121.604            0.340009
                  15             120.472             121.528            0.325602
                  16             122.788             121.607            0.314625
                  17             123.289             121.706            0.311287
                  18             123.355             121.798             0.30718
                  19             121.813             121.798            0.291014
                  20             120.479             121.732            0.283839
