                   1             12.2137             12.2137                   0
                   2             12.1236             12.1686           0.0318702
                   3             11.8421             12.0598            0.091378
                   4             9.99984             11.5448            0.451228
                   5             10.7585             11.3876            0.387416
                   6             11.0446             11.3304            0.327035
                   7             12.2281             11.4586            0.304426
                   8             12.2322             11.5553            0.281308
                   9              10.475             11.4353            0.274472
                  10             12.4094             11.5327            0.263744
                  11             10.8333             11.4691            0.247312
                  12             12.5521             11.5594             0.24261
                  13             11.2338             11.5343            0.225237
                  14             12.2172             11.5831            0.214366
                  15             10.8417             11.5337            0.205694
                  16             11.5674             11.5358            0.192849
                  17             12.5806             11.5972            0.191048
                  18              13.063             11.6787            0.197027
                  19             11.4868             11.6686            0.186916
                  20             12.5629             11.7133            0.182841
