                   1             0.00705             0.00705                   0
                   2            0.006348            0.006699         0.000248194
                   3            0.004382          0.00592667         0.000651954
                   4            0.009024            0.006701         0.000829928
                   5           -0.004472           0.0044664          0.00210608
                   6             0.00568          0.00466867          0.00176475
                   7            0.002882          0.00441343          0.00153099
                   8           -0.000938           0.0037445          0.00147855
                   9            0.009268          0.00435822            0.001436
                  10            0.006054           0.0045278          0.00130238
                  11            0.003642          0.00444727          0.00118646
                  12            0.013332          0.00518767          0.00129821
                  13            0.002382          0.00497185          0.00121616
                  14            -0.00612          0.00417957          0.00136314
                  15              0.0033          0.00412093          0.00127353
                  16            0.000812          0.00391412          0.00121061
                  17            0.000428          0.00370906          0.00115663
                  18           -0.007768          0.00307144          0.00125589
                  19            0.002358          0.00303389          0.00119035
                  20            0.011904           0.0034774          0.00121064
