                   1           -0.479428           -0.479428                   0
                   2           -0.482956           -0.481192          0.00124734
                   3           -0.480884           -0.481089         0.000835772
                   4           -0.481272           -0.481135         0.000628075
                   5           -0.479156           -0.480739         0.000614648
                   6           -0.480756           -0.480742         0.000512213
                   7            -0.48122            -0.48081         0.000443568
                   8           -0.481416           -0.480886         0.000394531
                   9           -0.481556            -0.48096         0.000357649
                  10           -0.481152            -0.48098         0.000322397
                  11           -0.479124           -0.480811         0.000334321
                  12           -0.477224           -0.480512         0.000419308
                  13           -0.480516           -0.480512         0.000387054
                  14           -0.482416           -0.480648         0.000382548
                  15           -0.481232           -0.480687         0.000359018
                  16           -0.480832           -0.480696         0.000336694
                  17           -0.479768           -0.480642         0.000321285
                  18           -0.481904           -0.480712         0.000310996
                  19           -0.481568           -0.480757         0.000297875
                  20           -0.482132           -0.480826         0.000290808
