                   1            0.208507            0.208507                   0
                   2            0.204173             0.20634          0.00153246
                   3            0.209817            0.207499          0.00139253
                   4            0.209112            0.207902          0.00110127
                   5            0.209046            0.208131          0.00090445
                   6            0.210425            0.208513         0.000830591
                   7            0.214561            0.209377          0.00107085
                   8            0.211721             0.20967         0.000976242
                   9             0.21411            0.210164         0.000984547
                  10            0.210353            0.210183         0.000886275
                  11            0.209826             0.21015         0.000806298
                  12            0.212266            0.210326         0.000758135
                  13             0.21835            0.210944         0.000917262
                  14            0.211195            0.210962         0.000851919
                  15              0.2165            0.211331          0.00087146
                  16            0.209976            0.211246         0.000821097
                  17            0.208748            0.211099         0.000785838
                  18            0.210436            0.211062         0.000743044
                  19             0.20982            0.210997         0.000706806
                  20            0.209976            0.210946         0.000673308
