                   1              2.6265              2.6265                   0
                   2             2.68001             2.65325           0.0189178
                   3             2.72536             2.67729           0.0233279
                   4             2.75054              2.6956            0.023615
                   5             2.72909              2.7023           0.0198188
                   6             2.70622             2.70295           0.0165264
                   7             2.63636             2.69344           0.0166802
                   8             2.71464             2.69609           0.0148042
                   9             2.76407             2.70364           0.0149628
                  10              2.7217             2.70545           0.0135751
                  11             2.69629             2.70462           0.0123665
                  12             2.75051             2.70844           0.0119127
                  13             2.77848             2.71383           0.0121536
                  14             2.79759             2.71981           0.0126729
                  15             2.75352             2.72206           0.0120257
                  16             2.76949             2.72502           0.0116338
                  17             2.76976             2.72765           0.0112431
                  18             2.71759              2.7271           0.0106324
                  19             2.71294             2.72635           0.0100988
                  20             2.75695             2.72788          0.00970912
