                   1            0.010322            0.010322                   0
                   2             0.02435            0.017336          0.00495965
                   3            0.005504            0.013392          0.00461547
                   4            0.017836            0.014503          0.00359283
                   5            0.007888             0.01318          0.00310832
                   6            -0.01125          0.00910833          0.00453044
                   7            0.003196          0.00826371          0.00396118
                   8            -0.02838          0.00368325          0.00551103
                   9            0.024484          0.00599444          0.00536147
                  10            0.013648           0.0067598          0.00487964
                  11            0.003364          0.00645109          0.00444579
                  12            0.016084          0.00725383          0.00414715
                  13            0.013036          0.00769862          0.00385192
                  14           -0.026606          0.00524829          0.00428586
                  15            0.008898           0.0054916          0.00400704
                  16            0.000376          0.00517188          0.00376933
                  17           -0.031108          0.00303776          0.00410756
                  18            0.007084          0.00326256          0.00388551
                  19            0.016762          0.00397305           0.0037454
                  20            0.026572            0.005103          0.00372468
