                   1             0.78747             0.78747                   0
                   2            0.795628            0.791549          0.00288429
                   3            0.767274            0.783457          0.00688095
                   4             0.77669            0.781766          0.00536467
                   5             0.81331            0.788074          0.00708948
                   6             0.89093            0.805217            0.016727
                   7             0.84996            0.811609           0.0155107
                   8            0.816998            0.812283           0.0135865
                   9            0.868814            0.818564           0.0134507
                  10            0.834884            0.820196           0.0122043
                  11             0.80667            0.818966           0.0111565
                  12            0.769374            0.814834           0.0109656
                  13            0.918454            0.822804           0.0126926
                  14             0.86218            0.825617           0.0120936
                  15            0.807154            0.824386           0.0113498
                  16            0.776208            0.821375           0.0110327
                  17            0.905926            0.826348             0.01145
                  18            0.899352            0.830404           0.0115098
                  19            0.757162            0.826549           0.0115315
                  20              0.8895            0.829697           0.0113764
