                   1             2.42322             2.42322                   0
                   2             2.30342             2.36332           0.0423562
                   3             2.45572             2.39412           0.0378131
                   4             2.38325              2.3914           0.0284573
                   5             2.38024             2.38917           0.0228532
                   6             2.40749             2.39222           0.0192473
                   7             2.41361             2.39528           0.0167384
                   8             2.37969             2.39333           0.0147591
                   9             2.50898             2.40618           0.0178574
                  10             2.46619             2.41218           0.0170502
                  11             2.39483              2.4106            0.015573
                  12             2.47893              2.4163           0.0152807
                  13             2.34068             2.41048            0.015172
                  14             2.42574             2.41157           0.0141274
                  15             2.42421             2.41241           0.0132107
                  16             2.48549             2.41698           0.0131509
                  17             2.46255             2.41966           0.0126476
                  18             2.39149              2.4181           0.0120414
                  19             2.36182             2.41514           0.0117663
                  20             2.51687             2.42022           0.0122282
