                   1            0.283934            0.283934                   0
                   2            0.281919            0.282926          0.00071248
                   3            0.281711            0.282521         0.000578842
                   4            0.282819            0.282595         0.000438887
                   5            0.282537            0.282584         0.000351264
                   6            0.284928            0.282974         0.000461368
                   7            0.283446            0.283042         0.000400351
                   8            0.279015            0.282538         0.000586838
                   9            0.294104            0.283823          0.00131907
                  10              0.2884            0.284281          0.00126408
                  11            0.287887            0.284609           0.0011909
                  12            0.293968            0.285389          0.00132262
                  13            0.290721            0.285799          0.00128291
                  14            0.284786            0.285727          0.00119331
                  15            0.287696            0.285858          0.00112096
                  16            0.286885            0.285922          0.00105273
                  17            0.290887            0.286214          0.00103053
                  18            0.279638            0.285849          0.00103602
                  19            0.282234            0.285659         0.000998811
                  20            0.284183            0.285585         0.000951591
