                   1             67.9648             67.9648                   0
                   2             61.3925             64.6787             2.32365
                   3             65.8411             65.0661             1.58107
                   4             65.4442             65.1607             1.18863
                   5             68.5291             65.8343             1.12574
                   6             72.1408             66.8854             1.34191
                   7             61.2431             66.0794             1.37108
                   8             74.7307             67.1608             1.56925
                   9              60.439             66.4139             1.56254
                  10             67.9225             66.5648             1.41355
                  11               71.12             66.9789             1.34434
                  12             70.6342             67.2835             1.26635
                  13             65.7494             67.1655             1.17443
                  14             73.9296             67.6486             1.18576
                  15             64.5385             67.4413              1.1247
                  16             69.2133              67.552             1.05984
                  17             66.6295             67.4978            0.998885
                  18              70.067             67.6405            0.953535
                  19             68.8234             67.7028             0.90538
                  20             71.1209             67.8737            0.876093
