                   1            0.214622            0.214622                   0
                   2            0.207199            0.210911          0.00262415
                   3             0.21103             0.21095          0.00174974
                   4            0.210454            0.210826          0.00131669
                   5            0.213988            0.211459          0.00119562
                   6            0.210353            0.211274          0.00101045
                   7             0.20849            0.210877         0.000941135
                   8            0.206845            0.210373         0.000948886
                   9             0.21051            0.210388         0.000843576
                  10            0.208557            0.210205         0.000778824
                  11            0.210971            0.210275         0.000711133
                  12            0.209452            0.210206         0.000655165
                  13            0.207908            0.210029         0.000628165
                  14            0.208445            0.209916         0.000593403
                  15            0.211814            0.210043         0.000567173
                  16            0.210717            0.210085          0.00053329
                  17            0.213115            0.210263         0.000530877
                  18            0.209956            0.210246         0.000501658
                  19            0.214238            0.210456         0.000517389
                  20            0.213087            0.210588         0.000507961
