                   1             6.28987             6.28987                   0
                   2             6.32311             6.30649           0.0117512
                   3             5.76959             6.12752            0.146337
                   4             5.78684             6.04235            0.132235
                   5             5.90947             6.01578            0.108426
                   6             5.89388             5.99546           0.0922387
                   7             6.43783             6.05866           0.0983559
                   8             5.64787             6.00731           0.0985576
                   9             5.81518             5.98596            0.089889
                  10             5.72386             5.95975            0.084635
                  11             5.76838             5.94235           0.0787087
                  12             6.22974              5.9663           0.0757055
                  13             5.88884             5.96034           0.0701161
                  14             6.23884             5.98024           0.0678712
                  15              6.4106             6.00893           0.0691452
                  16              6.1825             6.01978           0.0656691
                  17             6.13264             6.02641           0.0621409
                  18             6.34834              6.0443           0.0612082
                  19             6.00535             6.04225            0.058021
                  20             6.50825             6.06555           0.0596152
