                   1            0.667548            0.667548                   0
                   2            0.726932             0.69724           0.0209954
                   3             0.56716             0.65388           0.0380698
                   4            0.528932            0.622643           0.0393325
                   5            0.610286            0.620172           0.0315436
                   6            0.624956            0.620969           0.0262964
                   7            0.654702            0.625788           0.0229771
                   8            0.716168            0.637085           0.0227132
                   9            0.690092            0.642975           0.0209392
                  10            0.635822             0.64226           0.0188575
                  11            0.555592            0.634381           0.0187169
                  12            0.712574            0.640897           0.0182562
                  13            0.746934            0.649054           0.0185849
                  14            0.538776            0.641177           0.0188529
                  15            0.526626             0.63354           0.0190802
                  16              0.5602            0.628956             0.01843
                  17            0.636252            0.629385           0.0173509
                  18            0.610866            0.628357           0.0164175
                  19            0.640318            0.628986           0.0155654
                  20            0.645326            0.629803           0.0148086
