                   1             1.93543             1.93543                   0
                   2              1.8932             1.91431           0.0149286
                   3             1.88634             1.90499           0.0125309
                   4             1.85531             1.89257           0.0142834
                   5             1.84195             1.88244             0.01458
                   6             1.90056             1.88546           0.0124588
                   7             1.86073             1.88193           0.0111689
                   8             1.86369             1.87965           0.0100029
                   9             1.85905             1.87736          0.00914952
                  10             1.88857             1.87848          0.00830294
                  11             1.88358             1.87895          0.00756104
                  12             1.86364             1.87767          0.00703766
                  13             1.81205             1.87262          0.00810704
                  14             1.84507             1.87065          0.00776324
                  15             1.93165             1.87472          0.00824211
                  16             1.90904             1.87687           0.0080012
                  17             1.94242             1.88072          0.00840865
                  18             1.86376             1.87978          0.00799414
                  19             1.86659             1.87909          0.00760348
                  20             1.84286             1.87727          0.00743588
