                   1             0.25231             0.25231                   0
                   2            0.248139            0.250224          0.00147449
                   3            0.243153            0.247867          0.00216117
                   4            0.244984            0.247146          0.00173695
                   5            0.246928            0.247103          0.00139011
                   6            0.239766             0.24588           0.0016087
                   7            0.245997            0.245897          0.00137898
                   8            0.248829            0.246263          0.00125438
                   9            0.248784            0.246543          0.00114585
                  10            0.249398            0.246829          0.00106623
                  11            0.248052             0.24694         0.000975083
                  12            0.249019            0.247113         0.000909095
                  13            0.246873            0.247095         0.000839353
                  14            0.244304            0.246895         0.000802719
                  15            0.246468            0.246867         0.000749711
                  16            0.247223            0.246889         0.000703184
                  17            0.249068            0.247017         0.000673401
                  18            0.248541            0.247102         0.000641285
                  19            0.245631            0.247025         0.000612188
                  20             0.25021            0.247184         0.000601935
