                   1           -0.000394           -0.000394                   0
                   2            0.006584            0.003095           0.0024671
                   3            0.004776          0.00365533          0.00170718
                   4           -0.002806             0.00204          0.00189641
                   5           -0.003232           0.0009856          0.00178636
                   6            0.003394            0.001387          0.00153307
                   7            0.001216          0.00136257          0.00131425
                   8           -0.008588          0.00011875          0.00163589
                   9            0.001698         0.000294222          0.00146351
                  10           -0.001956            6.92e-05          0.00133434
                  11             0.00418         0.000442909          0.00126429
                  12            -0.00392         7.93333e-05          0.00121008
                  13           -0.000132         6.30769e-05          0.00111711
                  14            0.006968         0.000556286          0.00114101
                  15           -0.003712         0.000271733          0.00109985
                  16             0.00562            0.000606          0.00108071
                  17            -0.00434         0.000315059          0.00105558
                  18            0.002346         0.000427889          0.00100294
                  19             0.00011         0.000411158         0.000950298
                  20             0.00428           0.0006046         0.000922261
