                   1            0.449221            0.449221                   0
                   2             0.42116             0.43519          0.00992107
                   3             0.43855             0.43631          0.00667695
                   4            0.419997            0.432232          0.00612792
                   5            0.423957            0.430577          0.00512093
                   6            0.438994             0.43198          0.00445545
                   7            0.447868            0.434249          0.00435892
                   8             0.45343            0.436647          0.00442459
                   9            0.426349            0.435503          0.00407823
                  10            0.448598            0.436812          0.00387495
                  11            0.428791            0.436083          0.00359064
                  12             0.43981            0.436394          0.00330482
                  13            0.434796            0.436271          0.00305288
                  14            0.429625            0.435796          0.00287149
                  15            0.421742            0.434859          0.00282878
                  16            0.424651            0.434221          0.00272299
                  17            0.438856            0.434494          0.00257642
                  18            0.443322            0.434984          0.00247953
                  19            0.418437            0.434113           0.0024973
                  20            0.446516            0.434733          0.00244822
