                   1           -0.800076           -0.800076                   0
                   2            -0.80118           -0.800628         0.000390323
                   3            -0.80214           -0.801132         0.000486884
                   4           -0.799588           -0.800746         0.000495067
                   5           -0.801556           -0.800908         0.000421727
                   6           -0.798696           -0.800539         0.000486592
                   7           -0.800108           -0.800478         0.000420962
                   8           -0.798848           -0.800274         0.000414714
                   9           -0.798904           -0.800122         0.000395587
                  10           -0.800276           -0.800137         0.000356328
                  11           -0.793924           -0.799572         0.000628467
                  12           -0.803052           -0.799862           0.0006395
                  13           -0.800428           -0.799906         0.000591786
                  14           -0.804672           -0.800246         0.000639991
                  15            -0.80116           -0.800307         0.000600217
                  16           -0.802976           -0.800474         0.000585421
                  17           -0.803224           -0.800636         0.000572899
                  18           -0.803064           -0.800771         0.000556727
                  19             -0.7987           -0.800662         0.000537987
                  20           -0.804308           -0.800844         0.000541099
