                   1            0.022104            0.022104                   0
                   2            0.041798            0.031951          0.00696288
                   3            -0.03194            0.010654           0.0179978
                   4            0.016142            0.012026           0.0135506
                   5             0.01948           0.0135168           0.0109222
                   6            0.011376             0.01316          0.00910762
                   7            0.028552           0.0153589          0.00806761
                   8            -0.01012            0.012174          0.00766205
                   9           -0.002914           0.0104976          0.00699171
                  10            0.041912            0.013639           0.0069626
                  11            0.008308           0.0131544          0.00634648
                  12            0.001028           0.0121438          0.00589751
                  13           -0.009622           0.0104695          0.00567655
                  14           -0.021394          0.00819357          0.00570915
                  15           -0.003238          0.00743147          0.00537916
                  16            -0.01947          0.00575013          0.00529922
                  17           -0.012238            0.004692          0.00509204
                  18           -0.001684          0.00433778          0.00482146
                  19            0.003416          0.00428926          0.00456794
                  20            0.048014           0.0064755          0.00483449
