                   1            0.342309            0.342309                   0
                   2            0.338472             0.34039          0.00135671
                   3            0.335132            0.338638          0.00169292
                   4            0.330737            0.336662          0.00213036
                   5            0.328532            0.335036          0.00224048
                   6            0.338072            0.335542          0.00192335
                   7             0.33592            0.335596          0.00164934
                   8            0.330767            0.334993          0.00154972
                   9            0.338475             0.33538          0.00142503
                  10            0.335789             0.33542          0.00128311
                  11            0.335674            0.335444          0.00116667
                  12            0.335185            0.335422          0.00106965
                  13            0.339497            0.335736          0.00103228
                  14            0.333235            0.335557         0.000973884
                  15            0.332221            0.335334         0.000934006
                  16            0.337349             0.33546          0.00088408
                  17            0.334583            0.335409         0.000833581
                  18            0.335978             0.33544         0.000787871
                  19            0.332776              0.3353         0.000758784
                  20            0.334484            0.335259         0.000721941
