                   1            0.002424            0.002424                   0
                   2            0.000562            0.001493         0.000658316
                   3            0.004032          0.00233933         0.000818617
                   4           -0.008532          -0.0003785          0.00243247
                   5            0.007504            0.001198          0.00240315
                   6            0.000926          0.00115267          0.00200305
                   7           -0.013612        -0.000956571          0.00260021
                   8           -0.006726         -0.00167775          0.00237308
                   9           -0.005118            -0.00206          0.00213997
                  10           -0.010882          -0.0029422          0.00209996
                  11            0.000346         -0.00264327          0.00193021
                  12           -0.012932         -0.00350067          0.00195051
                  13             0.00537         -0.00281831          0.00191612
                  14            0.001972         -0.00247614          0.00180954
                  15           -0.007794         -0.00283067          0.00172329
                  16            0.003186         -0.00245463           0.0016561
                  17           -0.003046         -0.00248941          0.00155905
                  18           -0.007932         -0.00279178          0.00150147
                  19            0.000444         -0.00262147          0.00143207
                  20            0.000214          -0.0024797          0.00136747
