                   1           -0.637496           -0.637496                   0
                   2           -0.638892           -0.638194         0.000493561
                   3           -0.635804           -0.637397         0.000728962
                   4            -0.63796           -0.637538         0.000560129
                   5            -0.63538           -0.637106         0.000591456
                   6            -0.63608           -0.636935         0.000517027
                   7           -0.634344           -0.636565         0.000560232
                   8           -0.636348           -0.636538          0.00049086
                   9           -0.636828            -0.63657         0.000437376
                  10           -0.634388           -0.636352         0.000444759
                  11            -0.63728           -0.636436          0.00041225
                  12           -0.635504           -0.636359         0.000385148
                  13            -0.63668           -0.636383         0.000356313
                  14           -0.636212           -0.636371         0.000331073
                  15           -0.639464           -0.636577         0.000367644
                  16           -0.638624           -0.636705         0.000366244
                  17           -0.636912           -0.636717         0.000344902
                  18           -0.634588           -0.636599         0.000345434
                  19           -0.637916           -0.636668         0.000334134
                  20           -0.636392           -0.636655         0.000317713
