                   1            -1.01945            -1.01945                   0
                   2               -1.02            -1.01973         0.000193535
                   3               -1.02            -1.01982         0.000148983
                   4               -1.02            -1.01986         0.000118516
                   5               -1.02            -1.01989         9.79219e-05
                   6               -1.02            -1.01991         8.32843e-05
                   7               -1.02            -1.01992         7.23991e-05
                   8               -1.02            -1.01993         6.40057e-05
                   9               -1.02            -1.01994         5.73437e-05
                  10               -1.02            -1.01995         5.19309e-05
                  11               -1.02            -1.01995         4.74478e-05
                  12               -1.02            -1.01995         4.36746e-05
                  13               -1.02            -1.01996         4.04558e-05
                  14               -1.02            -1.01996         3.76777e-05
                  15               -1.02            -1.01996         3.52559e-05
                  16               -1.02            -1.01997         3.31261e-05
                  17               -1.02            -1.01997         3.12386e-05
                  18               -1.02            -1.01997         2.95543e-05
                  19               -1.02            -1.01997         2.80421e-05
                  20               -1.02            -1.01997          2.6677e-05
