                   1             8.25241             8.25241                   0
                   2             7.91571             8.08406            0.119042
                   3              7.4724             7.88017            0.184423
                   4             7.08051             7.68026              0.2216
                   5             7.17492             7.57919            0.198997
                   6             7.65954             7.59258            0.166281
                   7             8.21215             7.68109            0.164404
                   8             6.68641             7.55675            0.184988
                   9             7.50497               7.551            0.164523
                  10             7.40596              7.5365            0.148709
                  11             7.22594             7.50826            0.137844
                  12             7.61212             7.51692            0.126628
                  13             7.33161             7.50266            0.117687
                  14             7.77552             7.52215            0.110883
                  15             7.90052             7.54738            0.106321
                  16             7.81959             7.56439            0.101028
                  17             7.88479             7.58324           0.0968274
                  18             8.34387              7.6255            0.100246
                  19             7.47383             7.61751            0.095287
                  20             8.26387             7.64983           0.0958467
