                   1             0.43039             0.43039                   0
                   2            0.421478            0.425934          0.00315064
                   3             0.43112            0.427663          0.00253065
                   4            0.409186            0.423043          0.00442774
                   5            0.413032            0.421041          0.00396919
                   6            0.433454             0.42311          0.00380886
                   7            0.438469            0.425304          0.00384516
                   8            0.424392             0.42519           0.0033662
                   9            0.405675            0.423022          0.00362387
                  10            0.425578            0.423278          0.00327048
                  11            0.413872            0.422422          0.00308292
                  12            0.435353              0.4235          0.00300842
                  13            0.415158            0.422858          0.00284462
                  14            0.429335            0.423321          0.00267879
                  15            0.406663             0.42221          0.00272066
                  16            0.421252             0.42215          0.00255128
                  17            0.424939            0.422315          0.00240648
                  18            0.436018            0.423076          0.00239017
                  19            0.406402            0.422198          0.00242013
                  20            0.439253            0.423051          0.00244474
