                   1             27.5661             27.5661                   0
                   2             29.7346             28.6503            0.766655
                   3             25.0464              27.449             1.10603
                   4             24.6554             26.7506             1.02662
                   5             26.8319             26.7669            0.821427
                   6             26.2566             26.6818            0.688912
                   7              29.111             27.0289            0.672239
                   8             30.1756             27.4222            0.693807
                   9             25.0225             27.1556            0.665983
                  10             27.8388             27.2239            0.602879
                  11             25.0414             27.0255            0.579801
                  12             26.4456             26.9772            0.533494
                  13             29.3485             27.1596            0.522711
                  14             26.2591             27.0952            0.489316
                  15              27.228             27.1041            0.456775
                  16             22.4298             26.8119            0.513217
                  17             30.9924             27.0579             0.53873
                  18             29.6051             27.1994            0.527059
                  19             25.5592              27.113            0.506338
                  20             30.3543             27.2751            0.506293
