                   1           -0.897276           -0.897276                   0
                   2           -0.906144            -0.90171          0.00313514
                   3           -0.892699           -0.898706          0.00322226
                   4           -0.893711           -0.897458          0.00264767
                   5            -0.90007            -0.89798          0.00216907
                   6           -0.896649           -0.897758          0.00181887
                   7           -0.901326           -0.898268          0.00162888
                   8           -0.904237           -0.899014          0.00158697
                   9            -0.89351           -0.898402          0.00152395
                  10           -0.897048           -0.898267          0.00137755
                  11           -0.892681           -0.897759          0.00134266
                  12           -0.896299           -0.897637          0.00123627
                  13           -0.901192           -0.897911          0.00117102
                  14           -0.895584           -0.897745          0.00109911
                  15           -0.898387           -0.897787          0.00102667
                  16           -0.886407           -0.897076          0.00118353
                  17           -0.904004           -0.897484          0.00118199
                  18           -0.902867           -0.897783          0.00115354
                  19           -0.895829            -0.89768           0.0010974
                  20           -0.906604           -0.898126          0.00112961
