                   1            0.544549            0.544549                   0
                   2            0.512599            0.528574           0.0112959
                   3            0.524563            0.527237           0.0076093
                   4            0.495379            0.519273          0.00895233
                   5            0.489628            0.513344          0.00891147
                   6            0.495606            0.510387          0.00790138
                   7            0.508098             0.51006          0.00677937
                   8             0.52376            0.511773          0.00614441
                   9            0.516574            0.512306          0.00548481
                  10            0.548692            0.515945          0.00602352
                  11            0.535912             0.51776          0.00574293
                  12            0.540534            0.519658           0.0055691
                  13            0.518501            0.519569          0.00514142
                  14            0.525403            0.519986          0.00479104
                  15            0.529383            0.520612          0.00451241
                  16            0.464194            0.517086          0.00543622
                  17            0.535993            0.518198          0.00522897
                  18            0.527957             0.51874           0.0049665
                  19            0.518344            0.518719          0.00470515
                  20            0.527036            0.519135          0.00448823
