                   1            0.511746            0.511746                   0
                   2            0.485834             0.49879          0.00916106
                   3            0.519944            0.505842          0.00839335
                   4            0.470549            0.497018          0.00990007
                   5            0.468247            0.491264          0.00944546
                   6            0.474248            0.488428          0.00828605
                   7            0.502777            0.490478           0.0073515
                   8            0.491882            0.490653          0.00643466
                   9            0.476804            0.489115          0.00590082
                  10            0.491653            0.489369           0.0053162
                  11            0.480162            0.488532          0.00489835
                  12            0.478598            0.487704          0.00455957
                  13            0.471934            0.486491          0.00436723
                  14            0.508026            0.488029          0.00431768
                  15            0.482541            0.487663          0.00404531
                  16            0.450109            0.485316          0.00442128
                  17             0.47915            0.484953          0.00417605
                  18            0.501655            0.485881          0.00404582
                  19            0.468722            0.484978          0.00393239
                  20            0.508367            0.486147          0.00390579
