                   1           -0.850535           -0.850535                   0
                   2           -0.854835           -0.852685          0.00152031
                   3           -0.844703           -0.850024          0.00239742
                   4            -0.84626           -0.849083          0.00197417
                   5            -0.84758           -0.848783          0.00160206
                   6           -0.845778           -0.848282          0.00141117
                   7           -0.849232           -0.848418          0.00121609
                   8           -0.846035            -0.84812          0.00109993
                   9            -0.84367           -0.847625          0.00108316
                  10           -0.849674            -0.84783         0.000994021
                  11           -0.846671           -0.847725         0.000909228
                  12           -0.846402           -0.847615         0.000840118
                  13           -0.848566           -0.847688         0.000778673
                  14           -0.850242            -0.84787         0.000744121
                  15           -0.847306           -0.847833         0.000695463
                  16           -0.845813           -0.847706         0.000663351
                  17           -0.846071            -0.84761         0.000631269
                  18           -0.850257           -0.847757         0.000613087
                  19            -0.84283           -0.847498         0.000633289
                  20           -0.852391           -0.847743         0.000647153
