                   1             1.74852             1.74852                   0
                   2             1.69731             1.72292           0.0181043
                   3             1.77682             1.74089           0.0189982
                   4             1.75788             1.74514           0.0147161
                   5             1.73186             1.74248           0.0120099
                   6              1.7524             1.74413           0.0101215
                   7              1.7245             1.74133          0.00905586
                   8             1.69664             1.73574           0.0094918
                   9             1.72921             1.73502          0.00846486
                  10             1.75098             1.73661          0.00776735
                  11             1.69133              1.7325          0.00807894
                  12             1.76557             1.73525          0.00786168
                  13             1.74287             1.73584          0.00727876
                  14             1.69786             1.73313          0.00724672
                  15             1.73529             1.73327          0.00676504
                  16             1.76804             1.73544          0.00668223
                  17             1.74281             1.73588          0.00630318
                  18             1.70921              1.7344          0.00612465
                  19             1.76284             1.73589          0.00598245
                  20             1.77916             1.73806          0.00606188
