                   1             2.37268             2.37268                   0
                   2             2.21736             2.29502           0.0549147
                   3             2.38295             2.32433           0.0437372
                   4             2.29775             2.31768           0.0333037
                   5             2.30751             2.31565            0.026705
                   6             2.33227             2.31842           0.0223973
                   7             2.33914             2.32138           0.0193924
                   8             2.29244             2.31776           0.0173024
                   9             2.43792             2.33111            0.019874
                  10             2.38877             2.33688           0.0187042
                  11             2.29818             2.33336           0.0173315
                  12             2.39175             2.33823           0.0165561
                  13             2.27725             2.33354           0.0159332
                  14             2.34162             2.33411           0.0148055
                  15             2.33221             2.33399           0.0138191
                  16             2.41709             2.33918           0.0138972
                  17             2.38833             2.34207           0.0133771
                  18             2.31593             2.34062           0.0127125
                  19             2.28897              2.3379           0.0123307
                  20             2.44012             2.34301           0.0127293
