                   1            0.081626            0.081626                   0
                   2            0.097618            0.089622          0.00565403
                   3             0.07798           0.0857413           0.0049242
                   4            0.082076            0.084825          0.00377745
                   5            0.070722           0.0820044           0.0039366
                   6            0.090354            0.083396          0.00351788
                   7            0.083856           0.0834617          0.00301594
                   8            0.077452           0.0827105           0.0027309
                   9            0.085582           0.0830296          0.00244604
                  10            0.071342           0.0818608          0.00246489
                  11            0.067918           0.0805933          0.00254594
                  12             0.07515           0.0801397          0.00237384
                  13            0.080418           0.0801611          0.00219134
                  14             0.07417           0.0797331          0.00207618
                  15            0.087442           0.0802471          0.00200036
                  16            0.085526            0.080577          0.00190235
                  17            0.093146           0.0813164          0.00192878
                  18            0.078338           0.0811509          0.00182871
                  19             0.07764           0.0809661          0.00174177
                  20              0.0886           0.0813478          0.00169599
