                   1             4.03724             4.03724                   0
                   2             4.32112             4.17918            0.100364
                   3             4.14858             4.16898           0.0674255
                   4              4.2262             4.18329           0.0520645
                   5             4.06789             4.16021           0.0464865
                   6             4.36741             4.19474           0.0499449
                   7             4.01721             4.16938           0.0488263
                   8             3.98353             4.14615           0.0479319
                   9             4.25787             4.15856           0.0441844
                  10             4.04507             4.14721           0.0411977
                  11             3.96921             4.13103            0.040506
                  12             4.14739             4.13239           0.0371534
                  13              4.2379             4.14051           0.0351708
                  14             4.29668             4.15166            0.034382
                  15             4.24449             4.15785            0.032642
                  16             4.20258             4.16065           0.0307214
                  17              4.3573             4.17222           0.0310157
                  18             4.33664             4.18135           0.0306082
                  19             4.15425             4.17992           0.0290304
                  20             4.18751              4.1803           0.0275814
