                   1            -0.57572            -0.57572                   0
                   2           -0.575976           -0.575848         9.05097e-05
                   3           -0.575616           -0.575771         8.73376e-05
                   4           -0.574412           -0.575431         0.000301365
                   5           -0.573712           -0.575087         0.000390748
                   6           -0.572608           -0.574674         0.000498306
                   7           -0.575608           -0.574807         0.000444625
                   8           -0.574008           -0.574708         0.000400118
                   9           -0.572812           -0.574497         0.000407337
                  10           -0.571232            -0.57417          0.00047993
                  11            -0.57404           -0.574159         0.000436447
                  12            -0.57114           -0.573907         0.000466972
                  13           -0.575216           -0.574008         0.000441774
                  14            -0.57468           -0.574056         0.000412821
                  15           -0.575528           -0.574154         0.000396796
                  16           -0.576204           -0.574282         0.000392139
                  17           -0.575992           -0.574383         0.000381755
                  18           -0.574132           -0.574369         0.000360801
                  19            -0.57454           -0.574378         0.000341924
                  20           -0.573752           -0.574346         0.000326256
