                   1             2.41467             2.41467                   0
                   2             2.31965             2.36716           0.0335936
                   3             2.46105             2.39846           0.0339783
                   4             2.35577             2.38779           0.0271082
                   5             2.39593             2.38942           0.0217355
                   6             2.36777             2.38581           0.0184099
                   7             2.41284             2.38967             0.01618
                   8             2.40834               2.392           0.0143248
                   9             2.43341              2.3966           0.0134517
                  10             2.46772             2.40372           0.0138596
                  11             2.37521             2.40112           0.0128397
                  12             2.44199             2.40453           0.0122129
                  13             2.35911             2.40104           0.0117625
                  14             2.47461             2.40629           0.0120392
                  15             2.44231             2.40869           0.0114736
                  16             2.48073              2.4132           0.0116063
                  17             2.46694             2.41636            0.011346
                  18             2.42966              2.4171           0.0107397
                  19             2.37633             2.41495           0.0103865
                  20             2.45742             2.41707           0.0100819
