                   1            0.288073            0.288073                   0
                   2            0.282018            0.285046          0.00214055
                   3            0.287429             0.28584          0.00156749
                   4            0.284182            0.285425          0.00122921
                   5            0.287987            0.285938          0.00108491
                   6            0.288032            0.286287         0.000958585
                   7            0.284504            0.286032         0.000854819
                   8            0.284916            0.285893          0.00075926
                   9            0.295537            0.286964          0.00121503
                  10             0.28774            0.287042            0.001096
                  11            0.288387            0.287164          0.00100316
                  12            0.298352            0.288096          0.00128154
                  13            0.292724            0.288452          0.00123141
                  14            0.287318            0.288371          0.00114611
                  15            0.286994             0.28828          0.00107337
                  16            0.290675            0.288429          0.00101667
                  17            0.291804            0.288628         0.000976053
                  18            0.282937            0.288312          0.00097168
                  19            0.282147            0.287987           0.0009732
                  20            0.286215            0.287899         0.000928566
