                   1              6.8808              6.8808                   0
                   2             7.28524             7.08302            0.142991
                   3             7.12545             7.09716           0.0960245
                   4             6.92615             7.05441           0.0809788
                   5             7.25328             7.09418           0.0739086
                   6             7.05788             7.08813           0.0618377
                   7             7.02283              7.0788           0.0537029
                   8             7.28439              7.1045           0.0527817
                   9             7.09945             7.10394             0.04692
                  10              7.0691             7.10046           0.0423572
                  11             7.27238             7.11609           0.0412895
                  12             7.27404             7.12925           0.0398916
                  13             6.85239             7.10795            0.042126
                  14              7.3891             7.12803            0.043642
                  15             6.68993             7.09883            0.049551
                  16             7.10965              7.0995           0.0464587
                  17             7.17976             7.10422           0.0439651
                  18             6.96773             7.09664           0.0421714
                  19             7.27952             7.10627           0.0410356
                  20             7.60822             7.13136           0.0460233
