                   1           0.0636862           0.0636862                   0
                   2           0.0012495           0.0324679           0.0220747
                   3          0.00109337           0.0220097           0.0170144
                   4          0.00436887           0.0175995           0.0133201
                   5                   0           0.0140796           0.0111114
                   6          0.00561487           0.0126688          0.00934867
                   7          0.00343372           0.0113495           0.0081057
                   8         0.000624875           0.0100089          0.00720249
                   9           0.0147732           0.0105383          0.00642164
                  10           0.0375074           0.0132352          0.00632047
                  11            0.104384           0.0215215          0.00976908
                  12         0.000937219           0.0198061          0.00910435
                  13         0.000937219           0.0183546          0.00851892
                  14          0.00483624            0.017389          0.00796497
                  15          0.00140562           0.0163235          0.00750491
                  16         0.000156242            0.015313          0.00710355
                  17          0.00187388           0.0145225          0.00672954
                  18          0.00312187           0.0138891          0.00638541
                  19                   0           0.0131581          0.00609103
                  20         0.000156242            0.012508          0.00582107
