                   1            0.461553            0.461553                   0
                   2            0.423266             0.44241           0.0135367
                   3            0.449628            0.444816          0.00923581
                   4            0.410491            0.436234           0.0101591
                   5            0.425913             0.43417          0.00833439
                   6            0.425867            0.432786          0.00705929
                   7            0.451842            0.435509          0.00655473
                   8            0.438178            0.435842          0.00574388
                   9            0.423371            0.434456          0.00527018
                  10            0.434558            0.434467          0.00474317
                  11            0.453604            0.436206          0.00462003
                  12            0.441984            0.436688          0.00426004
                  13            0.443392            0.437204          0.00396343
                  14            0.439207            0.437347          0.00368291
                  15            0.422951            0.436387          0.00356024
                  16            0.424042            0.435615          0.00342031
                  17            0.441798            0.435979          0.00323839
                  18            0.437687            0.436074          0.00305987
                  19            0.426419            0.435566          0.00294071
                  20            0.460401            0.436808          0.00304458
