                   1           -0.826412           -0.826412                   0
                   2           -0.828028            -0.82722         0.000571342
                   3            -0.82798           -0.827473         0.000433435
                   4            -0.82494            -0.82684          0.00063758
                   5           -0.827512           -0.826974         0.000524038
                   6           -0.825932           -0.826801         0.000464605
                   7           -0.826536           -0.826763         0.000399769
                   8           -0.825232           -0.826571         0.000392936
                   9           -0.826084           -0.826517          0.00035299
                  10           -0.828504           -0.826716          0.00036939
                  11            -0.82538           -0.826595         0.000355216
                  12           -0.831188           -0.826977         0.000490246
                  13           -0.827748           -0.827037         0.000456105
                  14           -0.829584           -0.827219         0.000458385
                  15           -0.826744           -0.827187         0.000428917
                  16           -0.829664           -0.827342         0.000429141
                  17           -0.828296           -0.827398         0.000407552
                  18           -0.832188           -0.827664         0.000463724
                  19           -0.824996           -0.827524         0.000460087
                  20           -0.830984           -0.827697         0.000468488
