                   1            0.384842            0.384842                   0
                   2            0.365413            0.375128          0.00686905
                   3             0.38954            0.379932           0.0060296
                   4            0.400716            0.385128          0.00637964
                   5            0.351721            0.378446          0.00785882
                   6            0.365005            0.376206          0.00686089
                   7            0.394505             0.37882          0.00635929
                   8             0.32606            0.372225          0.00830781
                   9            0.354005            0.370201          0.00762739
                  10            0.346409            0.367822          0.00722619
                  11            0.382957            0.369198          0.00669899
                  12            0.374139            0.369609          0.00615338
                  13              0.4169            0.373247          0.00666918
                  14            0.339356            0.370826           0.0066176
                  15            0.386022            0.371839          0.00625349
                  16            0.326349            0.368996          0.00647679
                  17            0.375429            0.369375          0.00610684
                  18            0.370783            0.369453          0.00576808
                  19             0.36274              0.3691           0.0054753
                  20            0.349908             0.36814          0.00528496
