                   1            0.152938            0.152938                   0
                   2            0.174024            0.163481          0.00745503
                   3            0.139466            0.155476          0.00821103
                   4            0.148528            0.153739          0.00633934
                   5            0.156106            0.154212          0.00508912
                   6              0.1316            0.150444          0.00546092
                   7            0.147026            0.149955          0.00470256
                   8            0.121486            0.146397          0.00529266
                   9            0.155644            0.147424          0.00480329
                  10            0.177972            0.150479          0.00520446
                  11            0.158232            0.151184          0.00477882
                  12             0.16264            0.152138          0.00447493
                  13            0.142204            0.151374          0.00419545
                  14            0.104578            0.148032          0.00505489
                  15            0.165534            0.149199           0.0048507
                  16            0.139382            0.148585          0.00458616
                  17            0.128678            0.147414          0.00446338
                  18             0.14122             0.14707          0.00422866
                  19            0.157114            0.147599          0.00403901
                  20            0.177268            0.149082          0.00410045
