                   1             275.839             275.839                   0
                   2             277.778             276.808             0.68554
                   3             277.778             277.131            0.527729
                   4             277.778             277.293            0.419806
                   5             277.778              277.39            0.346859
                   6             277.778             277.455            0.295009
                   7             277.778             277.501            0.256452
                   8             277.778             277.535            0.226721
                   9             277.778             277.562            0.203123
                  10             277.778             277.584             0.18395
                  11             277.778             277.602            0.168069
                  12             277.778             277.616            0.154704
                  13             277.778             277.629            0.143302
                  14             277.778             277.639            0.133462
                  15             277.778             277.649            0.124883
                  16             277.778             277.657            0.117339
                  17             277.778             277.664            0.110653
                  18             277.778              277.67            0.104687
                  19             277.778             277.676           0.0993307
                  20             277.778             277.681           0.0944952
