                   1            0.252334            0.252334                   0
                   2                   0            0.126167           0.0892135
                   3                   0           0.0841113           0.0686766
                   4                   0           0.0630835           0.0546319
                   5                   0           0.0504668           0.0451389
                   6                   0           0.0420556           0.0383914
                   7                   0           0.0360477           0.0333737
                   8                   0           0.0315417           0.0295046
                   9                   0           0.0280371           0.0264336
                  10                   0           0.0252334           0.0239385
                  11                   0           0.0229394           0.0218719
                  12                   0           0.0210278           0.0201326
                  13                   0           0.0194103           0.0186488
                  14                   0           0.0180238           0.0173682
                  15                   0           0.0168223           0.0162518
                  16                   0           0.0157709           0.0152701
                  17                   0           0.0148432              0.0144
                  18                   0           0.0140185           0.0136236
                  19                   0           0.0132807           0.0129265
                  20                   0           0.0126167           0.0122972
