                   1               308.2               308.2                   0
                   2               312.5              310.35             1.52041
                   3               312.5             311.067             1.17041
                   4               312.5             311.425            0.931058
                   5               312.5              311.64            0.769274
                   6               312.5             311.783            0.654281
                   7               312.5             311.886            0.568768
                   8               312.5             311.962            0.502829
                   9               312.5             312.022            0.450492
                  10               312.5              312.07            0.407969
                  11               312.5             312.109             0.37275
                  12               312.5             312.142            0.343108
                  13               312.5             312.169            0.317821
                  14               312.5             312.193            0.295996
                  15               312.5             312.213             0.27697
                  16               312.5             312.231            0.260239
                  17               312.5             312.247             0.24541
                  18               312.5             312.261            0.232179
                  19               312.5             312.274            0.220299
                  20               312.5             312.285            0.209574
