                   1             1.45568             1.45568                   0
                   2             1.50037             1.47803           0.0158007
                   3              1.4986             1.48489           0.0119299
                   4              1.4997             1.48859          0.00950493
                   5             1.51528             1.49393          0.00897881
                   6             1.50095              1.4951          0.00755825
                   7             1.46037             1.49014          0.00794134
                   8             1.52706             1.49475          0.00818059
                   9             1.47014             1.49202          0.00771521
                  10             1.49429             1.49225          0.00694704
                  11             1.52378             1.49511          0.00688176
                  12             1.46489             1.49259          0.00675344
                  13             1.55004             1.49701           0.0075425
                  14             1.51471             1.49828          0.00710888
                  15             1.48757             1.49756          0.00667068
                  16             1.47967             1.49645          0.00634685
                  17             1.48136             1.49556          0.00603521
                  18             1.45869             1.49351          0.00603743
                  19             1.51936             1.49487          0.00587095
                  20             1.49348              1.4948          0.00557782
