                   1           -0.011484           -0.011484                   0
                   2            0.008992           -0.001246          0.00723936
                   3            0.000842            -0.00055          0.00485958
                   4            0.000402           -0.000312          0.00365051
                   5            0.003918            0.000534          0.00301684
                   6             0.00128         0.000658333           0.0025166
                   7            0.005992          0.00142029           0.0022695
                   8             0.00113            0.001384          0.00198611
                   9            0.001448          0.00139111          0.00176544
                  10            0.004902           0.0017422          0.00162343
                  11            0.002094          0.00177418          0.00147616
                  12            0.003814          0.00194417           0.0013629
                  13            0.002856          0.00201431          0.00125986
                  14               0.001          0.00194186          0.00117196
                  15            0.004032           0.0020812          0.00110208
                  16            0.001886            0.002069          0.00103327
                  17           -0.001536          0.00185694         0.000994008
                  18           -0.004224          0.00151911         0.000994538
                  19             0.00436          0.00166863         0.000953367
                  20           -0.002364            0.001467         0.000926776
