                   1           -0.481228           -0.481228                   0
                   2           -0.482112            -0.48167         0.000312541
                   3           -0.480868           -0.481403          0.00030176
                   4           -0.480464           -0.481168         0.000304174
                   5           -0.480396           -0.481014         0.000279796
                   6            -0.48254           -0.481268         0.000329086
                   7           -0.482672           -0.481469         0.000337709
                   8           -0.480248           -0.481316         0.000328155
                   9           -0.479464            -0.48111         0.000350321
                  10           -0.479304            -0.48093         0.000358844
                  11           -0.479808           -0.480828           0.0003404
                  12           -0.479824           -0.480744         0.000322144
                  13           -0.481072           -0.480769          0.00029835
                  14           -0.479884           -0.480706         0.000283661
                  15           -0.481212            -0.48074         0.000266748
                  16           -0.480636           -0.480733         0.000250155
                  17           -0.480784           -0.480736         0.000235458
                  18           -0.479512           -0.480668         0.000231992
                  19           -0.480056           -0.480636         0.000222009
                  20           -0.480868           -0.480648         0.000211211
