                   1            0.328832            0.328832                   0
                   2             0.32446            0.326646          0.00154569
                   3            0.321044            0.324779          0.00184017
                   4            0.321231            0.323892          0.00157946
                   5            0.323432              0.3238          0.00126624
                   6             0.32731            0.324385          0.00118266
                   7             0.33173            0.325434          0.00140406
                   8            0.323947            0.325248           0.0012408
                   9            0.336971            0.326551          0.00165062
                  10            0.329905            0.326886          0.00151925
                  11            0.323412             0.32657          0.00141359
                  12            0.335429            0.327309            0.001476
                  13            0.331493             0.32763          0.00139712
                  14             0.32797            0.327655          0.00129754
                  15            0.325087            0.327483          0.00122227
                  16            0.325551            0.327363          0.00115183
                  17            0.334104            0.327759          0.00115031
                  18            0.317614            0.327196          0.00121669
                  19            0.318309            0.326728           0.0012393
                  20            0.327475            0.326765          0.00117789
