                   1            -0.53356            -0.53356                   0
                   2           -0.534126           -0.533843          0.00020021
                   3           -0.533225           -0.533637         0.000214761
                   4           -0.530886           -0.532949          0.00061697
                   5            -0.53144           -0.532647         0.000562587
                   6            -0.53331           -0.532758         0.000479554
                   7           -0.532888           -0.532776         0.000411408
                   8           -0.532061           -0.532687         0.000369559
                   9           -0.531574           -0.532563         0.000348582
                  10           -0.530815           -0.532388         0.000354865
                  11           -0.533285            -0.53247          0.00033184
                  12           -0.529581           -0.532229         0.000381631
                  13           -0.533238           -0.532307         0.000360077
                  14           -0.532985           -0.532355         0.000337598
                  15           -0.532618           -0.532373         0.000315546
                  16           -0.534443           -0.532502         0.000321267
                  17           -0.533999            -0.53259           0.0003142
                  18           -0.533822           -0.532659         0.000304109
                  19           -0.532841           -0.532668         0.000288254
                  20           -0.533127           -0.532691         0.000274751
