                   1            0.255675            0.255675                   0
                   2            0.253229            0.254452          0.00086478
                   3            0.251098            0.253334          0.00107974
                   4            0.250904            0.252726         0.000965676
                   5            0.253785            0.252938         0.000795399
                   6            0.247202            0.251982          0.00109594
                   7            0.253724            0.252231         0.000967219
                   8            0.253252            0.252358         0.000854703
                   9            0.257546            0.252935         0.000934066
                  10            0.250196            0.252661         0.000879894
                  11            0.254733            0.252849          0.00081981
                  12            0.252562            0.252825         0.000751841
                  13            0.254176            0.252929         0.000701149
                  14            0.253166            0.252946          0.00065127
                  15             0.25088            0.252808         0.000622244
                  16             0.25651             0.25304         0.000624892
                  17            0.255116            0.253162         0.000599951
                  18            0.252271            0.253112         0.000568658
                  19            0.251316            0.253018          0.00054653
                  20            0.254606            0.253097         0.000524939
