                   1              20.931              20.931                   0
                   2             22.1964             21.5637            0.447384
                   3             18.0757              20.401            0.995057
                   4             18.3486             19.8879            0.868566
                   5             18.5825             19.6268             0.73304
                   6             19.3896             19.5873            0.611933
                   7             20.0774             19.6573            0.528505
                   8             20.7206             19.7902            0.478861
                   9             18.1653             19.6097             0.45843
                  10             21.8798             19.8367            0.465414
                  11             17.4835             19.6228            0.469702
                  12             19.3692             19.6016            0.431036
                  13             19.3229             19.5802            0.398412
                  14             20.1358             19.6199            0.371925
                  15             19.5836             19.6174            0.347138
                  16             18.0969             19.5224              0.3382
                  17             19.6861              19.532            0.318443
                  18             20.3411              19.577            0.303907
                  19             18.0014             19.4941            0.299011
                  20             21.5514             19.5969            0.301235
