                   1              2.2422              2.2422                   0
                   2             2.11868             2.18044           0.0436707
                   3             2.24199             2.20096            0.033589
                   4             2.16063             2.19088           0.0266617
                   5             2.20117             2.19294           0.0214087
                   6             2.18533             2.19167            0.017878
                   7             2.20323             2.19332           0.0154002
                   8              2.2173             2.19632           0.0137636
                   9             2.24224             2.20142           0.0131463
                  10             2.26406             2.20768           0.0132401
                  11             2.20684             2.20761           0.0120367
                  12             2.22497             2.20905           0.0111202
                  13             2.15041             2.20454           0.0111424
                  14              2.2274             2.20618           0.0104654
                  15             2.23461             2.20807          0.00993789
                  16             2.27072             2.21199           0.0100587
                  17             2.29355             2.21678           0.0105495
                  18               2.241             2.21813           0.0100488
                  19             2.17977             2.21611          0.00972058
                  20             2.26245             2.21843          0.00950667
