                   1           -0.558232           -0.558232                   0
                   2            -0.55704           -0.557636         0.000421436
                   3           -0.557692           -0.557655          0.00028137
                   4           -0.557768           -0.557683         0.000212449
                   5            -0.55734           -0.557614         0.000180696
                   6           -0.556976           -0.557508         0.000179188
                   7            -0.55636           -0.557344         0.000215971
                   8           -0.559496           -0.557613         0.000314686
                   9           -0.558964           -0.557763         0.000313486
                  10           -0.557532            -0.55774         0.000282988
                  11           -0.554496           -0.557445         0.000381115
                  12             -0.5554           -0.557275         0.000385582
                  13           -0.554968           -0.557097         0.000394641
                  14           -0.559204           -0.557248         0.000394101
                  15           -0.558748           -0.557348         0.000380308
                  16           -0.557536            -0.55736          0.00035672
                  17            -0.55676           -0.557324         0.000337475
                  18           -0.559912           -0.557468         0.000348004
                  19           -0.557348           -0.557462         0.000329745
                  20            -0.55684           -0.557431          0.00031472
