                   1            0.267692            0.267692                   0
                   2            0.264209            0.265951          0.00123123
                   3            0.266942            0.266281         0.000864061
                   4            0.265613            0.266114         0.000664015
                   5            0.269435            0.266778         0.000796984
                   6            0.269288            0.267197          0.00076609
                   7            0.267764            0.267278         0.000660927
                   8            0.266525            0.267184         0.000584978
                   9            0.275105            0.268064         0.000979231
                  10            0.268764            0.268134         0.000883809
                  11            0.268779            0.268192         0.000805407
                  12            0.274654            0.268731         0.000900484
                  13            0.273623            0.269107         0.000906442
                  14            0.266358            0.268911           0.0008627
                  15            0.268635            0.268892         0.000805383
                  16            0.269784            0.268948         0.000756971
                  17            0.270231            0.269024         0.000716195
                  18             0.26475            0.268786         0.000714678
                  19            0.265248              0.2686         0.000700908
                  20            0.264898            0.268415         0.000689874
