                   1            0.005468            0.005468                   0
                   2            0.006932              0.0062         0.000517602
                   3            0.002444            0.004948          0.00107892
                   4            0.007372            0.005554         0.000964479
                   5           -0.005578           0.0033276          0.00213561
                   6            0.003506          0.00335733          0.00177988
                   7            0.002696          0.00326286          0.00152812
                   8             6.6e-05          0.00286325          0.00138837
                   9            0.008902          0.00353422          0.00138679
                  10             0.00413           0.0035938          0.00124939
                  11            0.004696            0.003694          0.00113982
                  12            0.011398            0.004336          0.00121223
                  13            0.001554            0.004122          0.00113771
                  14           -0.006042            0.003396          0.00126709
                  15            0.002268           0.0033208          0.00118485
                  16            0.003088          0.00330625          0.00111088
                  17            0.000948          0.00316753          0.00105416
                  18           -0.008496          0.00251956          0.00117803
                  19            0.004146          0.00260516          0.00111914
                  20            0.012756           0.0031127          0.00117263
