                   1             2.16526             2.16526                   0
                   2             2.05762             2.11144           0.0380573
                   3             2.18555             2.13614           0.0324121
                   4             2.10643             2.12872           0.0251457
                   5             2.14286             2.13155            0.020275
                   6             2.15806             2.13597           0.0173709
                   7             2.15585             2.13881           0.0151199
                   8             2.15633               2.141           0.0133875
                   9             2.18621             2.14602           0.0128081
                  10             2.19346             2.15076           0.0123747
                  11             2.13868             2.14967           0.0112984
                  12             2.15459             2.15008           0.0103643
                  13             2.09427             2.14578           0.0104182
                  14             2.13537             2.14504          0.00970056
                  15             2.16746             2.14653          0.00916827
                  16             2.19035             2.14927          0.00899496
                  17             2.23711             2.15444          0.00983851
                  18             2.18066              2.1559          0.00939916
                  19             2.11149             2.15356           0.0091905
                  20             2.19807             2.15578          0.00899638
