                   1           0.0188957           0.0188957                   0
                   2         -1.4161e-13          0.00944786          0.00668065
                   3         -1.4161e-13          0.00629857          0.00514276
                   4         -1.4161e-13          0.00472393          0.00409104
                   5         -1.4161e-13          0.00377914          0.00338017
                   6         -1.4161e-13          0.00314929          0.00287489
                   7         -1.4161e-13          0.00269939          0.00249915
                   8         -1.4161e-13          0.00236197          0.00220942
                   9         -1.4161e-13          0.00209952          0.00197945
                  10         -1.4161e-13          0.00188957          0.00179261
                  11         -1.4161e-13          0.00171779          0.00163785
                  12         -1.4161e-13          0.00157464          0.00150761
                  13         -1.4161e-13          0.00145352          0.00139649
                  14         -1.4161e-13          0.00134969           0.0013006
                  15         0.000424651          0.00128802          0.00121535
                  16         -1.4161e-13          0.00120752          0.00114206
                  17          0.00128633          0.00121216          0.00107489
                  18         -1.4161e-13          0.00114482          0.00101728
                  19         -1.4161e-13          0.00108456         0.000965519
                  20         -1.4161e-13          0.00103034         0.000918765
