                   1            -1.01985            -1.01985                   0
                   2               -1.02            -1.01992         5.32027e-05
                   3               -1.02            -1.01995         4.09555e-05
                   4               -1.02            -1.01996         3.25799e-05
                   5               -1.02            -1.01997         2.69187e-05
                   6               -1.02            -1.01997         2.28948e-05
                   7               -1.02            -1.01998         1.99025e-05
                   8               -1.02            -1.01998         1.75951e-05
                   9               -1.02            -1.01998         1.57638e-05
                  10               -1.02            -1.01998         1.42758e-05
                  11               -1.02            -1.01999         1.30434e-05
                  12               -1.02            -1.01999         1.20061e-05
                  13               -1.02            -1.01999         1.11213e-05
                  14               -1.02            -1.01999         1.03576e-05
                  15            -1.01999            -1.01999         9.66852e-06
                  16               -1.02            -1.01999          9.0868e-06
                  17            -1.01998            -1.01999         8.59324e-06
                  18               -1.02            -1.01999         8.13668e-06
                  19               -1.02            -1.01999         7.72605e-06
                  20               -1.02            -1.01999         7.35478e-06
