                   1            0.999476            0.999476                   0
                   2                   1            0.999738         0.000185262
                   3                   1            0.999825         0.000142615
                   4                   1            0.999869         0.000113449
                   5                   1            0.999895          9.3736e-05
                   6                   1            0.999913         7.97241e-05
                   7                   1            0.999925         6.93042e-05
                   8                   1            0.999934         6.12696e-05
                   9                   1            0.999942         5.48924e-05
                  10                   1            0.999948          4.9711e-05
                  11                   1            0.999952         4.54195e-05
                  12                   1            0.999956         4.18077e-05
                  13                   1             0.99996         3.87264e-05
                  14                   1            0.999963         3.60671e-05
                  15            0.999992            0.999965         3.37159e-05
                  16                   1            0.999967         3.16815e-05
                  17             0.99997            0.999967         2.98184e-05
                  18                   1            0.999969         2.82183e-05
                  19                   1             0.99997          2.6781e-05
                  20                   1            0.999972         2.54827e-05
