0 519.966 0.002
100000 442.893 0.002
200000 422.128 0.0022
300000 422.128 0.00242
400000 422.128 0.002662
500000 422.128 0.0029282
600000 422.128 0.00322102
700000 422.128 0.00354312
800000 422.128 0.00389743
900000 422.128 0.00428718
1000000 422.128 0.0047159
1100000 422.128 0.00518748
1200000 422.128 0.00570623
1300000 422.128 0.00627686
1400000 404.823 0.00690454
1500000 404.823 0.007595
1600000 404.823 0.0083545
1700000 404.823 0.00918995
1800000 404.823 0.0101089
1900000 404.823 0.0111198
2000000 404.823 0.0122318
2100000 404.823 0.013455
2200000 404.823 0.0148005
2300000 404.823 0.0162805
2400000 404.823 0.0179086
2500000 404.823 0.0196995
2600000 404.823 0.0216694
2700000 404.823 0.0238364
2800000 404.823 0.02622
2900000 404.823 0.028842
3000000 404.823 0.0317262
3100000 404.823 0.0348988
3200000 404.823 0.0383887
3300000 404.823 0.0383887
3400000 404.823 0.0422276
3500000 404.823 0.0464503
3600000 399.726 0.0510953
3700000 399.726 0.0562049
3800000 399.726 0.0618254
3900000 399.726 0.0680079
4000000 399.726 0.0748087
4100000 399.726 0.0748087
4200000 390.418 0.0822896
4300000 386.713 0.0905185
4400000 386.713 0.0995704
4500000 385.258 0.0995704
4600000 383.614 0.109527
4700000 364.762 0.12048
4800000 364.762 0.132528
4900000 359.007 0.132528
5000000 359.007 0.145781
5100000 359.007 0.160359
5200000 358.316 0.160359
5300000 343.329 0.176395
5400000 342.71 0.176395
5500000 339.408 0.194034
5600000 336.13 0.194034
5700000 330.118 0.213438
5800000 325.932 0.234782
5900000 322.157 0.234782
6000000 306.298 0.234782
6100000 300.021 0.25826
6200000 300.021 0.25826
6300000 300.021 0.284086
6400000 293.499 0.284086
6500000 293.499 0.312494
6600000 281.821 0.312494
6700000 281.821 0.312494
6800000 272.487 0.343744
6900000 272.487 0.343744
7000000 269.633 0.343744
7100000 265.241 0.378118
7200000 265.241 0.378118
7300000 256.76 0.378118
7400000 256.76 0.378118
7500000 250.079 0.41593
7600000 242.235 0.41593
7700000 242.235 0.41593
7800000 242.235 0.41593
7900000 239.017 0.457523
8000000 226.241 0.457523
8100000 226.241 0.457523
8200000 226.241 0.457523
8300000 224.643 0.457523
8400000 220.078 0.503275
8500000 220.078 0.503275
8600000 209.66 0.503275
8700000 209.66 0.503275
8800000 209.66 0.503275
8900000 209.66 0.553603
9000000 203.903 0.553603
9100000 203.903 0.553603
9200000 203.903 0.553603
9300000 199.443 0.553603
9400000 199.443 0.553603
9500000 194.508 0.608963
9600000 191.962 0.608963
9700000 191.962 0.608963
9800000 190.929 0.608963
9900000 190.929 0.608963
10000000 190.929 0.608963
10100000 190.929 0.66986
10200000 175.759 0.66986
10300000 175.759 0.66986
10400000 175.759 0.66986
10500000 175.759 0.66986
10600000 175.759 0.66986
10700000 175.759 0.66986
10800000 175.759 0.66986
10900000 175.759 0.736846
11000000 175.759 0.736846
11100000 174.384 0.736846
11200000 170.605 0.736846
11300000 170.605 0.736846
11400000 170.605 0.736846
11500000 170.605 0.736846
11600000 169.959 0.736846
11700000 169.959 0.736846
11800000 169.662 0.81053
11900000 167.111 0.81053
12000000 166.104 0.81053
12100000 166.104 0.81053
12200000 166.104 0.81053
12300000 164.133 0.81053
12400000 159.038 0.81053
12500000 159.038 0.81053
12600000 159.038 0.81053
12700000 157.098 0.81053
12800000 157.098 0.891583
12900000 147.119 0.891583
13000000 147.119 0.891583
13100000 147.119 0.891583
13200000 147.119 0.891583
13300000 147.119 0.891583
13400000 147.119 0.891583
13500000 147.119 0.891583
13600000 147.119 0.891583
13700000 147.119 0.891583
13800000 147.119 0.891583
13900000 147.119 0.891583
14000000 138.99 0.980741
14100000 138.99 0.980741
14200000 138.99 0.980741
14300000 138.99 0.980741
14400000 138.99 0.980741
14500000 138.99 0.980741
14600000 138.99 0.980741
14700000 138.99 0.980741
14800000 138.99 0.980741
14900000 138.99 0.980741
15000000 138.99 0.980741
15100000 138.99 0.980741
15200000 138.99 0.980741
15300000 138.99 0.980741
15400000 133.055 1.07882
15500000 133.055 1.07882
15600000 133.055 1.07882
15700000 133.055 1.07882
15800000 133.055 1.07882
15900000 133.055 1.07882
16000000 133.055 1.07882
16100000 133.055 1.07882
16200000 133.055 1.07882
16300000 133.055 1.07882
16400000 133.055 1.07882
16500000 133.055 1.07882
16600000 133.055 1.07882
16700000 130.89 1.07882
16800000 130.89 1.07882
16900000 130.89 1.1867
17000000 127.229 1.1867
17100000 127.229 1.1867
17200000 127.229 1.1867
17300000 127.229 1.1867
17400000 127.229 1.1867
17500000 125.445 1.1867
17600000 121.829 1.1867
17700000 121.829 1.1867
17800000 121.829 1.1867
17900000 121.829 1.1867
18000000 121.829 1.1867
18100000 121.829 1.1867
18200000 121.829 1.1867
18300000 121.829 1.1867
18400000 121.829 1.1867
18500000 121.829 1.1867
18600000 121.326 1.30537
18700000 121.185 1.30537
18800000 118.166 1.30537
18900000 118.166 1.30537
19000000 117.004 1.30537
19100000 117.004 1.30537
19200000 117.004 1.30537
19300000 117.004 1.30537
19400000 116.262 1.30537
19500000 116.262 1.30537
19600000 116.262 1.30537
19700000 116.262 1.30537
19800000 116.262 1.30537
19900000 116.262 1.30537
20000000 116.262 1.30537
20100000 116.262 1.30537
20200000 116.262 1.30537
20300000 116.262 1.30537
20400000 116.262 1.30537
20500000 116.262 1.30537
20600000 116.262 1.4359
20700000 116.262 1.4359
20800000 116.262 1.4359
20900000 110.644 1.4359
21000000 110.644 1.4359
21100000 110.644 1.4359
21200000 110.465 1.4359
21300000 110.465 1.4359
21400000 110.465 1.4359
21500000 110.465 1.4359
21600000 110.465 1.4359
21700000 110.465 1.4359
21800000 110.465 1.4359
21900000 110.386 1.4359
22000000 110.386 1.4359
22100000 110.386 1.4359
22200000 109.854 1.4359
22300000 109.854 1.4359
22400000 109.854 1.4359
22500000 108.923 1.4359
22600000 108.923 1.4359
22700000 108.923 1.4359
22800000 106.34 1.57949
22900000 103.023 1.57949
23000000 101.817 1.57949
23100000 101.817 1.57949
23200000 101.817 1.57949
23300000 101.817 1.57949
23400000 101.817 1.57949
23500000 101.817 1.57949
23600000 101.817 1.57949
23700000 101.817 1.57949
23800000 101.817 1.57949
23900000 101.817 1.57949
24000000 101.817 1.57949
24100000 101.817 1.57949
24200000 101.817 1.57949
24300000 101.817 1.57949
24400000 101.817 1.57949
24500000 101.817 1.57949
24600000 101.817 1.57949
24700000 101.817 1.57949
24800000 101.817 1.57949
24900000 101.817 1.57949
25000000 101.817 1.57949
25100000 101.817 1.57949
25200000 101.817 1.57949
25300000 101.817 1.73744
25400000 101.817 1.73744
25500000 101.817 1.73744
25600000 101.817 1.73744
25700000 101.817 1.73744
25800000 101.817 1.73744
25900000 99.9455 1.73744
26000000 99.9455 1.73744
26100000 99.9455 1.73744
26200000 99.9455 1.73744
26300000 99.9455 1.73744
26400000 99.9455 1.73744
26500000 99.9455 1.73744
26600000 99.9455 1.73744
26700000 98.3209 1.73744
26800000 95.7484 1.73744
26900000 95.7484 1.73744
27000000 95.7484 1.73744
27100000 95.7484 1.73744
27200000 95.7484 1.73744
27300000 95.7484 1.73744
27400000 95.7484 1.73744
27500000 95.7484 1.73744
27600000 95.7484 1.73744
27700000 95.7484 1.73744
27800000 95.7484 1.73744
27900000 95.7484 1.73744
28000000 95.7484 1.73744
28100000 95.7484 1.91119
28200000 95.7484 1.91119
28300000 95.7484 1.91119
28400000 95.7484 1.91119
28500000 95.7484 1.91119
28600000 95.7484 1.91119
28700000 94.801 1.91119
28800000 94.801 1.91119
28900000 93.8665 1.91119
29000000 93.8665 1.91119
29100000 93.8665 1.91119
29200000 93.8665 1.91119
29300000 93.8665 1.91119
29400000 93.8665 1.91119
29500000 93.8665 1.91119
29600000 93.8665 1.91119
29700000 93.8665 1.91119
29800000 93.8665 1.91119
29900000 93.8665 1.91119
30000000 93.8665 1.91119
30100000 93.8665 1.91119
30200000 93.8665 1.91119
30300000 93.8665 1.91119
30400000 93.8665 1.91119
30500000 93.8665 1.91119
30600000 93.8665 1.91119
30700000 93.8665 1.91119
30800000 90.2418 1.91119
30900000 90.2418 1.91119
31000000 90.2418 1.91119
31100000 90.2418 1.91119
31200000 90.2418 1.91119
31300000 90.2418 1.91119
31400000 90.2418 2.10231
31500000 90.2418 2.10231
31600000 90.2418 2.10231
31700000 90.2418 2.10231
31800000 90.2418 2.10231
31900000 90.2418 2.10231
32000000 90.2418 2.10231
32100000 90.2418 2.10231
32200000 90.2418 2.10231
32300000 90.2418 2.10231
32400000 90.2418 2.10231
32500000 90.2418 2.10231
32600000 90.2418 2.10231
32700000 90.2418 2.10231
32800000 90.2418 2.10231
32900000 88.9535 2.10231
33000000 88.9535 2.10231
33100000 88.9535 2.10231
33200000 88.9535 2.10231
33300000 88.9535 2.10231
33400000 88.9535 2.10231
33500000 88.9535 2.10231
33600000 88.9535 2.10231
33700000 88.9535 2.10231
33800000 88.9535 2.10231
33900000 88.9535 2.10231
34000000 88.9535 2.10231
34100000 88.9535 2.10231
34200000 88.9535 2.10231
34300000 88.9535 2.10231
34400000 88.9535 2.10231
34500000 88.9535 2.10231
34600000 88.9535 2.10231
34700000 88.9535 2.10231
34800000 88.9535 2.10231
34900000 88.9535 2.10231
35000000 88.9535 2.31254
35100000 88.9535 2.31254
35200000 88.9535 2.31254
35300000 88.9535 2.31254
35400000 88.9535 2.31254
35500000 88.9535 2.31254
35600000 88.9535 2.31254
35700000 88.9535 2.31254
35800000 88.9535 2.31254
35900000 88.9535 2.31254
36000000 88.9535 2.31254
36100000 88.9535 2.31254
36200000 88.9535 2.31254
36300000 88.9535 2.31254
36400000 88.9535 2.31254
36500000 88.9535 2.31254
36600000 88.9535 2.31254
36700000 88.9535 2.31254
36800000 88.2129 2.31254
36900000 87.8753 2.31254
37000000 86.8921 2.31254
37100000 86.8921 2.31254
37200000 86.8921 2.31254
37300000 86.8921 2.31254
37400000 86.8921 2.31254
37500000 86.8921 2.31254
37600000 86.8921 2.31254
37700000 86.876 2.31254
37800000 86.876 2.31254
37900000 86.876 2.31254
38000000 86.876 2.31254
38100000 86.876 2.31254
38200000 86.876 2.31254
38300000 86.876 2.31254
38400000 86.876 2.31254
38500000 86.876 2.31254
38600000 86.876 2.31254
38700000 86.876 2.31254
38800000 86.876 2.31254
38900000 86.876 2.31254
39000000 86.876 2.54379
39100000 86.876 2.54379
39200000 86.876 2.54379
39300000 84.4682 2.54379
39400000 84.4682 2.54379
39500000 84.4682 2.54379
39600000 84.4682 2.54379
39700000 84.4682 2.54379
39800000 84.4682 2.54379
39900000 84.4682 2.54379
40000000 84.4682 2.54379
40100000 84.4682 2.54379
40200000 84.4682 2.54379
40300000 84.4682 2.54379
40400000 84.4682 2.54379
40500000 84.4682 2.54379
40600000 84.4682 2.54379
40700000 84.4682 2.54379
40800000 84.4682 2.54379
40900000 84.1957 2.54379
41000000 84.1957 2.54379
41100000 84.1957 2.54379
41200000 84.1957 2.54379
41300000 84.1957 2.54379
41400000 84.1957 2.54379
41500000 84.1957 2.54379
41600000 84.1957 2.54379
41700000 84.1957 2.54379
41800000 84.1957 2.54379
41900000 84.1957 2.54379
42000000 84.1957 2.54379
42100000 84.1957 2.54379
42200000 84.1957 2.54379
42300000 84.1957 2.54379
42400000 84.1957 2.54379
42500000 84.1957 2.54379
42600000 84.1957 2.54379
42700000 84.1957 2.54379
42800000 84.1957 2.54379
42900000 84.1957 2.54379
43000000 84.1957 2.54379
43100000 84.1957 2.54379
43200000 84.1957 2.54379
43300000 84.1957 2.54379
43400000 84.1957 2.54379
43500000 84.1957 2.79817
43600000 84.1957 2.79817
43700000 84.1957 2.79817
43800000 84.1957 2.79817
43900000 84.0035 2.79817
44000000 82.6668 2.79817
44100000 82.6668 2.79817
44200000 82.6668 2.79817
44300000 82.6385 2.79817
44400000 82.6385 2.79817
44500000 82.3621 2.79817
44600000 82.3621 2.79817
44700000 82.3621 2.79817
44800000 82.3621 2.79817
44900000 82.3621 2.79817
45000000 82.3621 2.79817
45100000 82.3621 2.79817
45200000 82.3621 2.79817
45300000 82.3621 2.79817
45400000 82.3621 2.79817
45500000 82.3621 2.79817
45600000 82.3621 2.79817
45700000 82.3621 2.79817
45800000 82.3621 2.79817
45900000 82.3621 2.79817
46000000 82.3621 2.79817
46100000 82.3621 2.79817
46200000 82.3621 2.79817
46300000 82.3621 2.79817
46400000 82.3621 2.79817
46500000 82.3621 2.79817
46600000 82.3621 2.79817
46700000 82.3621 2.79817
46800000 82.3621 2.79817
46900000 82.3621 2.79817
47000000 82.3621 2.79817
47100000 82.3621 2.79817
47200000 82.3621 2.79817
47300000 82.3621 2.79817
47400000 82.3621 2.79817
47500000 82.3621 2.79817
47600000 82.3621 2.79817
47700000 82.3621 2.79817
47800000 82.3621 2.79817
47900000 82.3621 2.79817
48000000 82.3621 2.79817
48100000 82.3621 2.79817
48200000 82.3621 2.79817
48300000 82.3621 3.07799
48400000 82.3621 3.07799
48500000 82.3621 3.07799
48600000 82.3621 3.07799
48700000 82.3621 3.07799
48800000 82.3621 3.07799
48900000 82.3621 3.07799
49000000 82.3621 3.07799
49100000 82.3621 3.07799
49200000 82.3621 3.07799
49300000 82.3621 3.07799
49400000 82.3621 3.07799
49500000 82.3621 3.07799
49600000 82.3621 3.07799
49700000 82.3621 3.07799
49800000 82.3621 3.07799
49900000 82.3621 3.07799
50000000 82.3621 3.07799
50100000 82.3621 3.07799
50200000 82.3621 3.07799
50300000 82.3621 3.07799
50400000 82.3621 3.07799
50500000 82.3621 3.07799
50600000 82.3621 3.07799
50700000 82.3621 3.07799
50800000 82.3621 3.07799
50900000 82.3621 3.07799
51000000 82.3621 3.07799
51100000 82.3621 3.07799
51200000 82.3621 3.07799
51300000 82.3621 3.07799
51400000 82.3621 3.07799
51500000 82.3621 3.07799
51600000 82.3621 3.07799
51700000 82.3621 3.07799
51800000 82.3621 3.07799
51900000 82.3621 3.07799
52000000 82.3621 3.07799
52100000 82.3621 3.07799
52200000 82.3621 3.07799
52300000 82.2832 3.07799
52400000 82.2832 3.07799
52500000 81.6117 3.07799
52600000 81.6117 3.07799
52700000 81.6117 3.07799
52800000 81.6117 3.07799
52900000 81.6117 3.07799
53000000 81.6117 3.07799
53100000 81.6117 3.07799
53200000 81.6117 3.07799
53300000 81.6117 3.38579
53400000 81.6117 3.38579
53500000 81.6117 3.38579
53600000 81.6117 3.38579
53700000 81.6117 3.38579
53800000 81.6117 3.38579
53900000 81.6117 3.38579
54000000 81.6117 3.38579
54100000 81.6117 3.38579
54200000 81.6117 3.38579
54300000 81.6117 3.38579
54400000 81.6117 3.38579
54500000 81.6117 3.38579
54600000 81.6117 3.38579
54700000 81.6117 3.38579
54800000 81.6117 3.38579
54900000 81.6117 3.38579
55000000 81.6117 3.38579
55100000 81.6117 3.38579
55200000 81.6117 3.38579
55300000 81.6117 3.38579
55400000 81.6117 3.38579
55500000 81.6117 3.38579
55600000 81.6117 3.38579
55700000 81.6117 3.38579
55800000 81.6117 3.38579
55900000 81.6117 3.38579
56000000 81.6117 3.38579
56100000 81.6117 3.38579
56200000 81.6117 3.38579
56300000 81.6117 3.38579
56400000 81.6117 3.38579
56500000 81.6117 3.38579
56600000 81.6117 3.38579
56700000 81.6117 3.38579
56800000 81.6117 3.38579
56900000 81.6117 3.38579
57000000 81.6117 3.38579
57100000 81.6117 3.38579
57200000 81.6117 3.38579
57300000 81.6117 3.38579
57400000 81.6117 3.38579
57500000 81.6117 3.38579
57600000 81.6117 3.38579
57700000 81.6117 3.38579
57800000 80.6579 3.38579
57900000 80.2308 3.38579
58000000 80.2308 3.38579
58100000 80.2308 3.38579
58200000 80.2308 3.38579
58300000 80.2308 3.72436
58400000 80.2308 3.72436
58500000 80.2308 3.72436
58600000 80.2308 3.72436
58700000 80.2308 3.72436
58800000 80.2308 3.72436
58900000 80.2308 3.72436
59000000 80.2308 3.72436
59100000 80.2308 3.72436
59200000 80.2308 3.72436
59300000 80.2308 3.72436
59400000 80.2308 3.72436
59500000 80.2308 3.72436
59600000 80.2308 3.72436
59700000 80.2308 3.72436
59800000 80.2308 3.72436
59900000 80.2308 3.72436
60000000 80.2308 3.72436
60100000 80.2308 3.72436
60200000 80.2308 3.72436
60300000 80.2308 3.72436
60400000 80.2308 3.72436
60500000 80.2308 3.72436
60600000 80.2308 3.72436
60700000 80.2308 3.72436
60800000 80.2308 3.72436
60900000 80.2308 3.72436
61000000 80.2308 3.72436
61100000 80.2308 3.72436
61200000 80.2308 3.72436
61300000 80.2308 3.72436
61400000 80.2308 3.72436
61500000 80.2308 3.72436
61600000 80.2308 3.72436
61700000 80.2308 3.72436
61800000 80.2308 3.72436
61900000 80.2308 3.72436
62000000 80.2308 3.72436
62100000 80.2308 3.72436
62200000 80.2308 3.72436
