                   1            -1.01945            -1.01945                   0
                   2               -1.02            -1.01972         0.000195515
                   3               -1.02            -1.01982         0.000150508
                   4               -1.02            -1.01986         0.000119728
                   5               -1.02            -1.01989         9.89236e-05
                   6               -1.02            -1.01991         8.41363e-05
                   7               -1.02            -1.01992         7.31398e-05
                   8               -1.02            -1.01993         6.46605e-05
                   9               -1.02            -1.01994         5.79304e-05
                  10               -1.02            -1.01994         5.24622e-05
                  11               -1.02            -1.01995         4.79332e-05
                  12               -1.02            -1.01995         4.41214e-05
                  13               -1.02            -1.01996         4.08696e-05
                  14               -1.02            -1.01996         3.80632e-05
                  15               -1.02            -1.01996         3.56166e-05
                  16               -1.02            -1.01997          3.3465e-05
                  17               -1.02            -1.01997         3.15582e-05
                  18               -1.02            -1.01997         2.98566e-05
                  19               -1.02            -1.01997          2.8329e-05
                  20               -1.02            -1.01997         2.69499e-05
