                   1           -0.808892           -0.808892                   0
                   2            -0.81088           -0.809886         0.000702864
                   3           -0.811592           -0.810455          0.00065966
                   4           -0.807308           -0.809668         0.000841966
                   5           -0.809724           -0.809679         0.000673647
                   6           -0.807688           -0.809347         0.000637902
                   7            -0.80934           -0.809346         0.000546774
                   8           -0.808332           -0.809219         0.000492907
                   9           -0.808156           -0.809101         0.000452082
                  10           -0.809016           -0.809093         0.000406955
                  11           -0.802192           -0.808465         0.000703316
                  12           -0.810392           -0.808626         0.000662777
                  13           -0.809312           -0.808679         0.000613891
                  14             -0.8129            -0.80898         0.000639817
                  15           -0.809444           -0.809011         0.000597909
                  16           -0.810112            -0.80908         0.000564484
                  17           -0.811292            -0.80921          0.00054607
                  18           -0.813212           -0.809432         0.000559163
                  19            -0.80626           -0.809265         0.000554102
                  20           -0.812284           -0.809416         0.000546566
