                   1            -1.01853            -1.01853                   0
                   2            -1.01772            -1.01813         0.000286817
                   3            -1.01504             -1.0171         0.000860454
                   4            -1.01773            -1.01726         0.000659816
                   5            -1.01759            -1.01732         0.000531152
                   6            -1.01808            -1.01745         0.000457217
                   7            -1.01753            -1.01746          0.00039206
                   8            -1.01648            -1.01734         0.000361621
                   9            -1.01728            -1.01733         0.000321495
                  10            -1.01602             -1.0172         0.000315005
                  11            -1.00942            -1.01649         0.000732922
                  12             -1.0168            -1.01652         0.000672289
                  13            -1.01811            -1.01664         0.000631619
                  14            -1.01717            -1.01668         0.000587615
                  15            -1.01773            -1.01675         0.000552584
                  16            -1.01816            -1.01684         0.000525005
                  17            -1.01827            -1.01692         0.000500857
                  18            -1.01757            -1.01696         0.000474312
                  19            -1.01664            -1.01694         0.000449641
                  20            -1.01569            -1.01688         0.000431463
