                   1             118.115             118.115                   0
                   2             117.658             117.886            0.161513
                   3             116.512             117.428              0.3892
                   4             118.011             117.574            0.318019
                   5             117.369             117.533             0.25705
                   6             117.752             117.569            0.216777
                   7             117.188             117.515            0.192544
                   8             116.247             117.356            0.224442
                   9             117.412             117.363            0.199588
                  10             115.657             117.192            0.241786
                  11             116.331             117.114            0.232114
                  12             116.681             117.078            0.215549
                  13             118.046             117.152            0.211445
                  14             117.181             117.154            0.196352
                  15             117.679             117.189            0.186348
                  16              117.85              117.23            0.179222
                  17             118.074              117.28            0.175407
                  18             117.522             117.293            0.166178
                  19             116.637             117.259            0.160982
                  20             115.891             117.191            0.166827
