                   1            0.478534            0.478534                   0
                   2            0.466982            0.472758          0.00408437
                   3            0.489288            0.478268          0.00525862
                   4            0.437597              0.4681          0.00964852
                   5            0.474345            0.469349          0.00779923
                   6            0.473609            0.470059           0.0065316
                   7            0.466966            0.469617          0.00561345
                   8            0.470423            0.469718          0.00491267
                   9            0.455981            0.468192           0.0045978
                  10            0.490398            0.470412          0.00464342
                  11            0.477786            0.471083           0.0042694
                  12            0.472905            0.471235          0.00391632
                  13            0.477679             0.47173           0.0036463
                  14            0.461674            0.471012          0.00345588
                  15            0.475655            0.471322          0.00323932
                  16            0.446224            0.469753          0.00339548
                  17            0.477897            0.470232          0.00322936
                  18            0.468925            0.470159          0.00305077
                  19            0.445489            0.468861          0.00315444
                  20            0.502876            0.470562          0.00342465
