                   1            0.000634            0.000634                   0
                   2            0.004122            0.002378          0.00123319
                   3             0.00415          0.00296867         0.000953147
                   4            0.005916           0.0037055         0.000958236
                   5           -0.005056           0.0019532          0.00174474
                   6            0.001566          0.00188867          0.00145514
                   7            0.002844          0.00202514          0.00125365
                   8           -0.000222          0.00174425          0.00112797
                   9             0.00443          0.00204267          0.00104137
                  10             0.00284           0.0021224         0.000940278
                  11            0.004186             0.00231         0.000873312
                  12            0.009298          0.00289233         0.000975556
                  13            0.007268          0.00322892         0.000956819
                  14           -0.007024          0.00249657          0.00113464
                  15             0.00066          0.00237413          0.00106559
                  16            0.005966          0.00259862          0.00102236
                  17            0.004636          0.00271847         0.000969221
                  18            -0.00514          0.00228189          0.00100892
                  19             0.00151          0.00224126          0.00095664
                  20             0.00438           0.0023482         0.000914765
