                   1           -0.836128           -0.836128                   0
                   2            -0.83776           -0.836944         0.000576999
                   3           -0.836372           -0.836753         0.000414975
                   4           -0.839988           -0.837562         0.000766369
                   5            -0.83416           -0.836882         0.000863852
                   6           -0.835796           -0.836701         0.000738582
                   7            -0.83726           -0.836781         0.000637378
                   8           -0.832392           -0.836232         0.000757859
                   9           -0.835036           -0.836099         0.000685204
                  10           -0.833896           -0.835879         0.000651139
                  11            -0.83598           -0.835888          0.00059201
                  12            -0.83548           -0.835854         0.000543651
                  13           -0.830256           -0.835423         0.000650385
                  14           -0.834456           -0.835354         0.000607589
                  15           -0.831912           -0.835125         0.000608881
                  16             -0.8352           -0.835129         0.000570844
                  17           -0.836612           -0.835217         0.000543885
                  18            -0.83552           -0.835234          0.00051393
                  19           -0.834468           -0.835193         0.000488458
                  20           -0.836532            -0.83526         0.000468599
