                   1            0.445676            0.445676                   0
                   2            0.431211            0.438444          0.00511432
                   3            0.429528            0.435472          0.00418483
                   4            0.434989            0.435351          0.00314036
                   5            0.433698             0.43502          0.00252963
                   6             0.45865            0.438959          0.00416763
                   7            0.446754            0.440072          0.00371805
                   8            0.426073            0.438322          0.00364187
                   9            0.442073            0.438739          0.00326097
                  10             0.44276            0.439141          0.00295955
                  11            0.440923            0.439303          0.00269493
                  12            0.442169            0.439542          0.00248092
                  13            0.441685            0.439707          0.00229554
                  14            0.431063            0.439089          0.00221306
                  15            0.448009            0.439684          0.00214391
                  16            0.414899            0.438135          0.00250787
                  17            0.444747            0.438524          0.00239031
                  18            0.427099            0.437889          0.00234027
                  19             0.44099            0.438052          0.00222278
                  20            0.442152            0.438257          0.00212107
