                   1             0.37631             0.37631                   0
                   2            0.348878            0.362594          0.00969853
                   3            0.384187            0.369792          0.00873748
                   4              0.4224            0.382944           0.0131407
                   5            0.349734            0.376302            0.012075
                   6            0.349188            0.371783           0.0108753
                   7             0.34873             0.36849          0.00980761
                   8            0.371688             0.36889          0.00858981
                   9            0.395021            0.371793          0.00811128
                  10            0.370821            0.371696          0.00730074
                  11            0.362002            0.370815          0.00669001
                  12            0.364202            0.370264          0.00615516
                  13            0.371897            0.370389          0.00568297
                  14            0.372726            0.370556           0.0052795
                  15            0.376621             0.37096          0.00494299
                  16            0.382158             0.37166          0.00468333
                  17             0.34428             0.37005          0.00467659
                  18            0.328969            0.367767           0.0049424
                  19            0.398334            0.369376          0.00493717
                  20            0.371493            0.369482          0.00469145
