                   1           -0.965808           -0.965808                   0
                   2           -0.968672            -0.96724          0.00101258
                   3           -0.961708           -0.965396          0.00165003
                   4           -0.958836           -0.963756          0.00188379
                   5           -0.968872           -0.964779          0.00176315
                   6           -0.965812           -0.964951          0.00147767
                   7            -0.97156           -0.965895          0.00153889
                   8           -0.966848           -0.966014          0.00135113
                   9           -0.961688           -0.965534          0.00128368
                  10           -0.964148           -0.965395          0.00116277
                  11            -0.96418           -0.965285          0.00106229
                  12           -0.965484           -0.965301           0.0009739
                  13           -0.966116           -0.965364         0.000900999
                  14           -0.968204           -0.965567         0.000859174
                  15           -0.961124           -0.965271         0.000851421
                  16           -0.961672           -0.965046         0.000827382
                  17           -0.966968           -0.965159         0.000786401
                  18           -0.973512           -0.965623         0.000868915
                  19           -0.959512           -0.965301         0.000880698
                  20           -0.965656           -0.965319         0.000836841
