                   1             -0.7223             -0.7223                   0
                   2            -0.72662            -0.72446          0.00152735
                   3           -0.725096           -0.724672          0.00103284
                   4           -0.724532           -0.724637         0.000775224
                   5           -0.724772           -0.724664         0.000620649
                   6           -0.724932           -0.724709         0.000518813
                   7           -0.725692           -0.724849         0.000463324
                   8           -0.724768           -0.724839          0.00040552
                   9           -0.724556           -0.724808         0.000361679
                  10           -0.721224           -0.724449         0.000470674
                  11           -0.720212           -0.724064         0.000563894
                  12             -0.7228           -0.723959         0.000526649
                  13           -0.723608           -0.723932         0.000486828
                  14           -0.726588           -0.724121         0.000487628
                  15           -0.725752            -0.72423         0.000467079
                  16           -0.727884           -0.724459         0.000490547
                  17           -0.725568           -0.724524         0.000466013
                  18           -0.727584           -0.724694         0.000470114
                  19           -0.723612           -0.724637         0.000448806
                  20           -0.725748           -0.724692          0.00042979
