                   1             5.73674             5.73674                   0
                   2             5.94138             5.83906           0.0723493
                   3             5.61795             5.76536           0.0771224
                   4             5.40772             5.67595           0.0966506
                   5             5.43201             5.62716           0.0887845
                   6             5.68328             5.63651           0.0744782
                   7             6.04807             5.69531           0.0838942
                   8             5.33127              5.6498           0.0848559
                   9             5.58221             5.64229           0.0757591
                  10             5.51244             5.62931            0.069287
                  11             5.41868             5.61016           0.0655806
                  12             5.60848             5.61002           0.0601157
                  13             5.64913             5.61303           0.0555666
                  14             5.79343             5.62591           0.0530706
                  15             5.97003             5.64885            0.054265
                  16             5.92894             5.66636           0.0536226
                  17             5.95599              5.6834           0.0531059
                  18             6.02253             5.70224           0.0533932
                  19             5.62168               5.698           0.0507511
                  20             6.02076             5.71414           0.0507145
