                   1            0.404322            0.404322                   0
                   2              0.3999            0.402111          0.00156369
                   3            0.402132            0.402118          0.00104248
                   4            0.387709            0.398516          0.00321616
                   5            0.397634             0.39834          0.00257776
                   6            0.401636            0.398889           0.0022059
                   7            0.404447            0.399683          0.00202867
                   8            0.391333            0.398639          0.00202585
                   9            0.398312            0.398603          0.00180108
                  10             0.40028            0.398771          0.00162877
                  11            0.382457            0.397288          0.00204741
                  12            0.404404            0.397881          0.00196078
                  13            0.399418            0.397999          0.00181352
                  14            0.406759            0.398625          0.00178866
                  15            0.397604            0.398557          0.00167071
                  16             0.38954            0.397993          0.00165862
                  17            0.410459            0.398726           0.0017155
                  18            0.406542            0.399161          0.00167424
                  19            0.398071            0.399103           0.0015871
                  20            0.401539            0.399225          0.00151241
