                   1            0.017234            0.017234                   0
                   2            0.021136            0.019185          0.00137957
                   3           -0.006336            0.010678          0.00700656
                   4            0.004094            0.009032          0.00544483
                   5           -0.002804           0.0066648          0.00484319
                   6           -0.008612          0.00411867          0.00465742
                   7             0.01273          0.00534886          0.00415136
                   8            -0.02284          0.00182525          0.00490494
                   9            0.012302          0.00298933          0.00449596
                  10            0.005462           0.0032366          0.00405316
                  11             0.00071          0.00300691          0.00369119
                  12             0.01154            0.003718          0.00345141
                  13            0.007834          0.00403462          0.00320041
                  14            -0.01347          0.00278429          0.00320676
                  15            0.010404          0.00329227          0.00303294
                  16           -0.011466          0.00236987          0.00298034
                  17           -0.009568          0.00166765          0.00288657
                  18           -0.003924            0.001357          0.00274287
                  19            0.017166          0.00218905          0.00272179
                  20            0.020276           0.0030934          0.00273181
