                   1            0.366968            0.366968                   0
                   2            0.364889            0.365928         0.000734855
                   3            0.355951            0.362603          0.00275941
                   4            0.361498            0.362326          0.00208333
                   5            0.362681            0.362397          0.00166787
                   6            0.358419            0.361734          0.00151594
                   7            0.374432            0.363548          0.00212341
                   8            0.367739            0.364072          0.00192153
                   9            0.361589            0.363796          0.00172772
                  10            0.367978            0.364214          0.00160475
                  11            0.351539            0.363062          0.00182631
                  12            0.368273            0.363496          0.00172498
                  13            0.360422             0.36326          0.00160842
                  14            0.365135            0.363394           0.0014991
                  15            0.363866            0.363425          0.00139949
                  16            0.360102            0.363218          0.00132734
                  17            0.365457            0.363349          0.00125578
                  18            0.365877             0.36349          0.00119385
                  19            0.356928            0.363144           0.0011799
                  20            0.372211            0.363598          0.00120486
