                   1            0.209657            0.209657                   0
                   2             0.20257            0.206114          0.00250559
                   3            0.206648            0.206292          0.00167671
                   4            0.207966             0.20671          0.00130875
                   5            0.211622            0.207693           0.0013668
                   6            0.204763            0.207204          0.00122314
                   7            0.205485            0.206959          0.00107277
                   8            0.202328             0.20638          0.00108366
                   9            0.207575            0.206513         0.000971352
                  10            0.205688             0.20643         0.000877713
                  11            0.210839            0.206831         0.000884734
                  12            0.208982             0.20701         0.000828967
                  13            0.206896            0.207001         0.000765247
                  14            0.203622             0.20676         0.000747698
                  15            0.211527            0.207078         0.000762404
                  16            0.209997             0.20726         0.000736267
                  17            0.204664            0.207108         0.000708616
                  18            0.208667            0.207194         0.000674523
                  19            0.210265            0.207356         0.000658096
                  20            0.212327            0.207604         0.000670492
