                   1           -0.580995           -0.580995                   0
                   2           -0.582663           -0.581829         0.000589472
                   3           -0.584542           -0.582733         0.000836324
                   4           -0.583109           -0.582827           0.0006325
                   5            -0.58266           -0.582794         0.000506881
                   6           -0.582033           -0.582667         0.000437958
                   7           -0.581487           -0.582498         0.000406561
                   8           -0.581647           -0.582392         0.000369408
                   9           -0.581457           -0.582288         0.000342665
                  10           -0.579215           -0.581981         0.000424387
                  11           -0.581365           -0.581925          0.00038948
                  12           -0.579989           -0.581763         0.000389012
                  13            -0.58223           -0.581799         0.000360738
                  14           -0.582357           -0.581839         0.000337166
                  15           -0.582507           -0.581884         0.000317612
                  16           -0.584026           -0.582018         0.000324752
                  17            -0.58188           -0.582009         0.000305751
                  18           -0.580726           -0.581938         0.000296969
                  19           -0.584033           -0.582048          0.00030111
                  20           -0.582263           -0.582059         0.000286245
