                   1            0.178344            0.178344                   0
                   2            0.179252            0.178798         0.000321026
                   3             0.14425            0.167282          0.00940521
                   4            0.169974            0.167955          0.00707795
                   5            0.171202            0.168604          0.00569207
                   6            0.172566            0.169265          0.00478153
                   7            0.142352             0.16542          0.00542837
                   8            0.175458            0.166675          0.00489269
                   9             0.14711            0.164501          0.00480779
                  10            0.164384            0.164489          0.00432703
                  11            0.165172            0.164551          0.00393411
                  12             0.18695            0.166418          0.00402478
                  13             0.17436            0.167029          0.00376126
                  14            0.186408            0.168413          0.00373865
                  15            0.159114            0.167793          0.00354043
                  16            0.167426             0.16777          0.00331923
                  17            0.135872            0.165894          0.00361564
                  18            0.144096            0.164683          0.00361188
                  19            0.164278            0.164661          0.00342185
                  20            0.173074            0.165082          0.00327651
