                   1           -0.782567           -0.782567                   0
                   2           -0.781293            -0.78193          0.00045037
                   3           -0.781021           -0.781627         0.000389036
                   4           -0.785419           -0.782575         0.000871402
                   5           -0.783552            -0.78277         0.000718693
                   6           -0.784987            -0.78314         0.000687352
                   7           -0.777767           -0.782372         0.000923088
                   8           -0.783405           -0.782501         0.000816679
                   9            -0.78049           -0.782278         0.000755895
                  10           -0.777688           -0.781819         0.000807748
                  11           -0.782435           -0.781875         0.000736258
                  12           -0.780951           -0.781798         0.000678918
                  13           -0.781119           -0.781746         0.000628698
                  14            -0.78038           -0.781648          0.00059131
                  15           -0.782614           -0.781713         0.000555386
                  16           -0.781717           -0.781713         0.000520674
                  17           -0.779073           -0.781558         0.000512673
                  18           -0.777458            -0.78133         0.000532386
                  19           -0.778846           -0.781199         0.000520174
                  20           -0.782537           -0.781266         0.000498451
