                   1            0.345863            0.345863                   0
                   2             0.34225            0.344057          0.00127753
                   3            0.351568             0.34656          0.00221461
                   4            0.343613            0.345823          0.00177933
                   5            0.340854             0.34483          0.00167826
                   6            0.347372            0.345253          0.00145104
                   7            0.346516            0.345434          0.00125492
                   8            0.342545            0.345073          0.00114881
                   9            0.351238            0.345758          0.00120829
                  10            0.344891            0.345671          0.00109057
                  11            0.348727            0.345949          0.00102619
                  12            0.341371            0.345567          0.00100908
                  13             0.35108            0.345991          0.00101666
                  14            0.347777            0.346119         0.000952001
                  15            0.348228             0.34626         0.000898859
                  16            0.339564            0.345841         0.000935043
                  17            0.343754            0.345718          0.00088806
                  18            0.347096            0.345795         0.000842015
                  19            0.345134             0.34576         0.000798417
                  20            0.344382            0.345691         0.000761464
