                   1            0.005454            0.005454                   0
                   2            0.004038            0.004746         0.000500632
                   3             0.00394          0.00447733         0.000399391
                   4           -0.008076            0.001339          0.00273433
                   5            0.008062           0.0026836          0.00249627
                   6            -0.00259          0.00180467           0.0022296
                   7           -0.000138          0.00152714          0.00192828
                   8            0.001358            0.001506          0.00168736
                   9           -0.002208          0.00109333          0.00154952
                  10           -0.002498           0.0007342          0.00143558
                  11           -0.000724         0.000601636          0.00131118
                  12           -0.007548           -7.75e-05          0.00136652
                  13           -0.004652        -0.000429385          0.00130593
                  14           -0.002224        -0.000557571          0.00121892
                  15           -0.003226        -0.000735467          0.00115057
                  16            0.007684         -0.00020925          0.00119294
                  17            0.005972         0.000154353          0.00117687
                  18           -0.000976         9.15556e-05          0.00111317
                  19           -0.001532         6.10526e-06          0.00105785
                  20            0.002572           0.0001344          0.00101271
