                   1           -0.473232           -0.473232                   0
                   2           -0.473376           -0.473304         5.09117e-05
                   3           -0.472132           -0.472913         0.000320779
                   4           -0.473172           -0.472978         0.000247016
                   5           -0.471344           -0.472651         0.000352831
                   6           -0.473416           -0.472779         0.000316213
                   7           -0.472724           -0.472771         0.000271136
                   8           -0.471828           -0.472653         0.000261608
                   9           -0.473044           -0.472696          0.00023612
                  10           -0.470864           -0.472513         0.000274555
                  11           -0.470792           -0.472357         0.000290785
                  12           -0.471384           -0.472276         0.000277621
                  13           -0.472288           -0.472277         0.000256268
                  14            -0.47078            -0.47217         0.000259303
                  15            -0.47256           -0.472196         0.000243318
                  16           -0.471768           -0.472169         0.000229574
                  17           -0.473216           -0.472231         0.000224179
                  18           -0.471772           -0.472205         0.000213167
                  19           -0.471244           -0.472155         0.000207863
                  20           -0.473708           -0.472232         0.000211485
