                   1            0.202296            0.202296                   0
                   2            0.203272            0.202784         0.000345178
                   3            0.204339            0.203302         0.000481855
                   4            0.203446            0.203338         0.000362733
                   5            0.205961            0.203863         0.000551593
                   6             0.20115            0.203411          0.00061779
                   7             0.20253            0.203285          0.00054219
                   8            0.200227            0.202903         0.000594035
                   9            0.201302            0.202725         0.000554003
                  10            0.205049            0.202957         0.000545173
                  11            0.202717            0.202936         0.000496049
                  12            0.204884            0.203098         0.000480557
                  13            0.203892            0.203159         0.000447454
                  14            0.204667            0.203267         0.000428259
                  15            0.206816            0.203503         0.000460448
                  16            0.207309            0.203741         0.000489258
                  17            0.199171            0.203472         0.000529212
                  18            0.206056            0.203616         0.000518909
                  19            0.207882             0.20384         0.000537985
                  20            0.211146            0.204206         0.000622886
