                   1           -0.727954           -0.727954                   0
                   2           -0.731505            -0.72973          0.00125535
                   3           -0.728184           -0.729214         0.000936746
                   4           -0.731913           -0.729889         0.000913821
                   5           -0.727923           -0.729496         0.000811291
                   6           -0.728597           -0.729346         0.000689774
                   7           -0.728782           -0.729265         0.000595923
                   8           -0.729091           -0.729244         0.000521832
                   9           -0.727762           -0.729079          0.00048913
                  10           -0.726645           -0.728836         0.000497103
                  11           -0.730404           -0.728978         0.000471914
                  12           -0.727617           -0.728865         0.000446011
                  13           -0.727892            -0.72879         0.000417929
                  14           -0.727019           -0.728663         0.000406765
                  15           -0.728648           -0.728662         0.000379649
                  16           -0.730846           -0.728799         0.000379656
                  17           -0.729033           -0.728813         0.000357573
                  18           -0.728856           -0.728815         0.000337716
                  19            -0.72961           -0.728857         0.000322521
                  20           -0.734598           -0.729144         0.000414929
