                   1           -0.654012           -0.654012                   0
                   2           -0.652327           -0.653169         0.000595554
                   3           -0.654626           -0.653655         0.000561085
                   4           -0.653352           -0.653579         0.000425888
                   5            -0.65195           -0.653253         0.000448418
                   6           -0.651832           -0.653016          0.00043176
                   7           -0.654462           -0.653223         0.000416571
                   8           -0.652083            -0.65308         0.000388114
                   9           -0.652899            -0.65306         0.000345514
                  10           -0.652355            -0.65299         0.000318076
                  11           -0.649812           -0.652701         0.000399324
                  12           -0.653011           -0.652727          0.00036688
                  13           -0.650528           -0.652558         0.000375612
                  14           -0.652805           -0.652575         0.000349199
                  15           -0.652096           -0.652543         0.000327375
                  16           -0.651761           -0.652494         0.000310547
                  17           -0.653375           -0.652546         0.000296563
                  18           -0.652487           -0.652543         0.000280105
                  19           -0.652106            -0.65252         0.000266304
                  20           -0.655531           -0.652671         0.000292455
