                   1            0.091982            0.091982                   0
                   2            0.077758             0.08487          0.00502894
                   3            0.070904           0.0802147          0.00506835
                   4             0.07581           0.0791135          0.00391906
                   5            0.070676            0.077426          0.00347964
                   6            0.071988           0.0765197          0.00301543
                   7            0.073916           0.0761477          0.00260749
                   8             0.06114           0.0742717          0.00287834
                   9            0.084946           0.0754578           0.0027922
                  10            0.091358           0.0770478          0.00293095
                  11            0.075024           0.0768638          0.00267026
                  12            0.085734            0.077603            0.002548
                  13            0.079822           0.0777737          0.00235771
                  14             0.06126           0.0765941          0.00246678
                  15            0.084018           0.0770891          0.00235145
                  16             0.06824            0.076536           0.0022686
                  17            0.071728           0.0762532          0.00215271
                  18            0.067758           0.0757812           0.0020842
                  19             0.07432           0.0757043          0.00197593
                  20             0.08313           0.0760756           0.0019117
