                   1             0.99416             0.99416                   0
                   2            0.990008            0.992084          0.00146795
                   3             0.99865            0.994273          0.00203746
                   4            0.996606            0.994856          0.00160943
                   5            0.996106            0.995106          0.00130682
                   6            0.998524            0.995676          0.00120681
                   7            0.993644            0.995385          0.00106874
                   8            0.998214            0.995739         0.000991911
                   9            0.995832            0.995749         0.000881752
                  10            0.988624            0.995037          0.00104245
                  11             0.99673            0.995191         0.000958977
                  12            0.993638            0.995061         0.000887749
                  13            0.996834            0.995198         0.000829867
                  14            0.992906            0.995034         0.000786569
                  15            0.996218            0.995113         0.000738081
                  16            0.997312             0.99525         0.000704632
                  17            0.999262            0.995486         0.000701585
                  18            0.997302            0.995587          0.00066982
                  19            0.991182            0.995355         0.000673499
                  20             0.99499            0.995337         0.000640072
