                   1            -1.01876            -1.01876                   0
                   2            -1.01772            -1.01824         0.000367356
                   3            -1.01926            -1.01858         0.000370465
                   4            -1.01868             -1.0186         0.000278625
                   5            -1.01883            -1.01865         0.000226665
                   6            -1.01936            -1.01877         0.000217774
                   7            -1.01869            -1.01876         0.000186933
                   8            -1.01929            -1.01882         0.000175091
                   9            -1.01842            -1.01878         0.000161182
                  10            -1.01798             -1.0187         0.000163535
                  11            -1.01921            -1.01875         0.000155197
                  12            -1.01809            -1.01869         0.000151661
                  13            -1.01879             -1.0187          0.00014019
                  14            -1.01786            -1.01864         0.000142499
                  15            -1.01882            -1.01865         0.000133527
                  16            -1.01911            -1.01868         0.000128159
                  17            -1.01947            -1.01873          0.00012882
                  18            -1.01886            -1.01873          0.00012188
                  19            -1.01789            -1.01869         0.000123353
                  20            -1.01852            -1.01868         0.000117493
