                   1           0.0392519           0.0392519                   0
                   2           0.0618435           0.0505477          0.00798734
                   3           0.0190138           0.0400364           0.0101001
                   4           0.0399036           0.0400032          0.00757516
                   5           0.0308733           0.0381772          0.00627635
                   6           0.0166086           0.0345825          0.00617451
                   7           0.0358538           0.0347641          0.00529511
                   8           0.0185043           0.0327316          0.00500812
                   9            0.040859           0.0336346          0.00453235
                  10           0.0596638           0.0362376          0.00476831
                  11           0.0213367           0.0348829          0.00452316
                  12           0.0501758           0.0361573          0.00432203
                  13           0.0314411           0.0357946          0.00400477
                  14           0.0560629           0.0372423          0.00397178
                  15           0.0310556           0.0368298          0.00372835
                  16           0.0237725           0.0360138          0.00358353
                  17           0.0134663           0.0346874          0.00360984
                  18           0.0297089           0.0344109          0.00341988
                  19           0.0568623           0.0355925          0.00343797
                  20           0.0400753           0.0358166          0.00327337
