                   1              19.616              19.616                   0
                   2             20.1361              19.876            0.183862
                   3             19.0469             19.5997            0.256813
                   4              18.649              19.362            0.281887
                   5               19.76             19.4416             0.23648
                   6             19.3949             19.4338            0.197195
                   7             18.8934             19.3566            0.183514
                   8             20.3425             19.4798            0.197668
                   9             20.7461             19.6205            0.220152
                  10             18.4431             19.5028            0.227452
                  11             19.2352             19.4785            0.208072
                  12             20.6082             19.5726             0.21096
                  13             19.1353              19.539            0.197396
                  14             19.1774             19.5132            0.184978
                  15             18.8076             19.4661            0.178527
                  16             19.6761             19.4792            0.167851
                  17             17.7991             19.3804            0.184798
                  18             19.8738             19.4078            0.176553
                  19              19.629             19.4195            0.167644
                  20             20.3304              19.465            0.165333
