                   1              227.06              227.06                   0
                   2             227.273             227.167           0.0750883
                   3             227.273             227.202            0.057803
                   4             227.273              227.22            0.045982
                   5             227.273              227.23            0.037992
                   6             227.273             227.237           0.0323129
                   7             227.273             227.242           0.0280896
                   8             227.273             227.246           0.0248331
                   9             227.273             227.249           0.0222484
                  10             227.273             227.251           0.0201483
                  11             227.273             227.253           0.0184089
                  12             227.273             227.255            0.016945
                  13             227.273             227.256           0.0156961
                  14             227.273             227.258           0.0146183
                  15             227.273             227.259           0.0136787
                  16             227.273             227.259           0.0128524
                  17             227.273              227.26             0.01212
                  18             227.273             227.261           0.0114666
                  19             227.273             227.262           0.0108799
                  20             227.273             227.262           0.0103502
