                   1           -0.840176           -0.840176                   0
                   2           -0.844873           -0.842525          0.00166097
                   3           -0.836607           -0.840552          0.00195457
                   4           -0.837542           -0.839799          0.00160423
                   5           -0.838487           -0.839537           0.0013047
                   6           -0.835984           -0.838945          0.00121423
                   7           -0.838909            -0.83894          0.00104078
                   8           -0.834108           -0.838336           0.0010717
                   9           -0.834457           -0.837905          0.00103567
                  10           -0.840054            -0.83812         0.000954153
                  11           -0.836134           -0.837939         0.000884316
                  12           -0.838051           -0.837948         0.000810672
                  13           -0.837167           -0.837888         0.000750538
                  14           -0.839168            -0.83798         0.000702475
                  15           -0.836379           -0.837873           0.0006637
                  16            -0.83712           -0.837826         0.000623883
                  17           -0.835468           -0.837687         0.000602403
                  18            -0.83888           -0.837754         0.000572571
                  19           -0.835043           -0.837611         0.000559927
                  20           -0.844474           -0.837954         0.000628331
