                   1            0.283178            0.283178                   0
                   2            0.278074            0.280626          0.00180454
                   3             0.25633            0.272527          0.00672108
                   4            0.263708            0.270323          0.00539033
                   5             0.24453            0.265164          0.00631536
                   6            0.248382            0.262367          0.00584948
                   7            0.269474            0.263382          0.00510119
                   8             0.24299            0.260833          0.00506049
                   9            0.231428            0.257566          0.00545186
                  10            0.266114            0.258421          0.00497323
                  11            0.236918            0.256466          0.00489023
                  12            0.232762            0.254491          0.00486534
                  13            0.204354            0.250634          0.00582233
                  14             0.23362            0.249419          0.00553183
                  15            0.233752            0.248374          0.00526072
                  16            0.171624            0.243577          0.00677465
                  17            0.209414            0.241568          0.00666754
                  18            0.243218            0.241659          0.00629776
                  19            0.229348            0.241011          0.00599954
                  20            0.312676            0.244595           0.0066845
