                   1           -0.083054           -0.083054                   0
                   2           -0.017702           -0.050378           0.0231054
                   3            0.061822           -0.012978            0.034202
                   4            0.028368          -0.0026415           0.0271686
                   5           -0.161758          -0.0344648           0.0358132
                   6           -0.194956          -0.0612133           0.0385606
                   7           -0.039744          -0.0581463           0.0331737
                   8            0.038954          -0.0460087           0.0311684
                   9             0.10656          -0.0290567           0.0319847
                  10           -0.024892          -0.0286402            0.028789
                  11           -0.038176          -0.0295071           0.0261849
                  12            0.067536          -0.0214202           0.0252207
                  13            0.060692          -0.0151038           0.0240586
                  14            0.011618          -0.0131951           0.0224157
                  15           -0.210854          -0.0263724           0.0244901
                  16           -0.175732          -0.0357074           0.0246745
                  17           -0.005042          -0.0339035           0.0232889
                  18           -0.108722          -0.0380601            0.022363
                  19           -0.062166          -0.0393288           0.0212219
                  20            0.126286          -0.0310481           0.0217164
