                   1           0.0164603           0.0164603                   0
                   2          0.00113136          0.00879582          0.00541959
                   3          0.00265018          0.00674727          0.00398144
                   4         0.000181342          0.00510579          0.00330719
                   5          0.00410532          0.00490569           0.0026518
                   6        -1.23358e-13          0.00408808          0.00233248
                   7        -1.23358e-13          0.00350407          0.00207109
                   8        -1.23358e-13          0.00306606          0.00185794
                   9         0.000181342          0.00274554          0.00167892
                  10        -1.23358e-13          0.00247098          0.00153332
                  11         0.000181342          0.00226283          0.00140798
                  12          0.00184153          0.00222772          0.00129109
                  13         0.000739728          0.00211326          0.00119684
                  14          0.00148645          0.00206849          0.00111218
                  15          0.00184878          0.00205384          0.00103814
                  16        -1.23358e-13          0.00192548         0.000981156
                  17          0.00167143          0.00191053         0.000923555
                  18          0.00307894          0.00197545         0.000874524
                  19         0.000181342          0.00188102         0.000833579
                  20         0.000743371          0.00182414         0.000793839
