                   1            0.121774            0.121774                   0
                   2             0.13026            0.126017          0.00300025
                   3            0.097042            0.116359           0.0081357
                   4            0.112168            0.115311          0.00616886
                   5            0.101658             0.11258          0.00550636
                   6            0.094536            0.109573          0.00534721
                   7            0.100484            0.108275          0.00473834
                   8            0.082992            0.105114          0.00509204
                   9            0.117086            0.106444          0.00469679
                  10             0.12267            0.108067          0.00449866
                  11            0.106654            0.107939          0.00409152
                  12            0.115438            0.108563          0.00379799
                  13            0.122024            0.109599          0.00364425
                  14            0.089434            0.108159          0.00365753
                  15            0.118082             0.10882          0.00347301
                  16            0.101862            0.108385          0.00328306
                  17             0.10047             0.10792          0.00312278
                  18             0.10524            0.107771          0.00295284
                  19            0.116402            0.108225          0.00283215
                  20            0.116508            0.108639          0.00272066
