                   1           -0.710779           -0.710779                   0
                   2           -0.717545           -0.714162          0.00239204
                   3           -0.714245            -0.71419          0.00159485
                   4           -0.713151            -0.71393          0.00121709
                   5           -0.713825           -0.713909         0.000973852
                   6           -0.713763           -0.713885         0.000811849
                   7           -0.714026           -0.713905          0.00069612
                   8            -0.71182           -0.713644         0.000656086
                   9            -0.71531           -0.713829         0.000608724
                  10           -0.710641           -0.713511         0.000625786
                  11           -0.710361           -0.713224         0.000631004
                  12           -0.713569           -0.713253         0.000579074
                  13            -0.71192            -0.71315         0.000543525
                  14           -0.712829           -0.713127         0.000505187
                  15           -0.713322            -0.71314         0.000471674
                  16           -0.715233           -0.713271         0.000459974
                  17           -0.712329           -0.713216          0.00043624
                  18           -0.715793           -0.713359         0.000434863
                  19           -0.713416           -0.713362         0.000411985
                  20           -0.716554           -0.713522          0.00042117
