0   0    0
0.064633   0    0
0.129266   0    0
0.193899   0    0
0.258532   0    0
0.323165   0    0
0.387798   0    0
0.452431   0    0
0.517064   0    0
0.581697   0    0
0.64633   0    0
0.710963   0.00115484    3.34053e-05
0.775596   0.197675    0.000338122
0.84023   1.39116    0.00169181
0.904863   2.65803    0.00229813
0.969496   2.86833    0.00226346
1.03413   2.60781    0.00149124
1.09876   2.2667    0.00235124
1.16339   1.97865    0.00200038
1.22803   1.77846    0.00101481
1.29266   1.59125    0.00124815
1.35729   1.48376    0.00100869
1.42193   1.40831    0.000746785
1.48656   1.3483    0.000870935
1.55119   1.29739    0.00114193
1.61583   1.26809    0.00106291
1.68046   1.2413    0.000977916
1.74509   1.21945    0.000749848
1.80973   1.20954    0.000926057
1.87436   1.20521    0.000468286
1.93899   1.19971    0.000738116
2.00362   1.19522    0.000503622
2.06826   1.18326    0.000597693
2.13289   1.16374    0.000604219
2.19752   1.16522    0.000454226
2.26216   1.15503    0.000472774
2.32679   1.13562    0.000687842
2.39142   1.12545    0.000454913
2.45606   1.12621    0.000438675
2.52069   1.11491    0.000372721
2.58532   1.11517    0.000353603
2.64995   1.1044    0.00036714
2.71459   1.10254    0.000393947
2.77922   1.09904    0.000305932
2.84385   1.09444    0.00033678
2.90849   1.08811    0.000368591
2.97312   1.08709    0.000291518
3.03775   1.08275    0.000499715
3.10239   1.07612    0.000398648
3.16702   1.07951    0.000288428
3.23165   1.07367    0.000436622
3.29629   1.07373    0.000510822
3.36092   1.07084    0.000447397
3.42555   1.06308    0.000279158
3.49018   1.06419    0.000272829
3.55482   1.06016    0.000315757
3.61945   1.06537    0.000327889
3.68408   1.06187    0.000271515
3.74872   1.05725    0.000329675
3.81335   1.05585    0.000214988
3.87798   1.05502    0.00021526
3.94262   1.05351    0.000123846
4.00725   1.04872    0.000210213
4.07188   1.05055    0.000228919
4.13651   1.05185    0.000227031
4.20115   1.05075    0.00019177
4.26578   1.04684    0.000176623
4.33041   1.04571    0.000254282
4.39505   1.04327    0.00020788
4.45968   1.04825    0.000229347
4.52431   1.04453    0.000243316
4.58895   1.04714    0.000207787
4.65358   1.04009    0.000160302
4.71821   1.04464    0.000254541
4.78285   1.04124    0.000111565
4.84748   1.03722    0.000228312
4.91211   1.03794    0.000223791
4.97674   1.03781    0.000124174
5.04138   1.03857    0.000103865
5.10601   1.0369    0.000212472
5.17064   1.03693    0.000164583
5.23528   1.03347    0.00019554
5.29991   1.03739    0.000235008
5.36454   1.03487    0.000133517
5.42918   1.03442    0.000161919
5.49381   1.03368    0.000203942
5.55844   1.03493    0.000155603
5.62307   1.03108    0.00016246
5.68771   1.03116    0.00011335
5.75234   1.02918    0.000211884
5.81697   1.03261    0.000161992
5.88161   1.02957    0.000169775
5.94624   1.03154    0.00019861
6.01087   1.02925    0.000215782
6.07551   1.03213    0.000134521
6.14014   1.02679    0.000168961
6.20477   1.02694    0.000158061
6.2694   1.02809    0.000142875
6.33404   1.01205    0.000169072
6.39867   0.979246    0.00015619
