1   0   0   0
1   0.064633   0   0
1   0.129266   0   0
1   0.193899   0   0
1   0.258532   0   0
1   0.323165   0   0
1   0.387798   0   0
1   0.452431   0   0
1   0.517064   0   0
1   0.581697   0   0
1   0.64633   0   0
1   0.710963   0.000164977   0
1   0.775596   0.019551   0
1   0.84023   0.136919   0
1   0.904863   0.264371   0
1   0.969496   0.279198   0
1   1.03413   0.261021   0
1   1.09876   0.219757   0
1   1.16339   0.191418   0
1   1.22803   0.176253   0
1   1.29266   0.157819   0
1   1.35729   0.15014   0
1   1.42193   0.136899   0
1   1.48656   0.134095   0
1   1.55119   0.131537   0
1   1.61583   0.119041   0
1   1.68046   0.122303   0
1   1.74509   0.121221   0
1   1.80973   0.117084   0
1   1.87436   0.118587   0
1   1.93899   0.116935   0
1   2.00362   0.118583   0
1   2.06826   0.116638   0
1   2.13289   0.114165   0
1   2.19752   0.115356   0
1   2.26216   0.113184   0
1   2.32679   0.1115   0
1   2.39142   0.110516   0
1   2.45606   0.112501   0
1   2.52069   0.109157   0
1   2.58532   0.109703   0
1   2.64995   0.110153   0
1   2.71459   0.109194   0
1   2.77922   0.108668   0
1   2.84385   0.108811   0
1   2.90849   0.107814   0
1   2.97312   0.107376   0
1   3.03775   0.106376   0
1   3.10239   0.106764   0
1   3.16702   0.106574   0
1   3.23165   0.105276   0
1   3.29629   0.106059   0
1   3.36092   0.107456   0
1   3.42555   0.106115   0
1   3.49018   0.105061   0
1   3.55482   0.106001   0
1   3.61945   0.106827   0
1   3.68408   0.106118   0
1   3.74872   0.105695   0
1   3.81335   0.10524   0
1   3.87798   0.105151   0
1   3.94262   0.105719   0
1   4.00725   0.105325   0
1   4.07188   0.103715   0
1   4.13651   0.105997   0
1   4.20115   0.10435   0
1   4.26578   0.103951   0
1   4.33041   0.104911   0
1   4.39505   0.105293   0
1   4.45968   0.104791   0
1   4.52431   0.103317   0
1   4.58895   0.105619   0
1   4.65358   0.104491   0
1   4.71821   0.105219   0
1   4.78285   0.10429   0
1   4.84748   0.103998   0
1   4.91211   0.104559   0
1   4.97674   0.104112   0
1   5.04138   0.103684   0
1   5.10601   0.104026   0
1   5.17064   0.103467   0
1   5.23528   0.10275   0
1   5.29991   0.10383   0
1   5.36454   0.104481   0
1   5.42918   0.102547   0
1   5.49381   0.103249   0
1   5.55844   0.103443   0
1   5.62307   0.103201   0
1   5.68771   0.103335   0
1   5.75234   0.104358   0
1   5.81697   0.102458   0
1   5.88161   0.103097   0
1   5.94624   0.103291   0
1   6.01087   0.10296   0
1   6.07551   0.103383   0
1   6.14014   0.10317   0
1   6.20477   0.10263   0
1   6.2694   0.102992   0
1   6.33404   0.101673   0
1   6.39867   0.0984566   0



2   0   0   0
2   0.064633   0   0
2   0.129266   0   0
2   0.193899   0   0
2   0.258532   0   0
2   0.323165   0   0
2   0.387798   0   0
2   0.452431   0   0
2   0.517064   0   0
2   0.581697   0   0
2   0.64633   0   0
2   0.710963   0.000329954   0
2   0.775596   0.0383339   0.000271556
2   0.84023   0.273299   0.0001905
2   0.904863   0.529935   0.000422024
2   0.969496   0.57075   0.0043679
2   1.03413   0.526813   0.00168641
2   1.09876   0.442151   0.000932299
2   1.16339   0.393326   0.00370906
2   1.22803   0.353138   0.000223242
2   1.29266   0.311508   0.00145989
2   1.35729   0.293362   0.00244585
2   1.42193   0.276255   0.000868932
2   1.48656   0.267537   0.000230585
2   1.55119   0.260983   0.000739304
2   1.61583   0.246491   0.00297317
2   1.68046   0.243503   0.000390151
2   1.74509   0.241027   0.00050007
2   1.80973   0.237191   0.00106897
2   1.87436   0.238366   0.000421265
2   1.93899   0.238505   0.00163861
2   2.00362   0.238652   0.000525042
2   2.06826   0.232532   0.000263057
2   2.13289   0.228273   2.06323e-05
2   2.19752   0.228869   0.000651696
2   2.26216   0.227425   0.000373587
2   2.32679   0.222525   0.000168009
2   2.39142   0.222017   0.000348524
2   2.45606   0.225524   0.000184855
2   2.52069   0.220777   0.000870649
2   2.58532   0.221842   0.000861126
2   2.64995   0.220489   6.49828e-05
2   2.71459   0.218485   3.41853e-05
2   2.77922   0.218056   0.000254935
2   2.84385   0.218691   0.000378078
2   2.90849   0.215759   4.66034e-05
2   2.97312   0.214994   8.56715e-05
2   3.03775   0.213614   0.000304463
2   3.10239   0.213189   0.000119768
2   3.16702   0.213884   0.000259882
2   3.23165   0.212864   0.000817174
2   3.29629   0.21195   5.96586e-05
2   3.36092   0.212638   0.000803707
2   3.42555   0.211613   0.00021843
2   3.49018   0.212393   0.000802973
2   3.55482   0.211049   0.000337033
2   3.61945   0.21328   0.000131776
2   3.68408   0.213725   0.000526438
2   3.74872   0.209766   0.000574002
2   3.81335   0.210208   9.59304e-05
2   3.87798   0.209961   0.000120199
2   3.94262   0.211331   3.77537e-05
2   4.00725   0.209865   0.000277622
2   4.07188   0.208393   0.000340731
2   4.13651   0.211659   0.000118741
2   4.20115   0.209275   0.000203299
2   4.26578   0.2092   0.000459041
2   4.33041   0.210172   0.000123667
2   4.39505   0.21015   0.000153805
2   4.45968   0.208799   0.00027645
2   4.52431   0.207677   0.00036883
2   4.58895   0.210785   0.000160042
2   4.65358   0.208072   0.000321595
2   4.71821   0.209894   0.000192171
2   4.78285   0.208451   4.51972e-05
2   4.84748   0.207355   0.00022681
2   4.91211   0.207918   0.000424692
2   4.97674   0.207963   9.25275e-05
2   5.04138   0.20769   0.000113984
2   5.10601   0.208303   8.85412e-05
2   5.17064   0.206733   7.14663e-05
2   5.23528   0.206041   0.000191158
2   5.29991   0.207753   3.28876e-05
2   5.36454   0.207397   0.000553528
2   5.42918   0.206357   0.000446457
2   5.49381   0.20688   0.000135151
2   5.55844   0.206782   3.71375e-05
2   5.62307   0.206451   1.71386e-05
2   5.68771   0.206436   8.2782e-05
2   5.75234   0.206974   0.000616223
2   5.81697   0.205961   0.00036943
2   5.88161   0.205635   0.000197294
2   5.94624   0.20537   0.000428503
2   6.01087   0.206344   0.000150096
2   6.07551   0.206908   5.05633e-05
2   6.14014   0.206082   9.1403e-05
2   6.20477   0.205324   2.23796e-05
2   6.2694   0.206295   0.000110021
2   6.33404   0.20304   0.000108196
2   6.39867   0.197426   0.000181268



3   0   0   0
3   0.064633   0   0
3   0.129266   0   0
3   0.193899   0   0
3   0.258532   0   0
3   0.323165   0   0
3   0.387798   0   0
3   0.452431   0   0
3   0.517064   0   0
3   0.581697   0   0
3   0.64633   0   0
3   0.710963   0.000659908   4.4901e-05
3   0.775596   0.0578151   0.000200219
3   0.84023   0.401297   0.00235792
3   0.904863   0.794254   0.000332162
3   0.969496   0.853308   0.00301111
3   1.03413   0.777332   0.00368311
3   1.09876   0.666112   0.00100171
3   1.16339   0.585509   0.002757
3   1.22803   0.525545   0.0011424
3   1.29266   0.467586   0.000977264
3   1.35729   0.440102   0.00163065
3   1.42193   0.416582   0.000832928
3   1.48656   0.403588   0.00064
3   1.55119   0.385666   0.00165619
3   1.61583   0.371373   0.00203154
3   1.68046   0.365962   0.000323569
3   1.74509   0.360097   0.00051521
3   1.80973   0.35453   0.000790444
3   1.87436   0.357995   0.000305873
3   1.93899   0.356074   0.00118463
3   2.00362   0.356069   0.000626371
3   2.06826   0.348405   0.000205371
3   2.13289   0.345385   0.000810136
3   2.19752   0.344408   0.000528406
3   2.26216   0.341129   0.000249069
3   2.32679   0.335459   0.000468483
3   2.39142   0.334923   0.000566373
3   2.45606   0.336   0.000634401
3   2.52069   0.33167   0.000596402
3   2.58532   0.331312   0.000696757
3   2.64995   0.330395   0.000101948
3   2.71459   0.329564   0.000500521
3   2.77922   0.328322   0.00037722
3   2.84385   0.328345   0.000265684
3   2.90849   0.326214   0.000701691
3   2.97312   0.324804   0.000631859
3   3.03775   0.321185   0.000290655
3   3.10239   0.320853   0.000301868
3   3.16702   0.321247   0.000207715
3   3.23165   0.32043   0.000626169
3   3.29629   0.319594   0.00045595
3   3.36092   0.318097   0.000584632
3   3.42555   0.316648   0.000255274
3   3.49018   0.318277   0.000542024
3   3.55482   0.317837   0.000410745
3   3.61945   0.31838   0.000428364
3   3.68408   0.31984   0.000405702
3   3.74872   0.314475   0.000385581
3   3.81335   0.315383   6.68026e-05
3   3.87798   0.314957   8.02355e-05
3   3.94262   0.316359   0.000175018
3   4.00725   0.313764   0.000336495
3   4.07188   0.313156   0.000274428
3   4.13651   0.315929   0.000431507
3   4.20115   0.313819   0.000137933
3   4.26578   0.313906   0.000307388
3   4.33041   0.313668   0.00044074
3   4.39505   0.313605   0.000452753
3   4.45968   0.313949   0.000275071
3   4.52431   0.310755   0.000321492
3   4.58895   0.314518   0.000463976
3   4.65358   0.311596   0.000255536
3   4.71821   0.313729   0.000328733
3   4.78285   0.312263   0.000116635
3   4.84748   0.311101   0.000152334
3   4.91211   0.312041   0.000286631
3   4.97674   0.310966   0.00027317
3   5.04138   0.311312   9.72857e-05
3   5.10601   0.311617   0.00023527
3   5.17064   0.310953   0.00023727
3   5.23528   0.310263   0.000351125
3   5.29991   0.312004   0.000104467
3   5.36454   0.310672   0.000386537
3   5.42918   0.309646   0.000299142
3   5.49381   0.30997   0.000131299
3   5.55844   0.311433   0.000343954
3   5.62307   0.309874   5.51343e-05
3   5.68771   0.309124   0.000154345
3   5.75234   0.310716   0.000416659
3   5.81697   0.309609   0.000306078
3   5.88161   0.309511   0.000316742
3   5.94624   0.309552   0.000497771
3   6.01087   0.309829   0.000131266
3   6.07551   0.309775   0.000163369
3   6.14014   0.30936   8.8731e-05
3   6.20477   0.308602   0.000168474
3   6.2694   0.30961   8.62989e-05
3   6.33404   0.30432   9.72462e-05
3   6.39867   0.295643   0.000181104



4   0   0   0
4   0.064633   0   0
4   0.129266   0   0
4   0.193899   0   0
4   0.258532   0   0
4   0.323165   0   0
4   0.387798   0   0
4   0.452431   0   0
4   0.517064   0   0
4   0.581697   0   0
4   0.64633   0   0
4   0.710963   0.000659908   5.83282e-05
4   0.775596   0.07981   0.000608407
4   0.84023   0.547914   0.0032969
4   0.904863   1.06573   0.00147812
4   0.969496   1.13537   0.00231623
4   1.03413   1.04373   0.00318057
4   1.09876   0.906929   0.00413466
4   1.16339   0.776894   0.00222413
4   1.22803   0.704784   0.00122695
4   1.29266   0.624444   0.000763981
4   1.35729   0.587432   0.00123056
4   1.42193   0.559517   0.00108097
4   1.48656   0.537149   0.000523794
4   1.55119   0.517603   0.00144191
4   1.61583   0.498772   0.00171231
4   1.68046   0.492525   0.00101974
4   1.74509   0.480135   0.000386409
4   1.80973   0.477109   0.0011226
4   1.87436   0.477146   0.000232683
4   1.93899   0.473736   0.000915961
4   2.00362   0.479504   0.0011296
4   2.06826   0.469311   0.00104433
4   2.13289   0.461729   0.000662167
4   2.19752   0.461506   0.000635686
4   2.26216   0.456886   0.000480933
4   2.32679   0.4495   0.000595436
4   2.39142   0.447503   0.000470942
4   2.45606   0.447808   0.000477603
4   2.52069   0.444346   0.000640865
4   2.58532   0.442952   0.00058381
4   2.64995   0.439134   0.000310972
4   2.71459   0.439979   0.000394485
4   2.77922   0.439619   0.000491699
4   2.84385   0.439162   0.000357127
4   2.90849   0.435604   0.000544874
4   2.97312   0.433487   0.000482362
4   3.03775   0.430488   0.000532025
4   3.10239   0.430155   0.000557122
4   3.16702   0.429585   0.000313447
4   3.23165   0.429965   0.000754084
4   3.29629   0.426431   0.000348318
4   3.36092   0.424943   0.0004725
4   3.42555   0.424625   0.000559205
4   3.49018   0.425414   0.000465229
4   3.55482   0.425323   0.000454005
4   3.61945   0.424814   0.00032806
4   3.68408   0.425812   0.000334386
4   3.74872   0.4195   0.000292406
4   3.81335   0.421706   0.000263377
4   3.87798   0.420868   0.000209215
4   3.94262   0.421645   0.000136175
4   4.00725   0.419978   0.000433054
4   4.07188   0.418893   0.00035779
4   4.13651   0.42211   0.000374575
4   4.20115   0.419062   0.000172389
4   4.26578   0.419088   0.000259196
4   4.33041   0.419679   0.000456626
4   4.39505   0.417797   0.000347579
4   4.45968   0.418207   0.000223117
4   4.52431   0.41611   0.000452791
4   4.58895   0.418683   0.000377401
4   4.65358   0.416307   0.000264988
4   4.71821   0.419041   0.000293504
4   4.78285   0.415923   0.000127343
4   4.84748   0.415813   0.000247177
4   4.91211   0.416268   0.000219904
4   4.97674   0.415198   0.000239929
4   5.04138   0.415458   0.000109245
4   5.10601   0.415219   0.000185963
4   5.17064   0.414761   0.000181156
4   5.23528   0.413636   0.00026355
4   5.29991   0.415286   0.000174487
4   5.36454   0.414271   0.000290037
4   5.42918   0.413205   0.000236393
4   5.49381   0.413656   0.000126039
4   5.55844   0.415423   0.000260875
4   5.62307   0.412747   9.95421e-05
4   5.68771   0.41238   0.0001247
4   5.75234   0.41391   0.000323079
4   5.81697   0.412495   0.000239611
4   5.88161   0.412678   0.000237558
4   5.94624   0.412304   0.000384847
4   6.01087   0.41367   0.000157059
4   6.07551   0.412851   0.000128742
4   6.14014   0.411655   0.000190542
4   6.20477   0.412444   0.000245999
4   6.2694   0.412485   9.615e-05
4   6.33404   0.405457   9.8209e-05
4   6.39867   0.393391   0.000220131



5   0   0   0
5   0.064633   0   0
5   0.129266   0   0
5   0.193899   0   0
5   0.258532   0   0
5   0.323165   0   0
5   0.387798   0   0
5   0.452431   0   0
5   0.517064   0   0
5   0.581697   0   0
5   0.64633   0   0
5   0.710963   0.000659908   5.52119e-05
5   0.775596   0.0985929   0.000529787
5   0.84023   0.6816   0.00270249
5   0.904863   1.31962   0.00253684
5   0.969496   1.42251   0.00194498
5   1.03413   1.30014   0.0026698
5   1.09876   1.12996   0.0033732
5   1.16339   0.97182   0.00178372
5   1.22803   0.87854   0.0010742
5   1.29266   0.780289   0.000613037
5   1.35729   0.734172   0.000984673
5   1.42193   0.700448   0.000884975
5   1.48656   0.671817   0.000424526
5   1.55119   0.643794   0.00128849
5   1.61583   0.623   0.00137238
5   1.68046   0.614346   0.000848755
5   1.74509   0.601485   0.000388668
5   1.80973   0.597136   0.000908027
5   1.87436   0.598142   0.000357911
5   1.93899   0.593769   0.000786597
5   2.00362   0.597768   0.000948548
5   2.06826   0.588367   0.000890834
5   2.13289   0.577042   0.000530163
5   2.19752   0.577605   0.000524701
5   2.26216   0.570867   0.000387141
5   2.32679   0.563802   0.000588038
5   2.39142   0.55864   0.000399293
5   2.45606   0.559027   0.00040394
5   2.52069   0.55577   0.000516235
5   2.58532   0.55372   0.000467079
5   2.64995   0.548767   0.000250231
5   2.71459   0.549209   0.000343942
5   2.77922   0.548881   0.000409841
5   2.84385   0.546815   0.000477294
5   2.90849   0.544409   0.000436239
5   2.97312   0.541716   0.000386732
5   3.03775   0.538098   0.000425625
5   3.10239   0.535768   0.000563316
5   3.16702   0.537826   0.00029272
5   3.23165   0.537741   0.000605412
5   3.29629   0.534108   0.000337963
5   3.36092   0.533979   0.000627499
5   3.42555   0.530309   0.00045526
5   3.49018   0.531706   0.000372346
5   3.55482   0.530576   0.000411164
5   3.61945   0.531503   0.000276496
5   3.68408   0.531775   0.000281519
5   3.74872   0.526343   0.000422679
5   3.81335   0.528271   0.000293139
5   3.87798   0.52666   0.000196436
5   3.94262   0.52758   0.000143695
5   4.00725   0.524026   0.000385613
5   4.07188   0.523745   0.000287155
5   4.13651   0.527047   0.000317725
5   4.20115   0.524501   0.000183138
5   4.26578   0.522738   0.000288646
5   4.33041   0.524525   0.000365535
5   4.39505   0.520947   0.000362405
5   4.45968   0.524719   0.000393596
5   4.52431   0.52096   0.000390973
5   4.58895   0.52291   0.000312199
5   4.65358   0.520771   0.000222996
5   4.71821   0.52445   0.000261906
5   4.78285   0.520281   0.000122234
5   4.84748   0.520591   0.000246677
5   4.91211   0.52104   0.000216463
5   4.97674   0.518633   0.000202762
5   5.04138   0.519547   9.62165e-05
5   5.10601   0.51878   0.000154995
5   5.17064   0.519163   0.000192952
5   5.23528   0.516414   0.00023916
5   5.29991   0.51884   0.00014756
5   5.36454   0.517661   0.000234197
5   5.42918   0.517347   0.000241594
5   5.49381   0.51809   0.000208333
5   5.55844   0.518897   0.000219595
5   5.62307   0.517052   0.000215229
5   5.68771   0.516193   0.000162646
5   5.75234   0.516096   0.000346631
5   5.81697   0.516637   0.000264348
5   5.88161   0.515538   0.000197987
5   5.94624   0.516348   0.000353177
5   6.01087   0.515715   0.000275863
5   6.07551   0.516105   0.000103262
5   6.14014   0.514158   0.000169178
5   6.20477   0.515195   0.000207077
5   6.2694   0.514946   0.000140864
5   6.33404   0.506731   8.02203e-05
5   6.39867   0.490909   0.000230276



6   0   0   0
6   0.064633   0   0
6   0.129266   0   0
6   0.193899   0   0
6   0.258532   0   0
6   0.323165   0   0
6   0.387798   0   0
6   0.452431   0   0
6   0.517064   0   0
6   0.581697   0   0
6   0.64633   0   0
6   0.710963   0.000824885   4.62829e-05
6   0.775596   0.116957   0.000487226
6   0.84023   0.820734   0.00229241
6   0.904863   1.58908   0.00227544
6   0.969496   1.70621   0.00162547
6   1.03413   1.56348   0.00228142
6   1.09876   1.35713   0.00281669
6   1.16339   1.16372   0.00153313
6   1.22803   1.06223   0.00150831
6   1.29266   0.940133   0.000769969
6   1.35729   0.888562   0.00141234
6   1.42193   0.840839   0.000738908
6   1.48656   0.800911   0.000876231
6   1.55119   0.770331   0.00112571
6   1.61583   0.751692   0.00130215
6   1.68046   0.736137   0.000726085
6   1.74509   0.724712   0.000551007
6   1.80973   0.718278   0.000800397
6   1.87436   0.717921   0.000299137
6   1.93899   0.713743   0.000681283
6   2.00362   0.716769   0.000794909
6   2.06826   0.704788   0.000766428
6   2.13289   0.692443   0.000441804
6   2.19752   0.693869   0.00045162
6   2.26216   0.687048   0.000444281
6   2.32679   0.676203   0.000493064
6   2.39142   0.67032   0.000332825
6   2.45606   0.670696   0.000337261
6   2.52069   0.666901   0.000430211
6   2.58532   0.665992   0.000453368
6   2.64995   0.658362   0.000209914
6   2.71459   0.657364   0.000384771
6   2.77922   0.657162   0.000410361
6   2.84385   0.655455   0.000412684
6   2.90849   0.650683   0.000538126
6   2.97312   0.65035   0.000325278
6   3.03775   0.64447   0.000402328
6   3.10239   0.642555   0.000472732
6   3.16702   0.645287   0.000244449
6   3.23165   0.643984   0.000542152
6   3.29629   0.63983   0.000327585
6   3.36092   0.640052   0.000534341
6   3.42555   0.63742   0.000411573
6   3.49018   0.63751   0.000320904
6   3.55482   0.635468   0.000389924
6   3.61945   0.637116   0.000253075
6   3.68408   0.636473   0.000344342
6   3.74872   0.632335   0.000368999
6   3.81335   0.633977   0.000244406
6   3.87798   0.631903   0.000164254
6   3.94262   0.632866   0.000124767
6   4.00725   0.628445   0.000326656
6   4.07188   0.62857   0.000239574
6   4.13651   0.63147   0.000304358
6   4.20115   0.629467   0.000152941
6   4.26578   0.627017   0.000243984
6   4.33041   0.628167   0.000360201
6   4.39505   0.625391   0.000304468
6   4.45968   0.629487   0.000329086
6   4.52431   0.624934   0.000327499
6   4.58895   0.627043   0.000268995
6   4.65358   0.62496   0.000185908
6   4.71821   0.629317   0.000218282
6   4.78285   0.624024   0.000112476
6   4.84748   0.624003   0.000231927
6   4.91211   0.623854   0.000278479
6   4.97674   0.622038   0.000175898
6   5.04138   0.623229   8.73294e-05
6   5.10601   0.621523   0.000201104
6   5.17064   0.622441   0.000181536
6   5.23528   0.619798   0.000199898
6   5.29991   0.623314   0.000163338
6   5.36454   0.621567   0.000203311
6   5.42918   0.620365   0.000212715
6   5.49381   0.621766   0.000173837
6   5.55844   0.621868   0.000220523
6   5.62307   0.619644   0.000218316
6   5.68771   0.619737   0.000143287
6   5.75234   0.618539   0.000312021
6   5.81697   0.619628   0.000226148
6   5.88161   0.617821   0.000207265
6   5.94624   0.619848   0.000296394
6   6.01087   0.617284   0.000331961
6   6.07551   0.619037   9.65813e-05
6   6.14014   0.617631   0.000171451
6   6.20477   0.617637   0.000195051
6   6.2694   0.617154   0.000167087
6   6.33404   0.606857   0.000197295
6   6.39867   0.589143   0.00019206



7   0   0   0
7   0.064633   0   0
7   0.129266   0   0
7   0.193899   0   0
7   0.258532   0   0
7   0.323165   0   0
7   0.387798   0   0
7   0.452431   0   0
7   0.517064   0   0
7   0.581697   0   0
7   0.64633   0   0
7   0.710963   0.000989862   3.98374e-05
7   0.775596   0.138254   0.000480962
7   0.84023   0.965196   0.00221152
7   0.904863   1.86155   0.0021954
7   0.969496   1.99989   0.00186017
7   1.03413   1.82855   0.00204365
7   1.09876   1.59407   0.00280143
7   1.16339   1.37395   0.00252233
7   1.22803   1.24023   0.00129914
7   1.29266   1.10766   0.0015786
7   1.35729   1.04165   0.00137927
7   1.42193   0.984076   0.000754283
7   1.48656   0.939907   0.00104656
7   1.55119   0.907541   0.00151407
7   1.61583   0.881206   0.00124865
7   1.68046   0.867206   0.00127112
7   1.74509   0.849743   0.000733739
7   1.80973   0.844821   0.00113442
7   1.87436   0.840221   0.000433882
7   1.93899   0.839138   0.00103246
7   2.00362   0.837608   0.000705267
7   2.06826   0.824723   0.00073367
7   2.13289   0.81119   0.000581779
7   2.19752   0.810692   0.000417301
7   2.26216   0.804208   0.000517711
7   2.32679   0.792792   0.000665577
7   2.39142   0.785197   0.000505787
7   2.45606   0.784367   0.000382073
7   2.52069   0.780025   0.000451822
7   2.58532   0.778883   0.000462212
7   2.64995   0.770879   0.000410503
7   2.71459   0.769694   0.00049292
7   2.77922   0.76846   0.000422588
7   2.84385   0.766542   0.000429714
7   2.90849   0.760958   0.000520817
7   2.97312   0.759629   0.000302519
7   3.03775   0.754088   0.000451727
7   3.10239   0.751708   0.000488366
7   3.16702   0.754316   0.00028685
7   3.23165   0.751841   0.00046989
7   3.29629   0.749272   0.000465174
7   3.36092   0.746157   0.000464175
7   3.42555   0.744038   0.000356376
7   3.49018   0.744129   0.000279322
7   3.55482   0.741806   0.000338946
7   3.61945   0.744541   0.000271859
7   3.68408   0.742037   0.000302925
7   3.74872   0.73808   0.000319784
7   3.81335   0.738902   0.000231082
7   3.87798   0.738285   0.000199168
7   3.94262   0.737372   0.000167137
7   4.00725   0.733681   0.000287532
7   4.07188   0.734385   0.000248193
7   4.13651   0.736985   0.0002633
7   4.20115   0.734779   0.000141401
7   4.26578   0.731612   0.000209484
7   4.33041   0.731846   0.000336646
7   4.39505   0.729939   0.000264306
7   4.45968   0.73363   0.000300008
7   4.52431   0.730059   0.00030858
7   4.58895   0.732824   0.000285576
7   4.65358   0.729175   0.000159511
7   4.71821   0.732524   0.000290457
7   4.78285   0.728278   0.000101925
7   4.84748   0.726778   0.00025653
7   4.91211   0.727123   0.000256355
7   4.97674   0.725863   0.000152105
7   5.04138   0.726941   7.77669e-05
7   5.10601   0.726218   0.000226195
7   5.17064   0.725491   0.000180432
7   5.23528   0.722385   0.00019554
7   5.29991   0.726818   0.000148816
7   5.36454   0.724732   0.000183313
7   5.42918   0.723286   0.0001928
7   5.49381   0.724716   0.000173849
7   5.55844   0.72504   0.00019909
7   5.62307   0.722509   0.000194805
7   5.68771   0.72258   0.000136274
7   5.75234   0.72085   0.00028664
7   5.81697   0.722274   0.000210747
7   5.88161   0.721113   0.00018269
7   5.94624   0.72276   0.000259398
7   6.01087   0.720662   0.00029205
7   6.07551   0.722253   8.29717e-05
7   6.14014   0.719173   0.000236121
7   6.20477   0.720208   0.000174123
7   6.2694   0.719238   0.000176052
7   6.33404   0.707145   0.000203412
7   6.39867   0.686683   0.000185728



8   0   0   0
8   0.064633   0   0
8   0.129266   0   0
8   0.193899   0   0
8   0.258532   0   0
8   0.323165   0   0
8   0.387798   0   0
8   0.452431   0   0
8   0.517064   0   0
8   0.581697   0   0
8   0.64633   0   0
8   0.710963   0.000989862   3.85805e-05
8   0.775596   0.157874   0.000421115
8   0.84023   1.10846   0.00203475
8   0.904863   2.13214   0.00199687
8   0.969496   2.30271   0.00257972
8   1.03413   2.0903   0.00178924
8   1.09876   1.82544   0.00248813
8   1.16339   1.5718   0.00221477
8   1.22803   1.42211   0.00126277
8   1.29266   1.27008   0.00146509
8   1.35729   1.18887   0.0012212
8   1.42193   1.12938   0.000860675
8   1.48656   1.07886   0.00106702
8   1.55119   1.03855   0.00133433
8   1.61583   1.01279   0.00127935
8   1.68046   0.990287   0.00111621
8   1.74509   0.976737   0.000917194
8   1.80973   0.969874   0.00111606
8   1.87436   0.96365   0.000549468
8   1.93899   0.960485   0.000919611
8   2.00362   0.957115   0.00061736
8   2.06826   0.944575   0.000684611
8   2.13289   0.931201   0.0007014
8   2.19752   0.928598   0.000439513
8   2.26216   0.921368   0.000525203
8   2.32679   0.910592   0.000788396
8   2.39142   0.899633   0.000515712
8   2.45606   0.897052   0.00034239
8   2.52069   0.893233   0.000446563
8   2.58532   0.891561   0.0004367
8   2.64995   0.883358   0.000452465
8   2.71459   0.880864   0.000454056
8   2.77922   0.878599   0.000372133
8   2.84385   0.876846   0.000387417
8   2.90849   0.869832   0.000456123
8   2.97312   0.870231   0.000359745
8   3.03775   0.865907   0.00062063
8   3.10239   0.861103   0.000487574
8   3.16702   0.864094   0.000344496
8   3.23165   0.861432   0.00048405
8   3.29629   0.860097   0.000601397
8   3.36092   0.855941   0.000551467
8   3.42555   0.851374   0.000334889
8   3.49018   0.852148   0.000316157
8   3.55482   0.849614   0.000366133
8   3.61945   0.853539   0.000389238
8   3.68408   0.849716   0.000329522
8   3.74872   0.845871   0.000392195
8   3.81335   0.845702   0.000248984
8   3.87798   0.844429   0.000191283
8   3.94262   0.843056   0.000151709
8   4.00725   0.83841   0.000251772
8   4.07188   0.840699   0.000272061
8   4.13651   0.842932   0.000243111
8   4.20115   0.840699   0.000166397
8   4.26578   0.83713   0.000217553
8   4.33041   0.837196   0.000309068
8   4.39505   0.835132   0.000254844
8   4.45968   0.839222   0.000278234
8   4.52431   0.835438   0.00029834
8   4.58895   0.837612   0.000250148
8   4.65358   0.832508   0.000170262
8   4.71821   0.837563   0.000258268
8   4.78285   0.833211   0.000137309
8   4.84748   0.830322   0.000226855
8   4.91211   0.830975   0.000224325
8   4.97674   0.830095   0.000147182
8   5.04138   0.83147   0.000104649
8   5.10601   0.830897   0.000226031
8   5.17064   0.828947   0.000159369
8   5.23528   0.826938   0.000233176
8   5.29991   0.830874   0.00013284
8   5.36454   0.828081   0.000161833
8   5.42918   0.827293   0.000186535
8   5.49381   0.828767   0.000163822
8   5.55844   0.828597   0.00017422
8   5.62307   0.825602   0.000171058
8   5.68771   0.825214   0.00013786
8   5.75234   0.823283   0.000258799
8   5.81697   0.825424   0.000184442
8   5.88161   0.824204   0.000160096
8   5.94624   0.826015   0.000226974
8   6.01087   0.823392   0.000256853
8   6.07551   0.825837   8.66983e-05
8   6.14014   0.82171   0.000207951
8   6.20477   0.822755   0.000157457
8   6.2694   0.82254   0.000167095
8   6.33404   0.808721   0.000189472
8   6.39867   0.784387   0.000168919



9   0   0   0
9   0.064633   0   0
9   0.129266   0   0
9   0.193899   0   0
9   0.258532   0   0
9   0.323165   0   0
9   0.387798   0   0
9   0.452431   0   0
9   0.517064   0   0
9   0.581697   0   0
9   0.64633   0   0
9   0.710963   0.00115484   3.45648e-05
9   0.775596   0.177914   0.00037569
9   0.84023   1.24771   0.00181013
9   0.904863   2.38385   0.00235749
9   0.969496   2.58073   0.00251335
9   1.03413   2.34715   0.00165688
9   1.09876   2.04035   0.00261222
9   1.16339   1.77311   0.00203258
9   1.22803   1.59971   0.00112259
9   1.29266   1.42811   0.00130457
9   1.35729   1.33487   0.00111916
9   1.42193   1.26749   0.000829761
9   1.48656   1.21237   0.000959047
9   1.55119   1.16512   0.00123385
9   1.61583   1.13864   0.00113986
9   1.68046   1.11343   0.000994473
9   1.74509   1.09897   0.000815413
9   1.80973   1.0885   0.00102891
9   1.87436   1.08333   0.000495163
9   1.93899   1.07997   0.000819682
9   2.00362   1.07571   0.000559578
9   2.06826   1.06266   0.000608545
9   2.13289   1.04589   0.000648672
9   2.19752   1.04728   0.000476858
9   2.26216   1.03782   0.000485682
9   2.32679   1.02156   0.000762002
9   2.39142   1.01125   0.000466708
9   2.45606   1.0106   0.000338517
9   2.52069   1.00426   0.000402373
9   2.58532   1.00315   0.00038846
9   2.64995   0.994302   0.000405937
9   2.71459   0.990844   0.00040383
9   2.77922   0.988466   0.000330815
9   2.84385   0.985056   0.000374134
9   2.90849   0.978947   0.000407463
9   2.97312   0.978758   0.000320859
9   3.03775   0.973962   0.000552005
9   3.10239   0.968043   0.000439521
9   3.16702   0.971265   0.00031862
9   3.23165   0.967859   0.000449795
9   3.29629   0.965873   0.000564688
9   3.36092   0.963064   0.000490382
9   3.42555   0.957451   0.00029986
9   3.49018   0.958738   0.000281127
9   3.55482   0.954836   0.000341269
9   3.61945   0.95924   0.000361222
9   3.68408   0.956234   0.000294623
9   3.74872   0.952274   0.000355593
9   3.81335   0.950788   0.000230862
9   3.87798   0.948679   0.00021808
9   3.94262   0.948178   0.000137593
9   4.00725   0.943277   0.000223902
9   4.07188   0.945145   0.000250998
9   4.13651   0.947552   0.000229824
9   4.20115   0.944749   0.000183543
9   4.26578   0.941892   0.0001938
9   4.33041   0.941681   0.000275268
9   4.39505   0.939224   0.000228687
9   4.45968   0.943557   0.000254392
9   4.52431   0.940303   0.000269089
9   4.58895   0.941982   0.000225053
9   4.65358   0.935753   0.000173971
9   4.71821   0.940923   0.000268834
9   4.78285   0.937296   0.000122251
9   4.84748   0.93284   0.000241713
9   4.91211   0.933578   0.000239654
9   4.97674   0.933688   0.000132027
9   5.04138   0.934754   0.0001153
9   5.10601   0.933719   0.00022854
9   5.17064   0.932284   0.000144681
9   5.23528   0.929798   0.000213969
9   5.29991   0.932751   0.000238937
9   5.36454   0.931271   0.000147719
9   5.42918   0.930435   0.000168198
9   5.49381   0.930796   0.000219416
9   5.55844   0.931438   0.000172892
9   5.62307   0.927879   0.00018019
9   5.68771   0.928283   0.000122849
9   5.75234   0.925913   0.000231904
9   5.81697   0.928727   0.000164471
9   5.88161   0.926163   0.000180967
9   5.94624   0.928414   0.000220651
9   6.01087   0.925855   0.000233367
9   6.07551   0.928172   0.000121333
9   6.14014   0.92411   0.000187733
9   6.20477   0.92491   0.000157531
9   6.2694   0.925672   0.000152139
9   6.33404   0.910517   0.000183925
9   6.39867   0.881835   0.0001628



10   0   0   0
10   0.064633   0   0
10   0.129266   0   0
10   0.193899   0   0
10   0.258532   0   0
10   0.323165   0   0
10   0.387798   0   0
10   0.452431   0   0
10   0.517064   0   0
10   0.581697   0   0
10   0.64633   0   0
10   0.710963   0.00115484   3.34053e-05
10   0.775596   0.197675   0.000338122
10   0.84023   1.39116   0.00169181
10   0.904863   2.65803   0.00229813
10   0.969496   2.86833   0.00226346
10   1.03413   2.60781   0.00149124
10   1.09876   2.2667   0.00235124
10   1.16339   1.97865   0.00200038
10   1.22803   1.77846   0.00101481
10   1.29266   1.59125   0.00124815
10   1.35729   1.48376   0.00100869
10   1.42193   1.40831   0.000746785
10   1.48656   1.3483   0.000870935
10   1.55119   1.29739   0.00114193
10   1.61583   1.26809   0.00106291
10   1.68046   1.2413   0.000977916
10   1.74509   1.21945   0.000749848
10   1.80973   1.20954   0.000926057
10   1.87436   1.20521   0.000468286
10   1.93899   1.19971   0.000738116
10   2.00362   1.19522   0.000503622
10   2.06826   1.18326   0.000597693
10   2.13289   1.16374   0.000604219
10   2.19752   1.16522   0.000454226
10   2.26216   1.15503   0.000472774
10   2.32679   1.13562   0.000687842
10   2.39142   1.12545   0.000454913
10   2.45606   1.12621   0.000438675
10   2.52069   1.11491   0.000372721
10   2.58532   1.11517   0.000353603
10   2.64995   1.1044   0.00036714
10   2.71459   1.10254   0.000393947
10   2.77922   1.09904   0.000305932
10   2.84385   1.09444   0.00033678
10   2.90849   1.08811   0.000368591
10   2.97312   1.08709   0.000291518
10   3.03775   1.08275   0.000499715
10   3.10239   1.07612   0.000398648
10   3.16702   1.07951   0.000288428
10   3.23165   1.07367   0.000436622
10   3.29629   1.07373   0.000510822
10   3.36092   1.07084   0.000447397
10   3.42555   1.06308   0.000279158
10   3.49018   1.06419   0.000272829
10   3.55482   1.06016   0.000315757
10   3.61945   1.06537   0.000327889
10   3.68408   1.06187   0.000271515
10   3.74872   1.05725   0.000329675
10   3.81335   1.05585   0.000214988
10   3.87798   1.05502   0.00021526
10   3.94262   1.05351   0.000123846
10   4.00725   1.04872   0.000210213
10   4.07188   1.05055   0.000228919
10   4.13651   1.05185   0.000227031
10   4.20115   1.05075   0.00019177
10   4.26578   1.04684   0.000176623
10   4.33041   1.04571   0.000254282
10   4.39505   1.04327   0.00020788
10   4.45968   1.04825   0.000229347
10   4.52431   1.04453   0.000243316
10   4.58895   1.04714   0.000207787
10   4.65358   1.04009   0.000160302
10   4.71821   1.04464   0.000254541
10   4.78285   1.04124   0.000111565
10   4.84748   1.03722   0.000228312
10   4.91211   1.03794   0.000223791
10   4.97674   1.03781   0.000124174
10   5.04138   1.03857   0.000103865
10   5.10601   1.0369   0.000212472
10   5.17064   1.03693   0.000164583
10   5.23528   1.03347   0.00019554
10   5.29991   1.03739   0.000235008
10   5.36454   1.03487   0.000133517
10   5.42918   1.03442   0.000161919
10   5.49381   1.03368   0.000203942
10   5.55844   1.03493   0.000155603
10   5.62307   1.03108   0.00016246
10   5.68771   1.03116   0.00011335
10   5.75234   1.02918   0.000211884
10   5.81697   1.03261   0.000161992
10   5.88161   1.02957   0.000169775
10   5.94624   1.03154   0.00019861
10   6.01087   1.02925   0.000215782
10   6.07551   1.03213   0.000134521
10   6.14014   1.02679   0.000168961
10   6.20477   1.02694   0.000158061
10   6.2694   1.02809   0.000142875
10   6.33404   1.01205   0.000169072
10   6.39867   0.979246   0.00015619



