                   1           -0.501829           -0.501829                   0
                   2           -0.506209           -0.504019          0.00154846
                   3           -0.505062           -0.504367          0.00107058
                   4           -0.503941            -0.50426         0.000808221
                   5           -0.501985           -0.503805         0.000764035
                   6           -0.504347           -0.503895         0.000642013
                   7           -0.505021           -0.504056         0.000570079
                   8           -0.503815           -0.504026         0.000499615
                   9            -0.50579           -0.504222          0.00048101
                  10           -0.504014           -0.504201          0.00043336
                  11           -0.502401           -0.504038         0.000423739
                  12           -0.501079           -0.503791         0.000454543
                  13           -0.503601           -0.503776         0.000419814
                  14           -0.505438           -0.503895         0.000406256
                  15           -0.504531           -0.503937         0.000381382
                  16           -0.504271           -0.503958         0.000358113
                  17            -0.50318           -0.503913         0.000339961
                  18           -0.505375           -0.503994         0.000330636
                  19           -0.504046           -0.503997         0.000313246
                  20           -0.504521           -0.504023         0.000298678
