                   1            -1.01946            -1.01946                   0
                   2               -1.02            -1.01973          0.00019041
                   3               -1.02            -1.01982         0.000146577
                   4               -1.02            -1.01987         0.000116602
                   5               -1.02            -1.01989         9.63405e-05
                   6               -1.02            -1.01991         8.19393e-05
                   7               -1.02            -1.01992           7.123e-05
                   8               -1.02            -1.01993         6.29721e-05
                   9               -1.02            -1.01994         5.64177e-05
                  10               -1.02            -1.01995         5.10923e-05
                  11               -1.02            -1.01995         4.66815e-05
                  12               -1.02            -1.01996         4.29693e-05
                  13               -1.02            -1.01996         3.98024e-05
                  14               -1.02            -1.01996         3.70692e-05
                  15               -1.02            -1.01996         3.46866e-05
                  16               -1.02            -1.01997         3.25912e-05
                  17               -1.02            -1.01997         3.07341e-05
                  18               -1.02            -1.01997          2.9077e-05
                  19               -1.02            -1.01997         2.75893e-05
                  20               -1.02            -1.01997         2.62462e-05
