                   1            0.466625            0.466625                   0
                   2            0.439031            0.452828          0.00975581
                   3            0.442022            0.449226           0.0071379
                   4            0.421877            0.442389          0.00798247
                   5            0.417826            0.437476           0.0077516
                   6            0.419013            0.434399          0.00704403
                   7            0.434413            0.434401          0.00603774
                   8            0.435182            0.434499          0.00528381
                   9            0.421257            0.433027          0.00489727
                  10            0.464868            0.436211          0.00534329
                  11            0.452844            0.437723          0.00506696
                  12            0.464733            0.439974          0.00512029
                  13            0.422899            0.438661          0.00489199
                  14            0.433603            0.438299          0.00455589
                  15            0.425079            0.437418          0.00433657
                  16            0.406014            0.435455          0.00448779
                  17             0.47013            0.437495          0.00466435
                  18            0.422475            0.436661          0.00447924
                  19            0.432798            0.436457           0.0042481
                  20            0.454652            0.437367          0.00413196
