                   1            -0.99354            -0.99354                   0
                   2           -0.997144           -0.995342          0.00127421
                   3           -0.997476           -0.996053          0.00102904
                   4           -0.996116           -0.996069         0.000771902
                   5           -0.995364           -0.995928         0.000630268
                   6           -0.997188           -0.996138         0.000559115
                   7           -0.997568           -0.996342         0.000515212
                   8           -0.999664           -0.996757         0.000595048
                   9            -0.98904             -0.9959         0.000966113
                  10           -0.995104            -0.99582         0.000872775
                  11           -0.995188           -0.995763         0.000795323
                  12           -0.995744           -0.995761         0.000729048
                  13           -0.999044           -0.996014         0.000715362
                  14           -0.991428           -0.995686         0.000735445
                  15           -0.998412           -0.995868         0.000708509
                  16           -0.996064            -0.99588         0.000664333
                  17           -0.998348           -0.996025         0.000640918
                  18            -0.99692           -0.996075         0.000607235
                  19           -0.996248           -0.996084         0.000575343
                  20            -0.99472           -0.996016         0.000550605
