                   1           -0.856659           -0.856659                   0
                   2           -0.856956           -0.856807         0.000104779
                   3           -0.856689           -0.856768         7.69524e-05
                   4           -0.855834           -0.856534          0.00021035
                   5           -0.857735           -0.856774         0.000272824
                   6           -0.856996           -0.856811          0.00022983
                   7           -0.858264           -0.857019         0.000275138
                   8           -0.858775           -0.857238         0.000316447
                   9           -0.857159           -0.857229         0.000281409
                  10           -0.858208           -0.857327         0.000269749
                  11           -0.854343           -0.857056         0.000356426
                  12            -0.85548           -0.856925         0.000350079
                  13            -0.85493           -0.856771          0.00035519
                  14           -0.856343           -0.856741         0.000331134
                  15           -0.853543           -0.856528          0.00037138
                  16           -0.856245            -0.85651          0.00034859
                  17           -0.855007           -0.856421         0.000339102
                  18           -0.853185           -0.856242         0.000364826
                  19            -0.85582           -0.856219         0.000346299
                  20           -0.858251           -0.856321         0.000343563
