                   1            0.282362            0.282362                   0
                   2             0.29258            0.287471          0.00361261
                   3             0.26464            0.279861          0.00666422
                   4             0.21868            0.264566           0.0141576
                   5            0.320538             0.27576           0.0151173
                   6             0.30998            0.281463           0.0136312
                   7            0.267976            0.279537           0.0118193
                   8             0.32476            0.285189           0.0116153
                   9            0.294344            0.286207           0.0103692
                  10            0.303806            0.287967          0.00948044
                  11            0.275962            0.286875          0.00868117
                  12            0.280212             0.28632          0.00797548
                  13            0.265498            0.284718          0.00752109
                  14            0.267554            0.283492          0.00708309
                  15            0.264768            0.282244          0.00671998
                  16             0.27923            0.282056          0.00630262
                  17            0.249174            0.280121           0.0062216
                  18            0.256462            0.278807           0.0060132
                  19            0.264988             0.27808          0.00574053
                  20            0.273966            0.277874          0.00545719
