                   1            0.048172            0.048172                   0
                   2            0.032988             0.04058          0.00536835
                   3           -0.020838           0.0201073           0.0170947
                   4           -0.006084           0.0135595           0.0140191
                   5            0.014126           0.0136728           0.0112157
                   6            0.039194           0.0179263           0.0101209
                   7            0.027534           0.0192989          0.00876764
                   8           -0.037986           0.0121382           0.0101843
                   9           -0.037628          0.00660867           0.0104465
                  10             0.00966           0.0069138          0.00940635
                  11            0.035556          0.00951764          0.00890433
                  12           -0.032622            0.006006          0.00882763
                  13           -0.006098          0.00507492          0.00819754
                  14           -0.049748            0.001159          0.00849598
                  15           -0.014676         0.000103333           0.0079949
                  16             0.05078          0.00327062          0.00809833
                  17           -0.043374         0.000526824          0.00807341
                  18           -0.002792         0.000342444          0.00762699
                  19            0.007074         0.000696737          0.00723379
                  20           -0.002694           0.0005272          0.00687409
