                   1            0.326072            0.326072                   0
                   2            0.320035            0.323054          0.00213425
                   3            0.322725            0.322944          0.00142565
                   4            0.320105            0.322234          0.00123328
                   5            0.319923            0.321772          0.00106973
                   6            0.318993            0.321309         0.000986627
                   7            0.322678            0.321504         0.000864852
                   8            0.321161            0.321462          0.00075781
                   9            0.328349            0.322227         0.000987038
                  10            0.318057             0.32181         0.000972421
                  11             0.32008            0.321653         0.000896642
                  12            0.324537            0.321893         0.000853538
                  13             0.32891            0.322433         0.000943254
                  14            0.315947             0.32197         0.000983074
                  15            0.320466            0.321869         0.000922632
                  16            0.320816            0.321803         0.000867315
                  17            0.318706            0.321621         0.000835212
                  18            0.325698            0.321848         0.000818944
                  19            0.324389            0.321981         0.000786689
                  20             0.32029            0.321897         0.000751885
