                   1           -0.616836           -0.616836                   0
                   2           -0.618328           -0.617582         0.000527502
                   3           -0.616876           -0.617347         0.000400739
                   4           -0.617548           -0.617397         0.000303698
                   5           -0.616152           -0.617148          0.00032959
                   6           -0.616352           -0.617015         0.000300174
                   7            -0.61644           -0.616933         0.000268308
                   8           -0.615644           -0.616772         0.000278995
                   9           -0.617416           -0.616844         0.000257008
                  10           -0.614284           -0.616588         0.000335358
                  11           -0.616784           -0.616605         0.000305346
                  12           -0.613012           -0.616306          0.00040068
                  13           -0.616444           -0.616317         0.000369999
                  14           -0.615752           -0.616276         0.000345761
                  15           -0.618328           -0.616413         0.000348718
                  16           -0.617632           -0.616489         0.000335141
                  17           -0.618236           -0.616592         0.000330803
                  18           -0.615136           -0.616511         0.000322163
                  19           -0.618504           -0.616616         0.000321829
                  20           -0.618216           -0.616696         0.000315524
