                   1           0.0573026           0.0573026                   0
                   2        -2.77556e-13           0.0286513           0.0202595
                   3        -2.77556e-13           0.0191009           0.0155958
                   4        -2.77556e-13           0.0143257           0.0124064
                   5        -2.77556e-13           0.0114605           0.0102506
                   6        -2.77556e-13          0.00955043          0.00871831
                   7        -2.77556e-13          0.00818609          0.00757884
                   8        -2.77556e-13          0.00716283          0.00670021
                   9        -2.77556e-13          0.00636696          0.00600282
                  10        -2.77556e-13          0.00573026           0.0054362
                  11        -2.77556e-13          0.00520933           0.0049669
                  12        -2.77556e-13          0.00477522          0.00457192
                  13        -2.77556e-13          0.00440789          0.00423497
                  14        -2.77556e-13          0.00409304          0.00394416
                  15        -2.77556e-13          0.00382017          0.00369064
                  16        -2.77556e-13          0.00358141          0.00346769
                  17        -2.77556e-13          0.00337074           0.0032701
                  18        -2.77556e-13          0.00318348          0.00309378
                  19        -2.77556e-13          0.00301593          0.00293549
                  20        -2.77556e-13          0.00286513          0.00279258
