                   1             249.767             249.767                   0
                   2                 250             249.884           0.0822719
                   3                 250             249.922           0.0633329
                   4                 250             249.942            0.050381
                   5                 250             249.953           0.0416266
                   6                 250             249.961           0.0354042
                   7                 250             249.967           0.0307769
                   8                 250             249.971           0.0272089
                   9                 250             249.974           0.0243769
                  10                 250             249.977           0.0220759
                  11                 250             249.979           0.0201701
                  12                 250             249.981           0.0185661
                  13                 250             249.982           0.0171978
                  14                 250             249.983           0.0160168
                  15                 250             249.984           0.0149873
                  16                 250             249.985           0.0140819
                  17                 250             249.986           0.0132795
                  18                 250             249.987           0.0125635
                  19                 250             249.988           0.0119207
                  20                 250             249.988           0.0113404
