                   1           -0.486072           -0.486072                   0
                   2           -0.486744           -0.486408         0.000237588
                   3           -0.485352           -0.486056         0.000328163
                   4           -0.483964           -0.485533         0.000515483
                   5           -0.483376           -0.485102         0.000564754
                   6           -0.485576           -0.485181         0.000476131
                   7           -0.487796           -0.485554         0.000534982
                   8            -0.48394           -0.485353         0.000504731
                   9           -0.483512           -0.485148         0.000488324
                  10           -0.483956           -0.485029         0.000453807
                  11           -0.484068           -0.484941         0.000420874
                  12           -0.484208            -0.48488         0.000390214
                  13           -0.485628           -0.484938         0.000364411
                  14            -0.48424           -0.484888         0.000341774
                  15           -0.486132           -0.484971         0.000328897
                  16           -0.484132           -0.484918         0.000312493
                  17           -0.484388           -0.484887         0.000295665
                  18           -0.483768           -0.484825         0.000285703
                  19           -0.484564           -0.484811         0.000270996
                  20           -0.485092           -0.484825          0.00025781
