                   1            0.003966            0.003966                   0
                   2            0.002306            0.003136         0.000586899
                   3            0.003886            0.003386         0.000441311
                   4           -0.001074            0.002271          0.00102077
                   5            0.008182           0.0034532          0.00133602
                   6            0.007248          0.00408567          0.00125415
                   7           -0.007212          0.00247171          0.00184074
                   8            -0.00362          0.00171025          0.00176111
                   9           -0.002316          0.00126289          0.00162126
                  10            0.005662           0.0017028          0.00151764
                  11            -0.00446          0.00114255          0.00147948
                  12            0.004024          0.00138267          0.00137554
                  13            -0.00969         0.000530923          0.00151058
                  14           -0.003836            0.000219          0.00143453
                  15             0.00438           0.0004964          0.00136545
                  16             0.00039          0.00048975          0.00128013
                  17            0.003698         0.000678471          0.00121866
                  18            -0.00014            0.000633           0.0011518
                  19            0.001508         0.000679053           0.0010921
                  20            0.000694           0.0006798           0.0010375
