                   1             1.51886             1.51886                   0
                   2             1.49937             1.50911          0.00688849
                   3             1.51044             1.50956          0.00460651
                   4              1.5274             1.51402          0.00518306
                   5             1.54596             1.52041          0.00706034
                   6             1.52677             1.52147          0.00596272
                   7             1.52453              1.5219          0.00512697
                   8             1.53597             1.52366          0.00477791
                   9             1.52124             1.52339          0.00425461
                  10             1.51567             1.52262          0.00389865
                  11             1.55784             1.52582          0.00467778
                  12             1.55547             1.52829          0.00489718
                  13             1.55119             1.53005           0.0048268
                  14             1.53506             1.53041          0.00449524
                  15             1.53918               1.531          0.00423342
                  16             1.50787             1.52955          0.00420833
                  17             1.51626             1.52877           0.0040327
                  18             1.49717             1.52701          0.00417326
                  19             1.54377              1.5279          0.00404574
                  20             1.51535             1.52727          0.00389175
