                   1            0.214036            0.214036                   0
                   2            0.210815            0.212426          0.00113849
                   3            0.214393            0.213081          0.00092881
                   4            0.213364            0.213152         0.000699297
                   5            0.216578            0.213837           0.0008298
                   6            0.211259            0.213407         0.000795025
                   7             0.21104            0.213069         0.000749927
                   8            0.210554            0.212755         0.000719082
                   9            0.209748            0.212421         0.000712602
                  10            0.210597            0.212238         0.000664269
                  11            0.211498            0.212171          0.00060728
                  12            0.212978            0.212238         0.000560384
                  13             0.21461            0.212421         0.000546167
                  14            0.212625            0.212435          0.00050735
                  15            0.213121            0.212481         0.000475579
                  16            0.215567            0.212674         0.000483383
                  17            0.209274            0.212474         0.000494583
                  18            0.214765            0.212601         0.000483207
                  19            0.215693            0.212764         0.000484409
                  20            0.219385            0.213095         0.000562028
