                   1            0.386934            0.386934                   0
                   2            0.379855            0.383394          0.00250283
                   3             0.37421            0.380333          0.00300537
                   4            0.370536            0.377884          0.00309504
                   5            0.376939            0.377695          0.00248179
                   6            0.375605            0.377347          0.00209245
                   7            0.389532            0.379087          0.00241123
                   8            0.376225            0.378729           0.0021362
                   9            0.376957            0.378533          0.00190791
                  10            0.381701            0.378849          0.00174322
                  11            0.365323             0.37762          0.00197128
                  12            0.388286            0.378508          0.00199736
                  13            0.378852            0.378535          0.00184389
                  14            0.379133            0.378578          0.00171268
                  15            0.380536            0.378708          0.00160347
                  16            0.376302            0.378558          0.00151029
                  17            0.382078            0.378765          0.00143557
                  18             0.37996            0.378831          0.00135735
                  19            0.372586            0.378503          0.00132511
                  20              0.3845            0.378802          0.00129233
