                   1            -0.69278            -0.69278                   0
                   2            -0.69614            -0.69446          0.00118794
                   3             -0.6944            -0.69444         0.000792128
                   4           -0.693744           -0.694266         0.000612909
                   5           -0.695352           -0.694483          0.00052741
                   6            -0.69356           -0.694329         0.000461407
                   7           -0.695348           -0.694475         0.000417811
                   8           -0.694616           -0.694493         0.000365957
                   9           -0.695052           -0.694555         0.000330533
                  10           -0.692108            -0.69431         0.000377319
                  11            -0.69042           -0.693956         0.000480989
                  12           -0.693784           -0.693942         0.000441121
                  13           -0.689828           -0.693626          0.00050818
                  14           -0.694836           -0.693712          0.00047918
                  15            -0.69276           -0.693649         0.000451418
                  16            -0.69602           -0.693797         0.000446875
                  17           -0.692584           -0.693725         0.000426244
                  18           -0.695368           -0.693817         0.000412217
                  19           -0.692444           -0.693744         0.000396802
                  20           -0.696136           -0.693864         0.000394568
