                   1             0.46063             0.46063                   0
                   2            0.435517            0.448073          0.00887874
                   3            0.457559            0.451235          0.00645767
                   4            0.432165            0.446467          0.00636432
                   5            0.419697            0.441113          0.00698971
                   6            0.434741            0.440051          0.00590491
                   7            0.457575            0.442555          0.00556676
                   8            0.427984            0.440733          0.00516025
                   9             0.44738            0.441472          0.00463944
                  10            0.442751              0.4416          0.00417726
                  11            0.448624            0.442238          0.00384601
                  12            0.431372            0.441333          0.00363054
                  13             0.45062            0.442047          0.00342085
                  14            0.439074            0.441835          0.00318308
                  15            0.426848            0.440836          0.00312376
                  16            0.410557            0.438943          0.00345452
                  17            0.440645            0.439043          0.00325276
                  18            0.437193            0.438941          0.00307368
                  19            0.430858            0.438515           0.0029412
                  20            0.458467            0.439513          0.00295848
