                   1            0.024064            0.024064                   0
                   2            0.002964            0.013514          0.00745998
                   3           -0.002682          0.00811533          0.00664562
                   4            0.001082            0.006357          0.00521164
                   5            -0.00198           0.0046896          0.00442802
                   6           -0.006782          0.00277767          0.00408197
                   7            0.001974          0.00266286          0.00350044
                   8           -0.009404           0.0011545          0.00337224
                   9            0.011556          0.00231022          0.00318945
                  10            0.010664           0.0031456           0.0029779
                  11           -0.002718          0.00261255          0.00275448
                  12            0.014948           0.0036405          0.00270997
                  13             0.00568          0.00379738          0.00250605
                  14           -0.004224          0.00322443          0.00239164
                  15            0.014384           0.0039684          0.00234506
                  16           -0.005274          0.00339075          0.00226853
                  17           -0.001624          0.00309576          0.00215418
                  18           -0.010142          0.00236033          0.00215639
                  19           -0.003348          0.00205989          0.00206372
                  20              0.0095           0.0024319          0.00199378
