                   1             3.68541             3.68541                   0
                   2             3.35516             3.52029             0.11676
                   3              3.5822             3.54092           0.0796428
                   4             3.37542             3.49955           0.0696552
                   5              3.4767             3.49498           0.0558738
                   6             3.43867             3.48559           0.0473432
                   7             3.62322             3.50525           0.0444755
                   8             3.54912             3.51074           0.0392526
                   9             3.34831             3.49269           0.0388193
                  10             3.53573             3.49699           0.0351752
                  11             3.25542             3.47503           0.0382233
                  12             3.65663             3.49017           0.0379155
                  13             3.43591             3.48599           0.0352279
                  14             3.48414             3.48586           0.0327118
                  15             3.60633             3.49389           0.0315015
                  16             3.45667             3.49156           0.0296184
                  17             3.61665             3.49892           0.0287756
                  18             3.53691             3.50103           0.0272542
                  19             3.47473             3.49965           0.0258549
                  20             3.74633             3.51198           0.0273464
