                   1             10.7617             10.7617                   0
                   2             10.4408             10.6013            0.113481
                   3             9.03589             10.0795            0.432706
                   4             9.33324             9.89291            0.362522
                   5             9.88557             9.89145             0.29002
                   6             9.20808             9.77755            0.263098
                   7             10.5318              9.8853            0.246591
                   8             9.35829             9.81942            0.224394
                   9             9.39291             9.77203            0.204405
                  10             10.1976             9.81459            0.188343
                  11             9.90232             9.82257            0.171389
                  12             9.45117             9.79162            0.159877
                  13             9.41992             9.76302            0.150114
                  14             9.49768             9.74407            0.140583
                  15             10.1275             9.76963            0.133514
                  16             9.91359             9.77863            0.125472
                  17             9.85755             9.78327            0.118177
                  18             9.97858             9.79412            0.112109
                  19              9.8521             9.79717             0.10625
                  20             10.9975             9.85719            0.116662
