                   1             13.8861             13.8861                   0
                   2             14.4937             14.1899            0.214817
                   3             13.5912             13.9903            0.216947
                   4             15.2536             14.3062            0.318248
                   5             14.8688             14.4187            0.273769
                   6             15.2531             14.5578            0.261086
                   7             15.2219             14.6526             0.24041
                   8              14.878             14.6808            0.212003
                   9             15.0423              14.721            0.192214
                  10             14.6071             14.7096             0.17333
                  11             15.2847             14.7619            0.165268
                  12             14.6904             14.7559            0.151603
                  13             14.6861             14.7505            0.140037
                  14             14.2193             14.7126            0.135078
                  15             14.1566             14.6755             0.13106
                  16             14.5488             14.6676            0.123108
                  17             14.2343             14.6421            0.118476
                  18             14.1347             14.6139            0.115198
                  19             13.3992               14.55            0.125631
                  20             16.1003             14.6275            0.141254
