                   1           -0.037906           -0.037906                   0
                   2            0.043594            0.002844           0.0288146
                   3            0.046362             0.01735           0.0225676
                   4            0.073882            0.031483           0.0208875
                   5            -0.01291           0.0226044            0.018501
                   6            0.029746           0.0237947           0.0154557
                   7            0.021002           0.0233957           0.0132529
                   8            0.008574            0.021543           0.0117251
                   9             0.01692           0.0210293           0.0104335
                  10           -0.004742           0.0184522          0.00970325
                  11            0.013588             0.01801          0.00883121
                  12           -0.048104           0.0125005          0.00966222
                  13            0.000754           0.0115969          0.00896112
                  14            0.033124           0.0131346          0.00845194
                  15           -0.049642          0.00894947          0.00886428
                  16             0.00283            0.008567          0.00831851
                  17             0.03922           0.0103701          0.00802223
                  18             0.03406           0.0116862          0.00768375
                  19            0.005496           0.0113604          0.00728624
                  20           -0.012142           0.0101853          0.00701605
