                   1            -0.84226            -0.84226                   0
                   2           -0.844932           -0.843596         0.000944695
                   3           -0.844776           -0.843989         0.000706954
                   4           -0.849112            -0.84527          0.00122931
                   5           -0.844576           -0.845131         0.000991255
                   6           -0.842568           -0.844704         0.000913474
                   7           -0.845304            -0.84479         0.000786989
                   8           -0.841904           -0.844429         0.000766839
                   9           -0.844768           -0.844467         0.000682559
                  10           -0.843408           -0.844361         0.000622459
                  11           -0.845764           -0.844488         0.000578795
                  12           -0.844564           -0.844495         0.000530597
                  13           -0.841228           -0.844243         0.000546051
                  14            -0.84302           -0.844156         0.000513992
                  15           -0.842064           -0.844017         0.000498288
                  16           -0.845264           -0.844094         0.000473205
                  17           -0.845604           -0.844183         0.000453624
                  18           -0.843432           -0.844142         0.000430339
                  19           -0.840084           -0.843928          0.00045762
                  20           -0.846476           -0.844055         0.000452125
