                   1            0.993914            0.993914                   0
                   2            0.999964            0.996939            0.002139
                   3            0.991298            0.995059          0.00209537
                   4             0.99985            0.996256          0.00188303
                   5            0.999418            0.996889          0.00160909
                   6             0.99999            0.997406           0.0014215
                   7            0.999962            0.997771          0.00126447
                   8            0.999954            0.998044          0.00113547
                   9             0.99746            0.997979          0.00101116
                  10            0.999998            0.998181         0.000929984
                  11             0.99966            0.998315         0.000855107
                  12            0.999962            0.998452         0.000794783
                  13            0.999992            0.998571         0.000742416
                  14            0.999296            0.998623         0.000691191
                  15            0.998784            0.998633         0.000645195
                  16            0.999132            0.998665         0.000605622
                  17            0.999878            0.998736         0.000574188
                  18            0.999834            0.998797         0.000545519
                  19            0.999942            0.998857         0.000520125
                  20            0.999938            0.998911         0.000496918
