                   1           -0.885586           -0.885586                   0
                   2           -0.896472           -0.891029           0.0038486
                   3           -0.878397           -0.886818          0.00428976
                   4           -0.883763           -0.886054          0.00328463
                   5            -0.89005           -0.886853          0.00272317
                   6            -0.88542           -0.886615          0.00227977
                   7           -0.891229           -0.887274          0.00204716
                   8           -0.886734           -0.887206          0.00179237
                   9           -0.880956           -0.886512          0.00172251
                  10           -0.885932           -0.886454          0.00155124
                  11            -0.88029           -0.885893          0.00150803
                  12           -0.887817           -0.886054          0.00139085
                  13           -0.888926           -0.886275           0.0013013
                  14           -0.885544           -0.886222          0.00120939
                  15           -0.888151           -0.886351          0.00113558
                  16           -0.879211           -0.885905          0.00114894
                  17           -0.889009           -0.886087          0.00109577
                  18            -0.88963           -0.886284          0.00105242
                  19           -0.885709           -0.886254         0.000997467
                  20           -0.894431           -0.886663          0.00102797
