                   1             1.69215             1.69215                   0
                   2             1.67142             1.68178          0.00732813
                   3             1.69925             1.68761           0.0068157
                   4             1.66694             1.68244          0.00679304
                   5             1.67164             1.68028          0.00576746
                   6             1.69208             1.68225          0.00513034
                   7             1.72106             1.68779          0.00675915
                   8             1.69948             1.68925          0.00607005
                   9             1.72989             1.69377          0.00687299
                  10             1.70863             1.69525          0.00634442
                  11              1.6941             1.69515          0.00576852
                  12             1.69961             1.69552          0.00529978
                  13             1.69591             1.69555          0.00489219
                  14             1.69574             1.69556          0.00454276
                  15              1.7012             1.69594           0.0042554
                  16             1.76269             1.70011          0.00567749
                  17             1.76461              1.7039          0.00648864
                  18             1.68952             1.70311           0.0061772
                  19             1.69527             1.70269          0.00586584
                  20             1.74831             1.70497          0.00599965
