                   1             0.03347             0.03347                   0
                   2            0.039256            0.036363          0.00204566
                   3            0.036482           0.0364027          0.00136416
                   4             0.03923           0.0371095          0.00119226
                   5            0.026236           0.0349348          0.00216638
                   6            0.036552           0.0352043          0.00182201
                   7            0.036452           0.0353826          0.00157041
                   8            0.033758           0.0351795          0.00138718
                   9              0.0373           0.0354151           0.0012529
                  10            0.037092           0.0355828          0.00113877
                  11            0.038854           0.0358802          0.00107338
                  12            0.042534           0.0364347          0.00111801
                  13            0.039026            0.036634          0.00104963
                  14            0.024894           0.0357954          0.00126607
                  15            0.035374           0.0357673          0.00118198
                  16            0.036332           0.0358026          0.00110863
                  17            0.040002           0.0360496          0.00107058
                  18            0.029332           0.0356764          0.00107419
                  19            0.034302           0.0356041          0.00102008
                  20            0.038634           0.0357556         0.000980264
