                   1           -0.002622           -0.002622                   0
                   2           -0.010858            -0.00674          0.00291187
                   3            0.010538        -0.000980667          0.00508741
                   4            0.012042            0.002275          0.00474426
                   5           -0.010362          -0.0002524          0.00441761
                   6            0.052574            0.008552          0.00884026
                   7           -0.030516          0.00297086          0.00917146
                   8           -0.015844            0.000619          0.00832111
                   9           -0.015086           -0.001126          0.00757731
                  10             0.00154          -0.0008594          0.00682426
                  11           -0.008164         -0.00152345           0.0062361
                  12            -0.01002          -0.0022315          0.00575648
                  13           -0.025674         -0.00403477          0.00558899
                  14            0.003144           -0.003522          0.00521324
                  15           -0.023878         -0.00487907          0.00503923
                  16           -0.007766          -0.0050595          0.00472751
                  17            0.002798         -0.00459729          0.00447196
                  18           -0.015424         -0.00519878          0.00426377
                  19            0.015194         -0.00412547          0.00417227
                  20           -0.009192          -0.0043788          0.00397134
