                   1           -0.780068           -0.780068                   0
                   2           -0.785424           -0.782746          0.00189363
                   3           -0.784244           -0.783245          0.00132662
                   4           -0.786436           -0.784043          0.00121127
                   5            -0.78422           -0.784078          0.00096953
                   6            -0.78316           -0.783925         0.000819935
                   7           -0.782756           -0.783758         0.000719617
                   8           -0.782244           -0.783569         0.000654086
                   9           -0.782816           -0.783485         0.000586736
                  10            -0.78208           -0.783345         0.000544633
                  11           -0.782292           -0.783249          0.00050346
                  12           -0.781636           -0.783115         0.000479115
                  13           -0.778484           -0.782758          0.00055921
                  14           -0.781964           -0.782702         0.000522138
                  15           -0.782228            -0.78267         0.000488283
                  16           -0.782704           -0.782672          0.00045777
                  17           -0.782912           -0.782686         0.000431059
                  18           -0.783064           -0.782707         0.000407622
                  19           -0.780524           -0.782592         0.000402039
                  20           -0.785924           -0.782759         0.000415015
