                   1            -1.01913            -1.01913                   0
                   2            -1.01992            -1.01953         0.000277539
                   3            -1.01835            -1.01913         0.000370571
                   4            -1.01956            -1.01924         0.000292735
                   5            -1.01976            -1.01934         0.000252288
                   6            -1.01982            -1.01942         0.000222535
                   7            -1.01926             -1.0194         0.000191915
                   8            -1.01991            -1.01946         0.000177995
                   9            -1.01927            -1.01944          0.00015959
                  10            -1.01997            -1.01949         0.000152029
                  11            -1.01971            -1.01951         0.000139449
                  12            -1.01982            -1.01954         0.000130073
                  13            -1.01997            -1.01957         0.000124169
                  14            -1.01955            -1.01957         0.000115307
                  15            -1.01942            -1.01956         0.000108044
                  16            -1.01968            -1.01957         0.000101549
                  17            -1.01985            -1.01959         9.69479e-05
                  18            -1.01967            -1.01959         9.16657e-05
                  19            -1.01993            -1.01961         8.85811e-05
                  20            -1.01816            -1.01954         0.000109948
