                   1              0.9939              0.9939                   0
                   2             0.99995            0.996925            0.002139
                   3             0.98934            0.994397          0.00250901
                   4            0.999092            0.995571          0.00213879
                   5            0.999398            0.996336          0.00184294
                   6            0.999788            0.996911           0.0016231
                   7             0.99801            0.997068           0.0013988
                   8            0.999906            0.997423          0.00126813
                   9            0.997056            0.997382          0.00112788
                  10            0.999978            0.997642          0.00104454
                  11            0.999448            0.997806         0.000962397
                  12            0.999794            0.997972         0.000896343
                  13            0.999984            0.998126         0.000840653
                  14            0.999058            0.998193         0.000783236
                  15            0.998322            0.998202         0.000731067
                  16            0.999024            0.998253          0.00068718
                  17             0.99987            0.998348         0.000653307
                  18            0.999104             0.99839         0.000618361
                  19            0.999942            0.998472         0.000591185
                  20             0.98879            0.997988         0.000733518
