                   1           -0.574936           -0.574936                   0
                   2           -0.573728           -0.574332         0.000427092
                   3           -0.574124           -0.574263         0.000290302
                   4            -0.57564           -0.574607         0.000369227
                   5           -0.574036           -0.574493         0.000312544
                   6           -0.573256           -0.574287         0.000321318
                   7           -0.573592           -0.574187         0.000290336
                   8           -0.576424           -0.574467         0.000364593
                   9           -0.574588            -0.57448         0.000324331
                  10           -0.574152           -0.574448         0.000293556
                  11           -0.570928           -0.574128         0.000405326
                  12           -0.572436           -0.573987         0.000395303
                  13           -0.572008           -0.573834         0.000393107
                  14           -0.575404           -0.573947         0.000380679
                  15           -0.574848           -0.574007         0.000360012
                  16            -0.57344           -0.573971         0.000339249
                  17           -0.574032           -0.573975         0.000319312
                  18           -0.577032           -0.574145         0.000343788
                  19           -0.574064            -0.57414          0.00032572
                  20           -0.574232           -0.574145         0.000309466
