                   1           0.0590804           0.0590804                   0
                   2           0.0016599           0.0303701           0.0203012
                   3          0.00580094           0.0221804           0.0150959
                   4          0.00566311           0.0180511           0.0118733
                   5         0.000415163           0.0145239           0.0100088
                   6          0.00717852           0.0132997          0.00841524
                   7          0.00593876           0.0122481          0.00727847
                   8          0.00580094           0.0114422          0.00641312
                   9           0.0132234           0.0116401           0.0057036
                  10            0.070101           0.0174862          0.00755707
                  11            0.120598             0.02686           0.0112729
                  12          0.00469788           0.0250132           0.0104837
                  13            0.008142           0.0237154          0.00975724
                  14          0.00511163           0.0223866          0.00915033
                  15          0.00304163           0.0210969          0.00863071
                  16          0.00455994           0.0200633          0.00815295
                  17          0.00704082           0.0192973          0.00770926
                  18           0.0361922           0.0202359          0.00733789
                  19         0.000830201           0.0192146           0.0070224
                  20         0.000691869           0.0182884          0.00673208
