                   1             176.114             176.114                   0
                   2             178.571             177.343            0.868807
                   3             178.571             177.752            0.668808
                   4             178.502              177.94            0.527195
                   5             178.571             178.066            0.436635
                   6             178.549             178.146            0.371205
                   7             178.546             178.204            0.322528
                   8             178.571              178.25            0.285472
                   9             178.571             178.285            0.255983
                  10             178.571             178.314            0.231979
                  11             178.569             178.337            0.212049
                  12             178.571             178.357            0.195275
                  13             178.571             178.373            0.180951
                  14             178.569             178.387            0.168568
                  15             178.571             178.399            0.157777
                  16             178.571              178.41            0.148282
                  17             178.571              178.42            0.139862
                  18             178.571             178.428            0.132346
                  19             178.571             178.436            0.125595
                  20             178.571             178.442            0.119499
