                   1            0.055606            0.055606                   0
                   2            0.054772            0.055189         0.000294864
                   3            0.049276            0.053218          0.00162128
                   4            0.058936           0.0546475          0.00173527
                   5            0.040396           0.0517972          0.00290284
                   6            0.050588           0.0515957          0.00242602
                   7            0.051132           0.0515294          0.00208035
                   8            0.045358            0.050758          0.00195812
                   9             0.05778           0.0515382          0.00188961
                  10            0.056338           0.0520182          0.00176055
                  11            0.053174           0.0521233          0.00160364
                  12             0.05986            0.052768          0.00159434
                  13            0.048968           0.0524757          0.00149826
                  14            0.037936           0.0514371          0.00171379
                  15             0.05031            0.051362          0.00160119
                  16            0.046732           0.0510726          0.00152704
                  17             0.04727           0.0508489           0.0014535
                  18            0.038254           0.0501492          0.00153195
                  19            0.046578           0.0499613           0.0014628
                  20            0.059744           0.0504504          0.00146917
