                   1            0.426805            0.426805                   0
                   2            0.421644            0.424225          0.00182449
                   3            0.420336            0.422928          0.00161235
                   4            0.406082            0.418717          0.00384255
                   5            0.425988            0.420171           0.0033379
                   6            0.417657            0.419752          0.00280775
                   7            0.429793            0.421186          0.00274871
                   8            0.399963            0.418534          0.00345583
                   9            0.418431            0.418522          0.00307187
                  10            0.420931            0.418763          0.00277412
                  11            0.409219            0.417895          0.00265414
                  12            0.432302            0.419096          0.00269082
                  13            0.421312            0.419266          0.00248923
                  14            0.422159            0.419473          0.00231998
                  15            0.421984             0.41964          0.00217135
                  16            0.405378            0.418749          0.00221107
                  17            0.424965            0.419115          0.00211102
                  18            0.420172            0.419173          0.00199456
                  19            0.415674            0.418989          0.00189807
                  20            0.422538            0.419167          0.00181144
