                   1           -0.735239           -0.735239                   0
                   2           -0.740935           -0.738087          0.00201388
                   3           -0.738324           -0.738166          0.00134414
                   4           -0.737833           -0.738083          0.00101068
                   5           -0.739137           -0.738294         0.000830253
                   6           -0.737783           -0.738209         0.000696224
                   7           -0.738173           -0.738203         0.000596782
                   8           -0.735498           -0.737865          0.00061051
                   9           -0.738702           -0.737958         0.000549704
                  10           -0.734613           -0.737624         0.000587789
                  11           -0.734878           -0.737374         0.000584946
                  12           -0.738373           -0.737457         0.000542093
                  13           -0.736988           -0.737421         0.000501593
                  14           -0.736893           -0.737384         0.000467183
                  15           -0.739228           -0.737506         0.000451935
                  16           -0.739104           -0.737606         0.000434581
                  17           -0.737246           -0.737585         0.000409533
                  18           -0.739413           -0.737687         0.000399169
                  19           -0.736146           -0.737606         0.000386306
                  20           -0.741055           -0.737778         0.000403658
