                   1            0.141542            0.141542                   0
                   2            0.154748            0.148145          0.00466903
                   3            0.106206            0.134165           0.0118312
                   4            0.131254            0.133437          0.00889572
                   5             0.12306            0.131362          0.00735472
                   6            0.115556            0.128728          0.00658384
                   7            0.118834            0.127314          0.00579301
                   8            0.096316            0.123439          0.00623144
                   9            0.144488            0.125778           0.0059618
                  10            0.139834            0.127184          0.00552883
                  11            0.131514            0.127577           0.0050402
                  12            0.134256            0.128134          0.00465081
                  13            0.130408            0.128309          0.00429634
                  14            0.101642            0.126404          0.00439145
                  15            0.135014            0.126978          0.00413603
                  16            0.110008            0.125917          0.00401122
                  17            0.108908            0.124917          0.00389805
                  18            0.130236            0.125212          0.00369268
                  19            0.136714            0.125818           0.0035476
                  20             0.14875            0.126964          0.00355068
