                   1            0.443667            0.443667                   0
                   2            0.428112            0.435889          0.00549949
                   3             0.41951             0.43043          0.00577182
                   4            0.427907            0.429799          0.00436319
                   5            0.435016            0.430842          0.00361313
                   6            0.449212            0.433904          0.00410813
                   7            0.422022            0.432206          0.00385604
                   8            0.418576            0.430503           0.0037315
                   9            0.426652            0.430075          0.00334133
                  10            0.443973            0.431465          0.00328353
                  11            0.437055            0.431973           0.0030241
                  12            0.436618             0.43236          0.00279675
                  13            0.426963            0.431945          0.00261224
                  14            0.426893            0.431584          0.00245045
                  15            0.436381            0.431904          0.00230786
                  16            0.436066            0.432164          0.00217823
                  17             0.43327            0.432229          0.00205107
                  18            0.439013            0.432606          0.00197145
                  19            0.444282             0.43322          0.00196113
                  20            0.425221             0.43282          0.00190342
