                   1           -0.789896           -0.789896                   0
                   2           -0.793704             -0.7918          0.00134633
                   3           -0.794376           -0.792659          0.00113892
                   4           -0.795512           -0.793372          0.00105417
                   5           -0.792396           -0.793177          0.00086122
                   6           -0.792176            -0.79301         0.000733658
                   7           -0.791072           -0.792733         0.000679082
                   8           -0.791396           -0.792566         0.000614422
                   9           -0.792564           -0.792566         0.000546153
                  10           -0.789968           -0.792306         0.000549859
                  11           -0.792528           -0.792326         0.000500242
                  12           -0.790168           -0.792146         0.000489819
                  13           -0.791128           -0.792068         0.000458362
                  14           -0.791132           -0.792001          0.00043047
                  15           -0.791076           -0.791939         0.000406166
                  16           -0.791348           -0.791902         0.000382459
                  17             -0.7921           -0.791914         0.000360138
                  18           -0.790324           -0.791826         0.000350798
                  19            -0.79124           -0.791795         0.000333687
                  20              -0.795           -0.791955         0.000353394
