                   1             9.18684             9.18684                   0
                   2             9.44361             9.31523           0.0907834
                   3             9.54195              9.3908           0.0864334
                   4             9.96429             9.53417            0.140067
                   5             8.97234             9.42181            0.150523
                   6             9.21727             9.38772            0.129238
                   7             9.22449              9.3644            0.112859
                   8             8.81138             9.29527            0.118039
                   9             9.53823             9.32227            0.107966
                  10             8.71324             9.26136             0.11305
                  11             9.44023             9.27762            0.103935
                  12             8.94145             9.24961           0.0989775
                  13             9.48459             9.26769           0.0929997
                  14             9.22953             9.26496           0.0863968
                  15             9.44537             9.27699           0.0814699
                  16             9.03736             9.26201           0.0777425
                  17             9.35621             9.26755           0.0733666
                  18             9.13249             9.26005           0.0696733
                  19             9.74825             9.28574           0.0705855
                  20             9.38687              9.2908           0.0672371
