                   1             0.00903             0.00903                   0
                   2             0.00266            0.005845          0.00225214
                   3            0.014346          0.00867867          0.00275815
                   4            0.001558           0.0068985           0.0025799
                   5            0.003652           0.0062492          0.00214407
                   6            0.003122            0.005728          0.00184899
                   7           -0.003234          0.00444771          0.00197907
                   8           -0.004784          0.00329375          0.00204057
                   9            0.004404          0.00341711          0.00181756
                  10           -0.007128           0.0023626          0.00191746
                  11            0.000706            0.002212          0.00174905
                  12              -5e-05           0.0020235          0.00161342
                  13            -0.01343         0.000834769          0.00187682
                  14           -0.000592         0.000732857          0.00174552
                  15           -0.000322         0.000662533          0.00163057
                  16           -0.013356        -0.000213625          0.00174828
                  17            0.005748         0.000137059          0.00168024
                  18           -0.009938        -0.000422667          0.00167753
                  19             0.01205         0.000233789          0.00171288
                  20           -0.002212           0.0001115          0.00163159
