                   1              0.0082              0.0082                   0
                   2            0.007628            0.007914         0.000202233
                   3             0.00371          0.00651267           0.0011521
                   4            0.009622             0.00729          0.00109536
                   5           -0.004748           0.0048824          0.00232489
                   6            0.003332            0.004624          0.00195171
                   7            0.002138          0.00426886           0.0017049
                   8           -0.001722             0.00352          0.00164807
                   9             0.01039          0.00428333          0.00163218
                  10            0.007612           0.0046162          0.00150252
                  11            0.005072          0.00465764           0.0013665
                  12            0.012718          0.00532933          0.00140807
                  13            0.003146          0.00516138          0.00130973
                  14            -0.00732          0.00426986          0.00148901
                  15             0.00256          0.00415587          0.00139409
                  16            0.002416          0.00404713           0.0013112
                  17            -0.00211          0.00368494          0.00128312
                  18           -0.010318            0.002907          0.00142832
                  19            0.000444          0.00277737          0.00135902
                  20              0.0118           0.0032285          0.00136389
