                   1             2.28106             2.28106                   0
                   2             2.18011             2.23058           0.0356922
                   3              2.3104             2.25719             0.03222
                   4             2.22749             2.24977           0.0250057
                   5             2.27633             2.25508           0.0205611
                   6             2.26162             2.25617           0.0171631
                   7             2.28487             2.26027           0.0151931
                   8             2.29552             2.26468           0.0139184
                   9             2.29045             2.26754           0.0126632
                  10             2.34192             2.27498           0.0134046
                  11             2.28458             2.27585           0.0122144
                  12             2.32658             2.28008           0.0119055
                  13             2.20671             2.27443           0.0122545
                  14             2.28962             2.27552            0.011427
                  15             2.28671             2.27626           0.0106896
                  16             2.33283              2.2798           0.0105899
                  17             2.35762             2.28438           0.0109115
                  18             2.30785             2.28568           0.0103829
                  19             2.24777             2.28369           0.0100263
                  20             2.32964             2.28598          0.00978477
