                   1              70.483              70.483                   0
                   2             71.5799             71.0314            0.387817
                   3              64.219             68.7606             1.87205
                   4             64.3599             67.6604             1.69679
                   5             72.2105             68.5705             1.58276
                   6             68.9377             68.6317             1.32015
                   7             75.9988             69.6841             1.49327
                   8             70.9578             69.8433             1.31507
                   9              64.638              69.265             1.28988
                  10             67.5923             69.0977             1.17168
                  11             67.3401             68.9379             1.07601
                  12             68.8702             68.9323            0.986354
                  13             70.1067             69.0226            0.914609
                  14             72.2572             69.2537            0.877978
                  15             64.7488             68.9533            0.869295
                  16             65.9847             68.7678            0.834529
                  17             70.8214             68.8886            0.794134
                  18             77.3899             69.3609            0.879315
                  19             64.1884             69.0886            0.874163
                  20             69.6166              69.115            0.830853
