                   1             130.702             130.702                   0
                   2             131.042             130.872            0.120472
                   3             129.415             130.386            0.404643
                   4              131.35             130.627             0.36827
                   5             130.663             130.634            0.294686
                   6             131.478             130.775            0.277105
                   7             131.131             130.826             0.24214
                   8             127.657              130.43            0.426851
                   9             130.678             130.457             0.38031
                  10             130.906             130.502            0.344918
                  11             131.214             130.567            0.319575
                  12             130.698             130.578            0.293131
                  13             131.171             130.623            0.274113
                  14             131.353             130.676            0.259433
                  15             130.597              130.67             0.24219
                  16             130.774             130.677            0.227141
                  17              130.27             130.653            0.215039
                  18              131.36             130.692            0.206647
                  19             131.549             130.737            0.200634
                  20             129.737             130.687            0.196733
