                   1           0.0528389           0.0528389                   0
                   2           0.0215782           0.0372086           0.0110523
                   3           0.0754001           0.0499391           0.0127411
                   4           0.0144411           0.0410646            0.012263
                   5           0.0393308           0.0407178          0.00981528
                   6          0.00907175           0.0354435          0.00949131
                   7           0.0222743           0.0335622          0.00831977
                   8            0.111112           0.0432559           0.0116283
                   9           0.0380657           0.0426792           0.0103506
                  10           0.0269695           0.0411083          0.00943399
                  11           0.0212188           0.0393001          0.00874791
                  12           0.0318371           0.0386782            0.008041
                  13           0.0193266           0.0371896          0.00755899
                  14           0.0144384           0.0355645          0.00719163
                  15           0.0393881           0.0358194           0.0067167
                  16           0.0302409           0.0354708          0.00630595
                  17           0.0424819           0.0358832          0.00594848
                  18           0.0116797           0.0345386          0.00576799
                  19          0.00389286           0.0329256          0.00568545
                  20           0.0583799           0.0341983           0.0055418
