                   1           -0.982632           -0.982632                   0
                   2           -0.990612           -0.986622          0.00282136
                   3           -0.986344           -0.986529          0.00188243
                   4           -0.988464           -0.987013          0.00147264
                   5           -0.988436           -0.987298           0.0012053
                   6           -0.994328           -0.988469          0.00146731
                   7           -0.993356           -0.989167          0.00141404
                   8           -0.990472           -0.989331          0.00124665
                   9           -0.983564            -0.98869          0.00126209
                  10            -0.99326           -0.989147          0.00121582
                  11           -0.994444           -0.989628          0.00119686
                  12           -0.993676           -0.989966          0.00114367
                  13           -0.995216            -0.99037          0.00112475
                  14            -0.98662           -0.990102          0.00107582
                  15             -0.9882           -0.989975          0.00101154
                  16           -0.991064           -0.990043         0.000950609
                  17            -0.99184           -0.990149         0.000900549
                  18           -0.988108           -0.990035         0.000857625
                  19           -0.983728           -0.989703         0.000874377
                  20           -0.993268           -0.989882         0.000848629
