                   1           -0.634468           -0.634468                   0
                   2           -0.631558           -0.633013          0.00102885
                   3           -0.632675             -0.6329         0.000692035
                   4           -0.633192           -0.632973         0.000522847
                   5           -0.631278           -0.632634         0.000516643
                   6            -0.63137           -0.632424         0.000471522
                   7           -0.631505           -0.632292         0.000422025
                   8           -0.631665           -0.632214         0.000376479
                   9           -0.632054           -0.632196         0.000335067
                  10           -0.631171           -0.632094         0.000316846
                  11           -0.629552           -0.631863         0.000362625
                  12           -0.631503           -0.631833          0.00033364
                  13           -0.631104           -0.631777         0.000312648
                  14           -0.631187           -0.631735         0.000293142
                  15           -0.632161           -0.631763         0.000274977
                  16           -0.630316           -0.631673         0.000272266
                  17           -0.632001           -0.631692         0.000256936
                  18           -0.634004            -0.63182         0.000272896
                  19           -0.631061            -0.63178         0.000261442
                  20           -0.634208           -0.631902         0.000275109
