                   1           -0.836252           -0.836252                   0
                   2            -0.83734           -0.836796         0.000384666
                   3           -0.835316           -0.836303          0.00047751
                   4            -0.83396           -0.835717         0.000620897
                   5            -0.83648            -0.83587         0.000515129
                   6           -0.835276           -0.835771         0.000438671
                   7           -0.835768            -0.83577         0.000376004
                   8             -0.8337           -0.835512         0.000408463
                   9           -0.831908           -0.835111          0.00052376
                  10           -0.835356           -0.835136         0.000471956
                  11           -0.833024           -0.834944          0.00046646
                  12           -0.840456           -0.835403         0.000613402
                  13           -0.840012           -0.835758          0.00066078
                  14           -0.838516           -0.835955         0.000642286
                  15           -0.833944           -0.835821         0.000613294
                  16           -0.837048           -0.835897         0.000579741
                  17            -0.83708           -0.835967         0.000549798
                  18           -0.839408           -0.836158         0.000551491
                  19           -0.832356           -0.835958         0.000557588
                  20           -0.836576           -0.835989         0.000530564
