                   1            0.369028            0.369028                   0
                   2            0.367869            0.368449          0.00040987
                   3             0.35451            0.363802          0.00380355
                   4            0.369153             0.36514          0.00307892
                   5            0.370183            0.366149          0.00262314
                   6            0.358788            0.364922          0.00245615
                   7            0.367188            0.365246           0.0021265
                   8            0.364663            0.365173          0.00186193
                   9            0.373907            0.366143          0.00189114
                  10            0.365078            0.366037          0.00170503
                  11            0.360753            0.365556          0.00161626
                  12             0.36799            0.365759          0.00149425
                  13            0.371578            0.366207           0.0014448
                  14            0.361933            0.365901          0.00137347
                  15            0.369998            0.366175          0.00130878
                  16            0.361455             0.36588          0.00125979
                  17            0.367166            0.365955          0.00118795
                  18            0.366858            0.366005          0.00112301
                  19            0.368517            0.366138          0.00107166
                  20            0.370247            0.366343          0.00103758
