                   1           -0.544525           -0.544525                   0
                   2           -0.544506           -0.544516         6.88722e-06
                   3            -0.54362           -0.544217         0.000243713
                   4           -0.541697           -0.543587         0.000575373
                   5           -0.541348           -0.543139         0.000610171
                   6           -0.543019           -0.543119         0.000508805
                   7           -0.542529           -0.543035         0.000443056
                   8           -0.542531           -0.542972         0.000392125
                   9           -0.541355           -0.542792         0.000387532
                  10           -0.541421           -0.542655         0.000372265
                  11           -0.542706            -0.54266         0.000338451
                  12           -0.540133           -0.542449         0.000370007
                  13           -0.543314           -0.542516         0.000347469
                  14           -0.542279           -0.542499         0.000323061
                  15           -0.544177           -0.542611         0.000320305
                  16           -0.543101           -0.542641         0.000301749
                  17           -0.543456           -0.542689         0.000287779
                  18           -0.542889             -0.5427         0.000272006
                  19           -0.542694             -0.5427         0.000257691
                  20           -0.542752           -0.542703         0.000244819
