                   1            0.296712            0.296712                   0
                   2            0.294556            0.295634          0.00076225
                   3            0.293789            0.295019         0.000714343
                   4            0.291225             0.29407         0.000980655
                   5             0.29345            0.293946         0.000792331
                   6            0.296712            0.294407          0.00078295
                   7            0.294677            0.294446         0.000672048
                   8            0.290472            0.293949         0.000749417
                   9            0.303857             0.29505          0.00123327
                  10            0.300428            0.295588          0.00122158
                  11            0.294975            0.295532          0.00111179
                  12            0.307298            0.296512          0.00138559
                  13            0.297977            0.296625          0.00128358
                  14            0.296215            0.296596          0.00119223
                  15            0.294323            0.296444          0.00112233
                  16            0.299339            0.296625          0.00106666
                  17            0.299939             0.29682          0.00102157
                  18            0.288979            0.296384          0.00105361
                  19            0.288817            0.295986          0.00107079
                  20            0.296726            0.296023          0.00101789
