                   1            0.060958            0.060958                   0
                   2            0.056376            0.058667          0.00161998
                   3             0.04958            0.055638          0.00269869
                   4            0.062886             0.05745          0.00256109
                   5            0.044248           0.0548096          0.00312654
                   6            0.049418            0.053911          0.00273153
                   7             0.05355           0.0538594           0.0023418
                   8            0.045394           0.0528013          0.00227563
                   9             0.06086           0.0536967          0.00219188
                  10            0.063886           0.0547156          0.00219679
                  11            0.051984           0.0544673          0.00201107
                  12             0.06267           0.0551508          0.00195621
                  13            0.049654            0.054728          0.00185086
                  14            0.038594           0.0535756          0.00204622
                  15            0.053406           0.0535643          0.00190984
                  16            0.048368           0.0532395          0.00181787
                  17            0.053492           0.0532544            0.001711
                  18            0.044288           0.0527562           0.0016869
                  19            0.048942           0.0525555          0.00161002
                  20            0.062276           0.0530415           0.0016012
