                   1             3.25759             3.25759                   0
                   2             3.20539             3.23149            0.018454
                   3             3.20446             3.22248            0.014334
                   4             3.07924             3.18667           0.0328219
                   5             3.12635              3.1746           0.0283885
                   6             3.05497             3.15467           0.0298488
                   7             3.16092             3.15556           0.0255981
                   8             3.13615             3.15313            0.022513
                   9             3.20648             3.15906           0.0207773
                  10             3.13964             3.15712           0.0187901
                  11             3.16909             3.15821           0.0171134
                  12             3.17986             3.16001           0.0157821
                  13             3.05912             3.15225           0.0163656
                  14             3.16443             3.15312           0.0152198
                  15             3.14961             3.15289           0.0142069
                  16              3.2498             3.15894            0.014553
                  17             3.22081             3.16258           0.0141445
                  18             3.13343             3.16096           0.0134512
                  19             3.12873             3.15927           0.0128497
                  20             3.22787              3.1627           0.0126568
