                   1            0.077946            0.077946                   0
                   2            0.070874             0.07441          0.00250033
                   3            0.068852           0.0725573          0.00225095
                   4            0.051682           0.0673385          0.00482465
                   5             0.06189           0.0662488          0.00398088
                   6            0.051482           0.0637877          0.00400659
                   7            0.057126            0.062836          0.00354544
                   8             0.05816           0.0622515          0.00315007
                   9             0.05901           0.0618913          0.00282058
                  10             0.05732           0.0614342           0.0025753
                  11            0.069756           0.0621907          0.00244978
                  12             0.07481           0.0632423          0.00246101
                  13            0.056974           0.0627602          0.00231846
                  14             0.07703           0.0637794          0.00236633
                  15            0.058694           0.0634404          0.00223273
                  16             0.05983           0.0632148          0.00210455
                  17            0.071952           0.0637287          0.00204255
                  18             0.05738            0.063376          0.00195929
                  19             0.06507           0.0634652           0.0018582
                  20            0.067498           0.0636668          0.00177619
