                   1             7.78482             7.78482                   0
                   2             7.50957             7.64719           0.0973161
                   3             7.07825             7.45755            0.167888
                   4             6.78233             7.28874             0.19294
                   5             6.88949             7.20889            0.170075
                   6             7.04407             7.18142            0.143931
                   7             7.60917             7.24253            0.135722
                   8             6.48408             7.14772            0.148216
                   9             7.18031             7.15134            0.131791
                  10             7.15415             7.15162            0.118613
                  11             7.09905             7.14685            0.107926
                  12             7.48752             7.17523            0.102598
                  13             6.85047             7.15025           0.0977001
                  14             7.35548             7.16491           0.0918146
                  15             7.39072             7.17997           0.0869191
                  16             7.43055             7.19563           0.0828856
                  17             7.28211             7.20071           0.0781659
                  18             7.90983             7.24011           0.0831603
                  19             6.88989             7.22168           0.0808005
                  20             7.84247             7.25272           0.0825073
