                   1             3.05639             3.05639                   0
                   2              2.9498             3.00309           0.0376842
                   3             3.00027             3.00215           0.0251345
                   4             2.93377             2.98506           0.0239694
                   5             2.95581             2.97921           0.0198764
                   6             2.99121             2.98121           0.0166639
                   7             3.09291             2.99717           0.0205493
                   8             3.06348             3.00546           0.0195815
                   9             2.99387             3.00417            0.017448
                  10             3.07639             3.01139           0.0171329
                  11             2.88867             3.00023            0.018861
                  12             3.12686             3.01079           0.0200248
                  13              2.9937             3.00947           0.0185275
                  14             2.94248             3.00469           0.0178113
                  15             3.12055             3.01241            0.018222
                  16             3.01941             3.01285           0.0170883
                  17             3.10129             3.01805           0.0168565
                  18             3.04885             3.01976           0.0160066
                  19             2.94386             3.01577           0.0156547
                  20              3.1588             3.02292           0.0164245
