                   1            0.247045            0.247045                   0
                   2            0.244516             0.24578         0.000893925
                   3            0.242464            0.244675          0.00108162
                   4            0.241718            0.243936          0.00103341
                   5             0.24308            0.243765         0.000840765
                   6            0.238681            0.242917          0.00104356
                   7             0.24274            0.242892         0.000894784
                   8            0.242878             0.24289         0.000782938
                   9            0.243151            0.242919         0.000696481
                  10            0.247143            0.243342         0.000743943
                  11            0.249155             0.24387         0.000843367
                  12             0.24671            0.244107         0.000805604
                  13            0.242596            0.243991         0.000751973
                  14             0.24163            0.243822         0.000716911
                  15             0.24472            0.243882         0.000671614
                  16            0.250607            0.244302         0.000749715
                  17            0.242496            0.244196         0.000713099
                  18            0.240396            0.243985         0.000704041
                  19            0.244404            0.244007         0.000667332
                  20            0.248417            0.244227          0.00066941
