                   1            -1.01948            -1.01948                   0
                   2               -1.02            -1.01974         0.000185163
                   3               -1.02            -1.01983         0.000142539
                   4               -1.02            -1.01987         0.000113389
                   5               -1.02             -1.0199         9.36859e-05
                   6               -1.02            -1.01991         7.96815e-05
                   7               -1.02            -1.01993         6.92672e-05
                   8               -1.02            -1.01993         6.12369e-05
                   9               -1.02            -1.01994         5.48631e-05
                  10               -1.02            -1.01995         4.96844e-05
                  11               -1.02            -1.01995         4.53952e-05
                  12               -1.02            -1.01996         4.17853e-05
                  13               -1.02            -1.01996         3.87057e-05
                  14               -1.02            -1.01996         3.60478e-05
                  15               -1.02            -1.01997         3.37308e-05
                  16               -1.02            -1.01997         3.16931e-05
                  17               -1.02            -1.01997         2.98872e-05
                  18               -1.02            -1.01997         2.82758e-05
                  19               -1.02            -1.01997          2.6829e-05
                  20               -1.02            -1.01997          2.5523e-05
