                   1            0.161494            0.161494                   0
                   2                   0           0.0807468           0.0570966
                   3                   0           0.0538312            0.043953
                   4                   0           0.0403734           0.0349644
                   5                   0           0.0322987           0.0288889
                   6                   0           0.0269156           0.0245705
                   7                   0           0.0230705           0.0213592
                   8                   0           0.0201867           0.0188829
                   9                   0           0.0179437           0.0169175
                  10                   0           0.0161494           0.0153206
                  11                   0           0.0146812            0.013998
                  12                   0           0.0134578           0.0128849
                  13                   0           0.0124226           0.0119352
                  14                   0           0.0115353           0.0111157
                  15                   0           0.0107662           0.0104012
                  16                   0           0.0100934          0.00977285
                  17                   0          0.00949963          0.00921599
                  18                   0          0.00897187          0.00871909
                  19                   0          0.00849967          0.00827297
                  20                   0          0.00807468          0.00787023
