                   1            0.014628            0.014628                   0
                   2             0.00407            0.009349          0.00373282
                   3            0.005558          0.00808533          0.00269396
                   4             0.00749           0.0079365          0.00202458
                   5           -0.007364           0.0048764          0.00318036
                   6            0.000488            0.004145          0.00273311
                   7            0.005394          0.00432343          0.00234848
                   8           -0.002826          0.00342975          0.00221845
                   9            0.010534          0.00421911          0.00210772
                  10            0.010842           0.0048814          0.00199829
                  11            0.000884            0.004518          0.00184938
                  12            0.012928          0.00521883          0.00182322
                  13             0.00272          0.00502662          0.00169308
                  14           -0.007434          0.00413657          0.00179087
                  15             0.00661          0.00430147          0.00167906
                  16           -0.001634           0.0039305          0.00161458
                  17            0.001322          0.00377706          0.00152687
                  18           -0.004414            0.003322          0.00150834
                  19           -0.000126          0.00314053          0.00143983
                  20            0.013718           0.0036694          0.00146174
