                   1            0.311073            0.311073                   0
                   2             0.31229            0.311681         0.000430357
                   3            0.309521            0.310961         0.000654098
                   4            0.307623            0.310127           0.0008735
                   5            0.309696            0.310041         0.000703028
                   6            0.314004            0.310701         0.000840746
                   7            0.317039            0.311607          0.00110543
                   8            0.309815            0.311383          0.00098967
                   9            0.318133            0.312133          0.00112871
                  10            0.316559            0.312575          0.00109921
                  11            0.310199            0.312359          0.00102028
                  12            0.323271            0.313269          0.00127772
                  13             0.31539            0.313432          0.00118981
                  14            0.314142            0.313483           0.0011059
                  15            0.310763            0.313301          0.00104693
                  16            0.313999            0.313345         0.000982405
                  17            0.318238            0.313633         0.000965865
                  18            0.306835            0.313255         0.000983274
                  19            0.304102            0.312773          0.00104287
                  20            0.316364            0.312953          0.00100606
