                   1             190.965             190.965                   0
                   2             192.308             191.636            0.474605
                   3             192.308              191.86            0.365351
                   4             192.308             191.972            0.290635
                   5             192.308             192.039            0.240133
                   6             192.308             192.084            0.204237
                   7             192.308             192.116            0.177544
                   8             192.308              192.14            0.156961
                   9             192.308             192.159            0.140624
                  10             192.308             192.173             0.12735
                  11             192.308             192.186            0.116356
                  12             192.308             192.196            0.107103
                  13             192.308             192.204           0.0992093
                  14             192.308             192.212           0.0923967
                  15             192.308             192.218           0.0864578
                  16             192.308             192.224           0.0812349
                  17             192.308             192.229           0.0766061
                  18             192.308             192.233           0.0724757
                  19             192.308             192.237           0.0687674
                  20             192.308             192.241           0.0654197
