                   1           -0.989724           -0.989724                   0
                   2           -0.993336            -0.99153          0.00127703
                   3            -0.98814             -0.9904          0.00125542
                   4           -0.988488           -0.989922          0.00102855
                   5           -0.992792           -0.990496         0.000969866
                   6           -0.991792           -0.990712         0.000831927
                   7           -0.988128           -0.990343         0.000790748
                   8           -0.985896           -0.989787         0.000865498
                   9           -0.983056           -0.989039          0.00104358
                  10            -0.98826           -0.988961         0.000942126
                  11           -0.993376           -0.989363         0.000938078
                  12           -0.991216           -0.989517         0.000872528
                  13           -0.989628           -0.989526         0.000805452
                  14           -0.994604           -0.989888         0.000825573
                  15           -0.989956           -0.989893         0.000770547
                  16            -0.99088           -0.989954         0.000724854
                  17            -0.99146           -0.990043         0.000687604
                  18            -0.99414           -0.990271         0.000686041
                  19           -0.990588           -0.990287         0.000650137
                  20           -0.992748            -0.99041         0.000629164
