                   1            0.208183            0.208183                   0
                   2            0.129192            0.168687           0.0279275
                   3            0.218797             0.18539           0.0230789
                   4            0.213707             0.19247           0.0183629
                   5            0.141293            0.182234           0.0173094
                   6            0.156319            0.177915           0.0149537
                   7            0.223434            0.184418           0.0141609
                   8            0.243832            0.191845           0.0142054
                   9            0.290315            0.202786           0.0163049
                  10            0.217379            0.204245           0.0147396
                  11             0.12999            0.197495           0.0148653
                  12            0.170651            0.195258           0.0137938
                  13            0.202216            0.195793           0.0127431
                  14            0.104959            0.189305            0.013383
                  15             0.18659            0.189124           0.0124921
                  16            0.173064             0.18812           0.0117516
                  17            0.160751             0.18651             0.01117
                  18            0.116999            0.182649           0.0111971
                  19            0.181171            0.182571           0.0106081
                  20             0.14931            0.180908           0.0102072
