                   1            0.000608            0.000608                   0
                   2            -0.01036           -0.004876          0.00387777
                   3            0.011202         0.000483333          0.00508247
                   4            0.008098            0.002387          0.00415309
                   5           -0.009596            -9.6e-06          0.00395396
                   6            -0.00329        -0.000556333          0.00333255
                   7            0.008832         0.000784857          0.00311468
                   8           -0.010642          -0.0006435          0.00303524
                   9            0.005036        -1.24444e-05          0.00276282
                  10           -0.004988            -0.00051          0.00253094
                  11           -0.005756        -0.000986909          0.00234536
                  12              0.0086           -0.000188          0.00228193
                  13            -0.00991        -0.000935846          0.00222557
                  14           -0.013924         -0.00186357          0.00225167
                  15            0.015964        -0.000675067          0.00239477
                  16           -0.009636         -0.00123513          0.00230966
                  17            -0.00302         -0.00134012          0.00217618
                  18           -0.003044         -0.00143478          0.00205734
                  19             0.00121         -0.00129558          0.00195376
                  20           -0.000804           -0.001271          0.00185623
