                   1             0.36108             0.36108                   0
                   2            0.366098            0.363589          0.00177423
                   3             0.35516            0.360779           0.0025812
                   4            0.356249            0.359647          0.00217021
                   5            0.360044            0.359726          0.00173762
                   6            0.352327            0.358493          0.00183419
                   7             0.35931             0.35861          0.00157586
                   8            0.354525            0.358099          0.00145926
                   9            0.372436            0.359692          0.00198451
                  10            0.358731            0.359596          0.00178838
                  11            0.359418             0.35958          0.00162587
                  12            0.363066             0.35987          0.00151611
                  13            0.363204            0.360127          0.00142101
                  14            0.352976            0.359616          0.00140832
                  15            0.371621            0.360416          0.00152497
                  16            0.359409            0.360353          0.00143096
                  17            0.362534            0.360482          0.00135252
                  18            0.365165            0.360742          0.00130216
                  19            0.361979            0.360807          0.00123525
                  20            0.364094            0.360971          0.00118437
