                   1              7.8824              7.8824                   0
                   2             8.16797             8.02518            0.100966
                   3             7.74899             7.93312            0.100902
                   4             8.34019             8.03489            0.116166
                   5             7.85385             7.99868           0.0984137
                   6             8.14118             8.02243           0.0848289
                   7             8.07166             8.02947           0.0730014
                   8             8.01272             8.02737           0.0639063
                   9             8.06949             8.03205           0.0569767
                  10             7.51651              7.9805           0.0708634
                  11             8.09695             7.99108           0.0652073
                  12             7.96083             7.98856           0.0598221
                  13              7.6942             7.96592           0.0593513
                  14             7.84289             7.95713           0.0557587
                  15             8.26238             7.97748           0.0556311
                  16             8.49624              8.0099           0.0608734
                  17             7.46404             7.97779           0.0652136
                  18             7.81192             7.96858           0.0622383
                  19             7.73046             7.95605           0.0602112
                  20             8.01763             7.95913           0.0572793
