                   1            -0.76247            -0.76247                   0
                   2            -0.76355            -0.76301         0.000382007
                   3           -0.763738           -0.763253          0.00032267
                   4           -0.767223           -0.764245         0.000893026
                   5           -0.762864           -0.763969         0.000755969
                   6           -0.763534           -0.763896         0.000633441
                   7           -0.763227           -0.763801          0.00055013
                   8           -0.764674            -0.76391         0.000492085
                   9           -0.762883           -0.763796         0.000450441
                  10           -0.760861           -0.763502         0.000491817
                  11           -0.764523           -0.763595         0.000455774
                  12           -0.761717           -0.763439         0.000443843
                  13           -0.762532           -0.763369         0.000415141
                  14           -0.762073           -0.763276          0.00039568
                  15           -0.763624             -0.7633         0.000369981
                  16           -0.765414           -0.763432         0.000369697
                  17           -0.762576           -0.763381         0.000351358
                  18           -0.762678           -0.763342         0.000334003
                  19           -0.761703           -0.763256         0.000327374
                  20           -0.765777           -0.763382         0.000334387
