                   1            0.029286            0.029286                   0
                   2            0.034314              0.0318          0.00177767
                   3            0.028708           0.0307693           0.0014535
                   4            0.030832            0.030785          0.00109021
                   5            0.019406           0.0285092          0.00221452
                   6             0.03183           0.0290627          0.00191335
                   7             0.03258           0.0295651          0.00170471
                   8            0.026894           0.0292312          0.00152397
                   9            0.027614           0.0290516          0.00136519
                  10            0.031472           0.0292936          0.00124995
                  11            0.036764           0.0299727          0.00130786
                  12            0.035086           0.0303988          0.00126639
                  13            0.029042           0.0302945          0.00117326
                  14            0.020838            0.029619          0.00126909
                  15              0.0301           0.0296511          0.00118489
                  16            0.031168           0.0297459          0.00111462
                  17            0.034722           0.0300386          0.00108681
                  18            0.023278            0.029663           0.0010894
                  19            0.027632           0.0295561          0.00103729
                  20            0.031504           0.0296535         0.000989989
