                   1             20.0236             20.0236                   0
                   2              20.448             20.2358            0.150056
                   3             21.5179             20.6631            0.362992
                   4             21.2655             20.8137            0.301867
                   5             18.8266             20.4163            0.429744
                   6             22.4886             20.7617             0.47714
                   7             21.9071             20.9253            0.436131
                   8              20.289             20.8458            0.388801
                   9             19.4756             20.6935            0.374221
                  10             22.5513             20.8793            0.380125
                  11             22.1039             20.9906            0.361503
                  12             21.4217             21.0265            0.333157
                  13             22.2148              21.118            0.319824
                  14             20.4638             21.0712            0.300373
                  15             20.3429             21.0227            0.284246
                  16             21.6266             21.0604            0.268975
                  17             20.1067             21.0043            0.258937
                  18             19.3568             20.9128            0.260226
                  19             21.3318             20.9348            0.247463
                  20             19.2137             20.8488            0.249606
