                   1             0.00976             0.00976                   0
                   2            0.023746            0.016753           0.0049448
                   3            0.011288           0.0149313          0.00361655
                   4           -0.021566            0.005807          0.00835448
                   5             0.00664           0.0059736          0.00668524
                   6           -0.009626          0.00337367          0.00605553
                   7            0.035852          0.00801343          0.00673742
                   8            -0.05896         -0.00035825          0.00980195
                   9           -0.003002           -0.000652          0.00871725
                  10            0.048346           0.0042478          0.00911918
                  11            0.013852          0.00512091          0.00833186
                  12            -0.03873          0.00146667          0.00840075
                  13           -0.018704        -8.49231e-05          0.00789653
                  14           -0.014098         -0.00108586          0.00739566
                  15           -0.027904         -0.00287373          0.00711544
                  16           -0.032088         -0.00469962          0.00690102
                  17           -0.013736         -0.00523118          0.00651552
                  18           -0.029796         -0.00659589          0.00629484
                  19           -0.044176         -0.00857379          0.00626657
                  20            0.029876          -0.0066513          0.00624118
