                   1            -1.01411            -1.01411                   0
                   2             -1.0148            -1.01445         0.000244164
                   3            -1.01341            -1.01411         0.000327449
                   4            -1.01415            -1.01412          0.00024574
                   5            -1.01093            -1.01348         0.000602965
                   6            -1.01533            -1.01379         0.000575719
                   7            -1.01346            -1.01374         0.000495372
                   8            -1.01511            -1.01391         0.000461983
                   9            -1.01129            -1.01362         0.000494251
                  10             -1.0144             -1.0137         0.000450972
                  11            -1.01302            -1.01364         0.000414114
                  12            -1.00576            -1.01298         0.000734356
                  13            -1.00815            -1.01261         0.000766219
                  14             -1.0131            -1.01264         0.000712296
                  15            -1.01617            -1.01288         0.000702554
                  16             -1.0125            -1.01285         0.000659035
                  17            -1.01287            -1.01286         0.000620269
                  18            -1.01431            -1.01294         0.000591035
                  19            -1.01104            -1.01284         0.000568253
                  20            -1.01227            -1.01281         0.000540548
