                   1           -0.688886           -0.688886                   0
                   2            -0.69283           -0.690858          0.00139441
                   3           -0.690776            -0.69083          0.00092988
                   4           -0.689696           -0.690547          0.00073937
                   5           -0.690806           -0.690599         0.000593308
                   6           -0.688314           -0.690218         0.000604387
                   7           -0.690727           -0.690291         0.000522395
                   8           -0.687554           -0.689949         0.000557936
                   9           -0.692272           -0.690207         0.000552438
                  10           -0.687825           -0.689969         0.000546119
                  11           -0.687605           -0.689754         0.000537093
                  12           -0.691177           -0.689872         0.000505261
                  13           -0.686594            -0.68962         0.000525574
                  14            -0.68902           -0.689577         0.000489779
                  15           -0.688829           -0.689527         0.000459659
                  16           -0.690514           -0.689589         0.000435046
                  17           -0.689435            -0.68958         0.000409549
                  18            -0.69033           -0.689622          0.00038891
                  19           -0.688762           -0.689576          0.00037106
                  20           -0.694358           -0.689815         0.000422575
