                   1            0.096692            0.096692                   0
                   2            0.117692            0.107192          0.00742462
                   3            0.087976            0.100787          0.00720085
                   4            0.093216            0.098894          0.00564389
                   5            0.090296           0.0971744          0.00476989
                   6              0.0797            0.094262          0.00478208
                   7            0.090326           0.0936997          0.00413185
                   8             0.07412           0.0912522          0.00427928
                   9            0.103386           0.0926004          0.00401056
                  10            0.108258           0.0941662           0.0039032
                  11             0.09603           0.0943356          0.00355204
                  12            0.097242           0.0945778          0.00326428
                  13            0.107692           0.0955866          0.00316522
                  14            0.078788           0.0943867          0.00315839
                  15            0.101654           0.0948712          0.00298476
                  16             0.08869           0.0944849           0.0028231
                  17             0.08735           0.0940652          0.00268805
                  18            0.092288           0.0939664          0.00254053
                  19            0.091522           0.0938378          0.00241007
                  20            0.107712           0.0945315          0.00238732
