                   1            0.249637            0.249637                   0
                   2            0.245947            0.247792          0.00130463
                   3            0.250735            0.248773           0.0011825
                   4            0.249742            0.249015         0.000911382
                   5            0.252713            0.249755         0.000984401
                   6            0.254524             0.25055          0.00109523
                   7            0.249796            0.250442         0.000944044
                   8            0.249748            0.250355          0.00083001
                   9            0.259131             0.25133          0.00117873
                  10            0.251684            0.251366          0.00106139
                  11            0.250689            0.251304         0.000966677
                  12             0.25582            0.251681         0.000956574
                  13            0.258012            0.252168         0.000999317
                  14            0.247459            0.251831         0.000982906
                  15            0.253661            0.251953         0.000924921
                  16            0.250881            0.251886         0.000869536
                  17            0.254695            0.252051         0.000833933
                  18            0.246328            0.251733         0.000846056
                  19            0.246814            0.251475         0.000840208
                  20            0.250237            0.251413         0.000800471
