                   1             2.04348             2.04348                   0
                   2             1.92481             1.98414           0.0419539
                   3             2.01032             1.99287           0.0288624
                   4              1.9646              1.9858           0.0224955
                   5             2.01889             1.99242           0.0189446
                   6             2.03069              1.9988            0.016827
                   7             2.06201             2.00783            0.016671
                   8               2.022              2.0096           0.0146809
                   9              2.1031             2.01999           0.0163164
                  10             2.06566             2.02456           0.0153108
                  11             2.02886             2.02495           0.0139239
                  12             2.05571             2.02751           0.0129975
                  13             1.95886             2.02223           0.0130265
                  14             2.00385             2.02092            0.012162
                  15             2.06367             2.02377           0.0116805
                  16             2.10829             2.02905           0.0120861
                  17             2.08249             2.03219           0.0117768
                  18              2.0184             2.03143           0.0111474
                  19             2.01778             2.03071           0.0105838
                  20             2.07939             2.03314           0.0103308
