                   1            0.256611            0.256611                   0
                   2            0.255273            0.255942         0.000473061
                   3            0.255851            0.255912         0.000316353
                   4            0.255041            0.255694         0.000303038
                   5            0.256792            0.255914         0.000311946
                   6            0.259757            0.256554         0.000639843
                   7            0.255685             0.25643         0.000560347
                   8            0.252627            0.255955         0.000661962
                   9            0.264813            0.256939          0.00109875
                  10            0.259224            0.257167          0.00101235
                  11             0.25786             0.25723         0.000922277
                  12            0.263587             0.25776         0.000985872
                  13             0.26457            0.258284          0.00103993
                  14            0.253788            0.257963          0.00101402
                  15            0.260095            0.258105         0.000956329
                  16            0.255874            0.257965         0.000906664
                  17            0.260326            0.258104         0.000863896
                  18            0.250866            0.257702         0.000904664
                  19             0.25705            0.257668           0.0008577
                  20            0.256967            0.257633          0.00081553
