0 528.614 0.002
100000 442.893 0.002
200000 440.913 0.004
300000 440.913 0.008
400000 437.22 0.016
500000 432.44 0.032
600000 415.654 0.064
700000 367.052 0.128
800000 321.3 0.256
900000 316.663 0.256
1000000 305.085 0.256
1100000 211.305 0.512
1200000 211.305 0.512
1300000 211.305 0.512
1400000 211.305 0.512
1500000 211.305 0.512
1600000 156.478 1.024
1700000 144.478 1.024
1800000 144.478 1.024
1900000 144.478 1.024
2000000 137.475 1.024
2100000 135.676 1.024
2200000 131.657 1.024
2300000 131.657 1.024
2400000 131.657 1.024
2500000 131.657 1.024
2600000 131.657 1.024
2700000 131.657 1.024
2800000 131.657 1.024
2900000 131.657 1.024
3000000 114.336 2.048
3100000 100.953 2.048
3200000 100.953 2.048
3300000 100.953 2.048
3400000 99.5722 2.048
3500000 96.077 2.048
3600000 96.077 2.048
3700000 96.077 2.048
3800000 95.3274 2.048
3900000 95.3274 2.048
4000000 95.3274 2.048
4100000 95.3274 2.048
4200000 95.3274 2.048
4300000 95.3274 2.048
4400000 95.3274 2.048
4500000 95.3274 2.048
4600000 95.3274 2.048
4700000 95.3274 2.048
4800000 95.3274 2.048
4900000 93.8466 2.048
5000000 93.8466 2.048
5100000 93.8466 2.048
5200000 93.8466 2.048
5300000 93.8466 2.048
5400000 93.8466 2.048
5500000 93.8466 2.048
5600000 93.8466 2.048
5700000 93.8466 2.048
5800000 93.8466 2.048
5900000 93.8466 2.048
6000000 93.8466 2.048
6100000 93.8466 2.048
6200000 93.8466 2.048
6300000 93.8466 2.048
6400000 93.304 2.048
6500000 83.9751 4.096
6600000 83.9751 4.096
6700000 83.9751 4.096
6800000 83.9751 4.096
6900000 83.9751 4.096
7000000 83.9751 4.096
7100000 83.9751 4.096
7200000 83.9751 4.096
7300000 83.9751 4.096
7400000 83.9751 4.096
7500000 83.9751 4.096
7600000 83.9751 4.096
7700000 83.9751 4.096
7800000 83.9751 4.096
7900000 83.9751 4.096
8000000 83.9751 4.096
8100000 83.9751 4.096
8200000 83.9751 4.096
8300000 83.7763 4.096
8400000 83.7289 4.096
8500000 83.7289 4.096
8600000 82.6336 4.096
8700000 82.6336 4.096
8800000 82.6336 4.096
8900000 82.6336 4.096
9000000 82.6336 4.096
9100000 82.6336 4.096
9200000 82.6336 4.096
9300000 82.6336 4.096
9400000 82.6336 4.096
9500000 82.6336 4.096
9600000 82.6336 4.096
9700000 82.6336 4.096
9800000 82.6336 4.096
9900000 82.6336 4.096
10000000 82.6336 4.096
10100000 82.6336 4.096
10200000 82.6336 4.096
10300000 82.6336 4.096
10400000 82.6336 4.096
10500000 82.6336 4.096
10600000 82.6336 4.096
10700000 82.6336 4.096
10800000 82.6336 4.096
10900000 82.6336 4.096
11000000 82.6336 4.096
11100000 82.6336 4.096
11200000 82.6336 4.096
11300000 82.6336 4.096
11400000 82.6336 4.096
11500000 82.6336 8.192
11600000 82.6336 8.192
11700000 82.6336 8.192
11800000 82.6336 8.192
11900000 82.6336 8.192
12000000 82.6336 8.192
12100000 82.6336 8.192
12200000 82.6336 8.192
12300000 82.6336 8.192
12400000 82.6336 8.192
12500000 82.6297 8.192
12600000 82.5416 8.192
12700000 82.5416 8.192
12800000 82.5416 8.192
12900000 82.5416 8.192
13000000 82.5416 8.192
13100000 82.5416 8.192
13200000 82.5416 8.192
13300000 82.5416 8.192
13400000 82.5416 8.192
13500000 82.5416 8.192
13600000 82.5416 8.192
13700000 82.5416 8.192
13800000 82.5416 8.192
13900000 82.5416 8.192
14000000 82.5416 8.192
14100000 82.5416 8.192
14200000 82.5416 8.192
14300000 82.5416 8.192
14400000 82.5416 8.192
14500000 82.5416 8.192
14600000 82.5416 8.192
14700000 82.5416 8.192
14800000 82.5416 8.192
14900000 82.5416 8.192
15000000 82.5416 8.192
15100000 82.5416 8.192
15200000 82.5416 8.192
15300000 82.5416 8.192
15400000 82.5416 8.192
15500000 82.5416 8.192
15600000 82.5416 8.192
15700000 82.5416 8.192
15800000 82.5416 8.192
15900000 82.5416 8.192
16000000 82.5416 8.192
16100000 82.5416 8.192
16200000 82.5416 8.192
16300000 82.5416 8.192
16400000 82.5416 8.192
