                   1             4.38752             4.38752                   0
                   2             4.37514             4.38133          0.00437705
                   3             4.29435             4.35234           0.0238522
                   4             4.04712             4.27603           0.0684606
                   5              4.2291             4.26665           0.0554083
                   6             4.25988             4.26552           0.0461851
                   7             4.54621             4.30562           0.0542714
                   8             4.26274             4.30026           0.0477513
                   9             4.18109             4.28702           0.0442433
                  10             4.32034             4.29035           0.0399442
                  11              4.1105               4.274           0.0395176
                  12             4.45491             4.28908           0.0389944
                  13             4.28568             4.28881           0.0359957
                  14             4.44131             4.29971           0.0350339
                  15              4.3431              4.3026           0.0328176
                  16             4.44026              4.3112           0.0318744
                  17             4.22291             4.30601           0.0304196
                  18             4.19521             4.29985           0.0293458
                  19             4.25597             4.29754           0.0278921
                  20             4.70985             4.31816           0.0332545
