                   1            -0.01017            -0.01017                   0
                   2            0.050384            0.020107           0.0214091
                   3           -0.036318          0.00129867           0.0209654
                   4           -0.005312           -0.000354            0.015789
                   5           -0.008166          -0.0019164           0.0127083
                   6             0.04222          0.00543967           0.0125398
                   7            -0.02081          0.00168971           0.0112952
                   8            -0.03363         -0.00272525           0.0107114
                   9           -0.052366         -0.00824089           0.0108488
                  10            0.021028           -0.005314           0.0101511
                  11           -0.031618         -0.00770527          0.00950573
                  12           -0.005558         -0.00752633          0.00871527
                  13            0.013296         -0.00592462          0.00819073
                  14            -0.02199         -0.00707214          0.00768564
                  15           -0.060088          -0.0106065          0.00794448
                  16            0.007554          -0.0094715           0.0075286
                  17           -0.003022         -0.00909212          0.00709529
                  18            0.000606         -0.00855333          0.00672153
                  19            -0.02679         -0.00951316          0.00643594
                  20            0.029648          -0.0075551          0.00640507
