                   1            0.436943            0.436943                   0
                   2            0.406172            0.421558            0.010879
                   3            0.438951            0.427356          0.00866093
                   4            0.431018            0.428271          0.00654393
                   5            0.433883            0.429394          0.00533054
                   6              0.4474            0.432395          0.00521899
                   7            0.446738            0.434444          0.00485901
                   8            0.445982            0.435886          0.00446055
                   9             0.43733            0.436046          0.00396782
                  10            0.450463            0.437488          0.00382399
                  11            0.425722            0.436418          0.00362286
                  12            0.434857            0.436288          0.00332329
                  13            0.430444            0.435839          0.00309791
                  14            0.444584            0.436463          0.00293893
                  15            0.459367             0.43799          0.00311449
                  16            0.419071            0.436808          0.00313629
                  17             0.41807            0.435706          0.00313952
                  18            0.432627            0.435535          0.00296976
                  19            0.448418            0.436213          0.00288983
                  20            0.445966              0.4367          0.00278619
