                   1            0.240667            0.240667                   0
                   2            0.240619            0.240643         1.71465e-05
                   3            0.239194             0.24016         0.000394367
                   4            0.236585            0.239266         0.000828655
                   5            0.240076            0.239428         0.000678557
                   6            0.234599            0.238623         0.000927079
                   7            0.237335            0.238439         0.000812712
                   8             0.23998            0.238632         0.000733574
                   9            0.240454            0.238834         0.000679443
                  10            0.241254            0.239076         0.000653149
                  11            0.244069             0.23953         0.000734738
                  12            0.242007            0.239736         0.000701895
                  13            0.242119             0.23992         0.000671404
                  14            0.237807            0.239769         0.000640187
                  15            0.239071            0.239722         0.000599197
                  16            0.246147            0.240124         0.000683154
                  17            0.240516            0.240147         0.000643357
                  18            0.239472            0.240109         0.000608708
                  19            0.240319             0.24012         0.000576771
                  20             0.24242            0.240235          0.00055928
