                   1             1.73693             1.73693                   0
                   2             1.72753             1.73223          0.00332538
                   3             1.71939             1.72795          0.00413981
                   4             1.75944             1.73582          0.00749144
                   5             1.70182             1.72902          0.00853908
                   6             1.71951             1.72744          0.00726167
                   7             1.73873             1.72905          0.00640099
                   8             1.70667             1.72625          0.00618216
                   9             1.68515             1.72168          0.00698134
                  10              1.7308              1.7226          0.00634248
                  11             1.70171              1.7207          0.00604342
                  12             1.67538             1.71692          0.00661525
                  13             1.73823             1.71856          0.00630625
                  14             1.74163             1.72021          0.00606727
                  15             1.74077             1.72158           0.0058156
                  16             1.68071             1.71902          0.00598688
                  17             1.70239             1.71805           0.0057141
                  18             1.71781             1.71803          0.00539666
                  19             1.70365             1.71728          0.00516544
                  20             1.70843             1.71683          0.00492605
