                   1            0.002748            0.002748                   0
                   2           -0.008122           -0.002687          0.00384313
                   3           -0.001778           -0.002384            0.002574
                   4            0.003438          -0.0009285          0.00230558
                   5             0.00796           0.0008492           0.0024352
                   6           -0.004746        -8.33333e-05          0.00220066
                   7           -0.001922           -0.000346          0.00190189
                   8             0.00091           -0.000189          0.00167062
                   9           -0.006554        -0.000896222          0.00162782
                  10             0.00222          -0.0005846          0.00149457
                  11            0.001038        -0.000437091          0.00136596
                  12            -0.00211          -0.0005765          0.00125922
                  13             0.00405        -0.000220615          0.00121161
                  14           -0.005802        -0.000619286          0.00118885
                  15             0.00615           -0.000168          0.00119217
                  16            0.000662        -0.000116125          0.00111879
                  17           -0.000304        -0.000127176          0.00105303
                  18            0.004526         0.000131333          0.00102577
                  19            0.000108         0.000130105         0.000971782
                  20           -0.000332            0.000107         0.000923468
