                   1             2.12303             2.12303                   0
                   2             1.98542             2.05423           0.0486532
                   3             2.08425             2.06424           0.0334492
                   4             2.01886             2.05289           0.0269419
                   5             2.07824             2.05796           0.0220254
                   6             2.09147             2.06355           0.0190493
                   7             2.11459             2.07084           0.0176685
                   8             2.08692             2.07285           0.0155739
                   9             2.17949              2.0847           0.0177885
                  10             2.12173              2.0884           0.0163907
                  11             2.08799             2.08836           0.0149006
                  12             2.11549             2.09062           0.0138293
                  13             2.00674             2.08417           0.0141913
                  14             2.07079             2.08322           0.0132098
                  15             2.11795             2.08553           0.0125304
                  16             2.14462             2.08922           0.0122794
                  17             2.14176             2.09231           0.0119397
                  18             2.08324             2.09181            0.011287
                  19             2.04696             2.08945            0.010937
                  20              2.1574             2.09285           0.0109052
