                   1             109.765             109.765                   0
                   2             110.151             109.958            0.136515
                   3             107.858             109.258            0.578698
                   4             112.614             110.097            0.846354
                   5             110.468             110.171            0.680323
                   6             115.856             111.119             1.03414
                   7             116.088             111.828             1.10348
                   8             117.317             112.515             1.15938
                   9             104.292             111.601             1.34316
                  10             111.796              111.62             1.20898
                  11             114.425             111.875             1.12563
                  12             114.366             112.083              1.0508
                  13             117.689             112.514             1.05476
                  14             107.737             112.173             1.03314
                  15             112.509             112.195            0.964506
                  16             113.045             112.249            0.905684
                  17             117.921             112.582             0.91181
                  18             110.124             112.446            0.871319
                  19             114.179             112.537            0.830221
                  20             112.676             112.544            0.788739
