                   1           -0.804528           -0.804528                   0
                   2            -0.71971           -0.762119           0.0299877
                   3             0.03411           -0.496709            0.217626
                   4           -0.092062           -0.395547            0.185246
                   5            0.333254           -0.249787            0.197381
                   6            0.774392          -0.0790907            0.226574
                   7           -0.047354          -0.0745569            0.194252
                   8           -0.854376           -0.172034            0.192884
                   9            0.190646           -0.131736            0.175611
                  10            0.146566           -0.103906             0.16024
                  11           -0.118072           -0.105194            0.145678
                  12            0.552574            -0.05038             0.14348
                  13           -0.992938           -0.122884            0.149646
                  14           -0.402666           -0.142869            0.140285
                  15             0.09743           -0.126849            0.131844
                  16            0.876776          -0.0641224            0.137719
                  17            0.460484          -0.0332632             0.13303
                  18           -0.533868          -0.0610746            0.128514
                  19           -0.462108          -0.0821816            0.123471
                  20           -0.005744          -0.0783597            0.117357
