                   1            0.208402            0.208402                   0
                   2            0.178443            0.193423            0.010592
                   3            0.216228            0.201025           0.0094015
                   4            0.132495            0.183892           0.0164274
                   5             0.16624            0.180362           0.0135159
                   6           0.0867482             0.16476           0.0181582
                   7           0.0762715            0.152118           0.0194734
                   8           0.0442177            0.138631           0.0212017
                   9            0.299791            0.156537            0.025302
                  10            0.142238            0.155108           0.0228122
                  11             0.10377            0.150441           0.0212104
                  12            0.112308            0.147263           0.0196794
                  13           0.0464929            0.139511            0.019633
                  14             0.20147            0.143937           0.0187228
                  15            0.133391            0.143234           0.0174878
                  16            0.123611            0.142007           0.0164378
                  17           0.0367091            0.135813           0.0165969
                  18            0.185352            0.138566           0.0159014
                  19            0.109679            0.137045            0.015137
                  20            0.126109            0.136498             0.01439
