                   1             2.59341             2.59341                   0
                   2             2.66501             2.62921           0.0253116
                   3             2.51613             2.59152           0.0350988
                   4             2.49606             2.56765           0.0334671
                   5             2.51542             2.55721           0.0283574
                   6             2.56787             2.55898           0.0236868
                   7             2.59439             2.56404           0.0208361
                   8             2.43684             2.54814           0.0235287
                   9             2.53673             2.54688           0.0209485
                  10             2.49117              2.5413           0.0195804
                  11             2.61655             2.54814           0.0189575
                  12             2.51825             2.54565           0.0175407
                  13              2.5174             2.54348           0.0163255
                  14             2.53777             2.54307           0.0151644
                  15             2.59484             2.54652           0.0145408
                  16             2.52462             2.54515           0.0136963
                  17              2.5938             2.54802           0.0131862
                  18             2.50116             2.54541            0.012708
                  19             2.55165             2.54574           0.0120434
                  20             2.56229             2.54657           0.0114696
