                   1           -0.587528           -0.587528                   0
                   2           -0.587804           -0.587666         9.75807e-05
                   3            -0.58718           -0.587504         0.000147404
                   4           -0.584668           -0.586795         0.000623885
                   5            -0.58646           -0.586728         0.000502693
                   6           -0.584224           -0.586311         0.000566238
                   7            -0.58618           -0.586292         0.000485654
                   8           -0.585228           -0.586159         0.000442785
                   9           -0.584336           -0.585956          0.00043747
                  10           -0.582076           -0.585568         0.000539016
                  11           -0.587256           -0.585722         0.000511382
                  12            -0.58294            -0.58549         0.000518656
                  13           -0.585256           -0.585472         0.000479072
                  14           -0.585248           -0.585456         0.000445119
                  15            -0.58632           -0.585514         0.000419155
                  16           -0.586204           -0.585557         0.000395173
                  17           -0.586048           -0.585586         0.000372982
                  18           -0.588352           -0.585739         0.000382616
                  19           -0.585148           -0.585708         0.000363742
                  20            -0.58548           -0.585697         0.000345734
