                   1            -0.70774            -0.70774                   0
                   2           -0.711492           -0.709616          0.00132653
                   3           -0.709276           -0.709503         0.000889183
                   4           -0.710196           -0.709676         0.000683573
                   5           -0.710044            -0.70975         0.000550806
                   6           -0.709944           -0.709782         0.000459957
                   7           -0.710076           -0.709824         0.000396162
                   8           -0.709688           -0.709807         0.000347006
                   9           -0.710272           -0.709859         0.000312273
                  10           -0.707244           -0.709597         0.000374853
                  11           -0.704492           -0.709133         0.000558519
                  12           -0.708204           -0.709056         0.000517315
                  13           -0.706516            -0.70886         0.000513085
                  14           -0.711172           -0.709025         0.000502303
                  15           -0.708836           -0.709013         0.000468975
                  16           -0.711992           -0.709199         0.000475193
                  17           -0.707896           -0.709122         0.000453379
                  18           -0.711508           -0.709255         0.000447144
                  19           -0.707132           -0.709143         0.000437347
                  20           -0.710856           -0.709229         0.000423782
