                   1            0.994554            0.994554                   0
                   2                   1            0.997277          0.00192545
                   3                   1            0.998185          0.00148221
                   4                   1            0.998638          0.00117909
                   5                   1            0.998911          0.00097421
                   6                   1            0.999092         0.000828583
                   7                   1            0.999222         0.000720288
                   8                   1            0.999319         0.000636783
                   9                   1            0.999395         0.000570504
                  10                   1            0.999455         0.000516653
                  11                   1            0.999505         0.000472051
                  12                   1            0.999546         0.000434512
                  13                   1            0.999581         0.000402488
                  14                   1            0.999611          0.00037485
                  15                   1            0.999637         0.000350756
                  16                   1             0.99966         0.000329567
                  17                   1             0.99968         0.000310788
                  18                   1            0.999697         0.000294031
                  19                   1            0.999713         0.000278987
                  20                   1            0.999728         0.000265405
