                   1             207.716             207.716                   0
                   2             208.333             208.025            0.218337
                   3             208.333             208.127            0.168076
                   4             208.333             208.179            0.133703
                   5             208.333              208.21            0.110471
                   6             208.333              208.23           0.0939572
                   7             208.333             208.245           0.0816772
                   8             208.333             208.256           0.0722081
                   9             208.333             208.265           0.0646924
                  10             208.333             208.272           0.0585859
                  11             208.333             208.277           0.0535283
                  12             208.333             208.282           0.0492716
                  13             208.333             208.286           0.0456402
                  14             208.333             208.289           0.0425061
                  15             208.333             208.292            0.039774
                  16             208.333             208.295           0.0373713
                  17             208.333             208.297           0.0352419
                  18             208.333             208.299           0.0333417
                  19             208.333             208.301           0.0316357
                  20             208.333             208.302           0.0300957
