                   1            0.058903            0.058903                   0
                   2           0.0701031           0.0645031          0.00395986
                   3            0.135877           0.0882945           0.0196042
                   4           0.0810887           0.0864931           0.0147857
                   5            0.174323            0.104059           0.0196663
                   6            0.063506           0.0973002           0.0175116
                   7            0.119884            0.100526           0.0153042
                   8           0.0708581           0.0968179           0.0138332
                   9           0.0784821           0.0947806           0.0124453
                  10            0.144035           0.0997061           0.0121364
                  11           0.0664754           0.0966851           0.0114029
                  12            0.119015           0.0985459           0.0106034
                  13            0.159516            0.103236           0.0107751
                  14            0.143587            0.106118           0.0103838
                  15            0.053806            0.102631           0.0102605
                  16           0.0978965            0.102335           0.0096235
                  17           0.0705989            0.100468           0.0092367
                  18           0.0570872           0.0980579           0.0090325
                  19             0.12093           0.0992617          0.00863695
                  20            0.194635             0.10403          0.00943011
