                   1             112.265             112.265                   0
                   2             111.909             112.087            0.125814
                   3             109.036              111.07            0.834753
                   4             112.078             111.322            0.663003
                   5             108.373             110.732            0.748105
                   6             111.881             110.924             0.64744
                   7             109.364             110.701            0.592034
                   8              111.81              110.84            0.534029
                   9             111.575             110.921            0.480907
                  10             108.625             110.692             0.48456
                  11             111.848             110.797            0.451764
                  12             109.854             110.718            0.420893
                  13             108.942             110.582            0.410093
                  14              108.73             110.449            0.401568
                  15             112.367             110.577            0.394628
                  16             110.609             110.579            0.369969
                  17             111.932             110.659            0.356661
                  18             112.384             110.755            0.349487
                  19             109.843             110.707            0.334367
                  20             109.001             110.621            0.328346
