                   1            0.117811            0.117811                   0
                   2           0.0907254            0.104268          0.00957624
                   3            0.093398            0.100645          0.00703636
                   4             0.10494            0.101719          0.00535856
                   5            0.069564           0.0952876          0.00717372
                   6           0.0813299           0.0929613          0.00634408
                   7           0.0446558           0.0860605          0.00838972
                   8           0.0477995           0.0812779          0.00859679
                   9            0.146684           0.0885453           0.0102636
                  10           0.0665264           0.0863434          0.00947044
                  11           0.0705152           0.0849045          0.00871812
                  12           0.0813679           0.0846098          0.00799659
                  13           0.0897632           0.0850062          0.00739129
                  14           0.0629392             0.08343           0.0070294
                  15           0.0965489           0.0843046          0.00661495
                  16           0.0622456           0.0829259          0.00634357
                  17           0.0422138            0.080531          0.00640653
                  18           0.0509428           0.0788872          0.00625795
                  19           0.0760032           0.0787355          0.00593042
                  20            0.103636           0.0799805           0.0057631
