                   1           -0.613566           -0.613566                   0
                   2            0.490356           -0.061605            0.390295
                   3           -0.626132           -0.249781            0.302174
                   4             -0.4665           -0.303961            0.231437
                   5            0.499432           -0.143282            0.234381
                   6           -0.978696           -0.282518            0.233033
                   7             0.14159           -0.221931            0.207469
                   8            0.606052           -0.118433            0.205738
                   9            -0.19721           -0.127186            0.183064
                  10           -0.429024            -0.15737            0.167227
                  11           -0.978102           -0.231982            0.167847
                  12            -0.28547           -0.236439            0.153918
                  13             0.68204           -0.165787            0.157461
                  14            0.071326            -0.14885            0.147122
                  15            -0.96974           -0.203576            0.147141
                  16           -0.987682           -0.252583            0.145877
                  17           -0.026812           -0.239302              0.1379
                  18           -0.949232           -0.278743            0.135762
                  19            0.497512           -0.237887            0.134623
                  20              0.9668           -0.177653            0.140724
