                   1            0.502964            0.502964                   0
                   2            0.489735             0.49635          0.00467711
                   3            0.474879            0.489193          0.00662332
                   4            0.480203            0.486945          0.00533521
                   5            0.511293            0.491815          0.00609808
                   6            0.481014            0.490015          0.00534082
                   7            0.502644            0.491819          0.00487307
                   8            0.504228             0.49337          0.00450404
                   9            0.504427            0.494599          0.00416777
                  10            0.482334            0.493372          0.00392729
                  11            0.492851            0.493325          0.00357055
                  12              0.4913            0.493156          0.00327699
                  13            0.508739            0.494355          0.00323673
                  14            0.487238            0.493846          0.00304519
                  15            0.500397            0.494283          0.00287332
                  16            0.519704            0.495872          0.00310205
                  17            0.469078            0.494296          0.00329575
                  18            0.515894            0.495496          0.00332391
                  19            0.497736            0.495614          0.00315106
                  20              0.5041            0.496038          0.00302195
