                   1           -0.865181           -0.865181                   0
                   2            -0.86965           -0.867415          0.00158002
                   3           -0.865502           -0.866777          0.00117509
                   4           -0.866048           -0.866595         0.000895355
                   5           -0.865803           -0.866437         0.000730169
                   6           -0.864993           -0.866196         0.000646904
                   7           -0.865518           -0.866099         0.000561705
                   8           -0.868783           -0.866435         0.000583137
                   9           -0.869493           -0.866774         0.000609378
                  10           -0.865266           -0.866624         0.000566799
                  11           -0.866456           -0.866608         0.000515477
                  12           -0.868021           -0.866726         0.000485782
                  13           -0.863659            -0.86649         0.000502439
                  14           -0.863603           -0.866284         0.000507123
                  15           -0.861879            -0.86599         0.000551836
                  16           -0.864446           -0.865894         0.000525716
                  17           -0.863776           -0.865769         0.000509343
                  18           -0.865458           -0.865752          0.00048134
                  19            -0.86479           -0.865701         0.000458659
                  20            -0.86986           -0.865909          0.00048056
