                   1             82.2181             82.2181                   0
                   2              78.782                80.5             1.21486
                   3             80.3001             80.4334             0.81173
                   4              77.276             79.6441            0.915389
                   5             81.8514             80.0855            0.831986
                   6             79.5884             80.0027            0.697434
                   7             73.7377             79.1077             1.02174
                   8             77.8942              78.956             0.90521
                   9             82.9281             79.3973            0.905853
                  10             81.0879             79.5664            0.830893
                  11             81.3036             79.7243            0.770219
                  12             86.3679              80.278            0.882862
                  13              82.838             80.4749            0.836624
                  14             80.5874             80.4829            0.776904
                  15             78.5349              80.353            0.735885
                  16             76.2485             80.0965            0.733245
                  17             80.6615             80.1297            0.690866
                  18              81.979             80.2325            0.660079
                  19             83.9367             80.4274            0.653496
                  20             84.0908             80.6106            0.645981
