                   1           -0.847092           -0.847092                   0
                   2           -0.848473           -0.847783         0.000488201
                   3           -0.848054           -0.847873         0.000333716
                   4           -0.849731           -0.848337         0.000473818
                   5           -0.846601            -0.84799         0.000490067
                   6            -0.84638           -0.847722         0.000476207
                   7           -0.846698           -0.847576          0.00043005
                   8           -0.849816           -0.847856         0.000458523
                   9           -0.846328           -0.847686         0.000437862
                  10           -0.849295           -0.847847          0.00042259
                  11           -0.847632           -0.847827         0.000384625
                  12           -0.847401           -0.847792         0.000354212
                  13           -0.844903            -0.84757         0.000390489
                  14           -0.842883           -0.847235         0.000485319
                  15           -0.843414            -0.84698         0.000515489
                  16           -0.846608           -0.846957         0.000483795
                  17           -0.843295           -0.846741          0.00050099
                  18           -0.842379           -0.846499         0.000528539
                  19           -0.844975           -0.846419         0.000506773
                  20           -0.849614           -0.846579         0.000505986
