                   1             16.1736             16.1736                   0
                   2             16.9268             16.5502            0.266296
                   3             16.3008             16.4671            0.190058
                   4              16.119               16.38            0.161235
                   5             16.5183             16.4077            0.131336
                   6             15.5221             16.2601            0.173584
                   7             15.9331             16.2134            0.154946
                   8             17.6155             16.3886            0.212743
                   9             16.9629             16.4525            0.198444
                  10             16.8126             16.4885            0.181838
                  11             16.6595              16.504            0.165971
                  12             17.0641             16.5507            0.158567
                  13             15.7179             16.4866            0.158784
                  14             14.8073             16.3667             0.18735
                  15             14.9757             16.2739            0.196473
                  16             16.1594             16.2668            0.184324
                  17             14.0164             16.1344            0.215845
                  18             15.2915             16.0876            0.208872
                  19             16.2321             16.0952            0.198017
                  20             15.8294             16.0819            0.188562
