                   1             3.13275             3.13275                   0
                   2             2.93427             3.03351           0.0701731
                   3             3.00247             3.02316           0.0475386
                   4             2.95759             3.00677           0.0383764
                   5             2.97534             3.00048           0.0312117
                   6             2.92415             2.98776           0.0284847
                   7             3.11885             3.00649           0.0299449
                   8             2.98419              3.0037           0.0263312
                   9             3.15769             3.02081           0.0284262
                  10             3.06969              3.0257           0.0260004
                  11             2.95208               3.019            0.024483
                  12             3.15061             3.02997           0.0247776
                  13             3.01253             3.02863            0.022908
                  14             2.94966             3.02299           0.0219552
                  15              3.1323             3.03028           0.0216671
                  16              3.0564             3.03191           0.0203744
                  17             3.07663             3.03454            0.019345
                  18             3.00464             3.03288           0.0183415
                  19             2.95439             3.02875           0.0178353
                  20             3.23314             3.03897           0.0196545
