                   1           -0.615218           -0.615218                   0
                   2           -0.611597           -0.613407          0.00128029
                   3           -0.611436            -0.61275           0.0010082
                   4           -0.613495           -0.612936         0.000773148
                   5           -0.611621           -0.612673         0.000661769
                   6           -0.611918           -0.612547         0.000563306
                   7            -0.61168           -0.612423         0.000496265
                   8           -0.613485           -0.612556         0.000451622
                   9           -0.613616           -0.612674         0.000416519
                  10           -0.610769           -0.612483         0.000416141
                  11           -0.609768           -0.612237         0.000445538
                  12           -0.611036           -0.612137         0.000419501
                  13            -0.61056           -0.612015         0.000404385
                  14            -0.61097           -0.611941         0.000382329
                  15           -0.612704           -0.611992         0.000360211
                  16           -0.611264           -0.611946         0.000340553
                  17           -0.611729           -0.611933          0.00032076
                  18           -0.614875           -0.612097         0.000342058
                  19           -0.612858           -0.612137         0.000326395
                  20           -0.614008            -0.61223           0.0003232
