                   1            0.073294            0.073294                   0
                   2            0.062034            0.067664          0.00398101
                   3             0.06338            0.066236          0.00289883
                   4            0.065936            0.066161          0.00217509
                   5            0.053238           0.0635764          0.00289344
                   6            0.061914           0.0632993          0.00242443
                   7            0.058614             0.06263          0.00216851
                   8            0.054448           0.0616073          0.00212498
                   9            0.071612           0.0627189          0.00216016
                  10            0.071266           0.0635736          0.00210646
                  11            0.064218           0.0636322          0.00191578
                  12             0.06878           0.0640612          0.00180352
                  13            0.058992           0.0636712          0.00170642
                  14            0.046306           0.0624309          0.00198479
                  15            0.066194           0.0626817          0.00186826
                  16            0.053416           0.0621026          0.00183905
                  17            0.062834           0.0621456          0.00173138
                  18            0.053366           0.0616579          0.00170251
                  19            0.061912           0.0616713          0.00161296
                  20            0.076978           0.0624366          0.00170424
