                   1             9.55514             9.55514                   0
                   2             8.62855             9.09184            0.327599
                   3             8.30419             8.82929            0.306029
                   4             8.17275             8.66516            0.269973
                   5             8.32527             8.59718            0.224373
                   6             8.41184             8.56629            0.189092
                   7             9.08084              8.6398            0.175787
                   8             8.03309             8.56396            0.169384
                   9             8.00681             8.50205            0.161481
                  10              9.0002             8.55187            0.152823
                  11             8.24509             8.52398            0.141452
                  12             8.55277             8.52638            0.129684
                  13             8.34287             8.51226            0.120475
                  14             8.64005             8.52139            0.112214
                  15             8.71864             8.53454            0.105501
                  16             9.33719             8.58471            0.110191
                  17             8.94706             8.60602             0.10575
                  18             9.08393             8.63257            0.103154
                  19              8.5359             8.62748           0.0978507
                  20             9.63349             8.67778            0.105094
