                   1           -0.564432           -0.564432                   0
                   2           -0.565904           -0.565168         0.000520431
                   3           -0.564136           -0.564824         0.000446394
                   4           -0.561696           -0.564042         0.000755467
                   5           -0.563028           -0.563839         0.000631007
                   6           -0.561044           -0.563373         0.000676289
                   7           -0.563028           -0.563324         0.000581473
                   8           -0.563656           -0.563365         0.000510268
                   9           -0.561924           -0.563205         0.000478048
                  10           -0.560584           -0.562943         0.000496942
                  11           -0.562336           -0.562888         0.000454821
                  12           -0.561368           -0.562761         0.000434199
                  13           -0.564104           -0.562865         0.000412901
                  14           -0.563092           -0.562881         0.000383727
                  15           -0.564628           -0.562997         0.000375407
                  16           -0.564936           -0.563118         0.000370983
                  17           -0.563448           -0.563138         0.000349666
                  18            -0.56272           -0.563115          0.00033101
                  19           -0.564516           -0.563188           0.0003217
                  20           -0.561968           -0.563127         0.000311349
