                   1            0.038468            0.038468                   0
                   2            0.044402            0.041435          0.00209799
                   3            0.040046            0.040972          0.00144885
                   4            0.044502           0.0418545          0.00132849
                   5            0.030734           0.0396304           0.0022554
                   6             0.04124           0.0398987          0.00189539
                   7            0.037298           0.0395271          0.00166063
                   8            0.040854            0.039693          0.00146131
                   9            0.044414           0.0402176           0.0013899
                  10            0.041026           0.0402984          0.00125326
                  11            0.043128           0.0405556          0.00116543
                  12            0.050254           0.0413638          0.00131911
                  13            0.039688           0.0412349          0.00122392
                  14             0.03105           0.0405074          0.00133532
                  15            0.039146           0.0404167          0.00124938
                  16            0.040746           0.0404373          0.00117146
                  17             0.04174           0.0405139          0.00110505
                  18             0.03352           0.0401253          0.00110987
                  19             0.04094           0.0401682          0.00105228
                  20             0.04345           0.0403323          0.00101238
