                   1            0.248319            0.248319                   0
                   2             0.24709            0.247704           0.0004347
                   3            0.248015            0.247808         0.000301838
                   4            0.247378              0.2477          0.00024475
                   5            0.251965            0.248553         0.000787549
                   6            0.252111            0.249146         0.000850735
                   7            0.248215            0.249013         0.000739533
                   8            0.245415            0.248563         0.000771824
                   9            0.256622            0.249459          0.00108783
                  10            0.250215            0.249534         0.000981666
                  11            0.249456            0.249527          0.00089245
                  12            0.252935            0.249811         0.000862073
                  13             0.25511            0.250219         0.000886892
                  14            0.244259            0.249793         0.000920072
                  15             0.25348            0.250039         0.000890958
                  16            0.248264            0.249928         0.000842149
                  17            0.252029            0.250052         0.000801624
                  18            0.243321            0.249678         0.000839784
                  19            0.245712            0.249469         0.000821117
                  20            0.246474            0.249319         0.000793594
