                   1            0.005602            0.005602                   0
                   2           -0.000304            0.002649          0.00208809
                   3            0.003538          0.00294533          0.00141293
                   4           -0.003566           0.0013175          0.00176361
                   5            0.013504           0.0037548          0.00259672
                   6             0.00856          0.00455567           0.0022841
                   7           -0.009464          0.00255286          0.00269651
                   8           -0.001174            0.002087          0.00239935
                   9             0.00272          0.00215733          0.00213379
                  10             0.00138           0.0020796          0.00192183
                  11            0.005674          0.00240636          0.00177468
                  12             0.00231          0.00239833           0.0016268
                  13            0.002622          0.00241554          0.00150176
                  14            0.006732          0.00272386          0.00142579
                  15           -0.003506          0.00230853          0.00138991
                  16            -0.00272          0.00199425           0.0013381
                  17            0.004006          0.00211259          0.00126461
                  18           -0.002692          0.00184567           0.0012222
                  19           -0.000254          0.00173516          0.00116286
                  20            0.004702           0.0018835          0.00111414
