                   1           -0.512205           -0.512205                   0
                   2           -0.514726           -0.513466          0.00089128
                   3           -0.514164           -0.513698         0.000623808
                   4            -0.51282           -0.513479         0.000505014
                   5           -0.510719           -0.512927         0.000637905
                   6           -0.513461           -0.513016         0.000537772
                   7           -0.514555           -0.513236          0.00050387
                   8           -0.513736           -0.513298         0.000444753
                   9           -0.515031           -0.513491         0.000435013
                  10           -0.513575           -0.513499         0.000391594
                  11           -0.511218           -0.513292         0.000407236
                  12            -0.51076           -0.513081         0.000424443
                  13           -0.512089           -0.513005         0.000398593
                  14           -0.514532           -0.513114         0.000384758
                  15           -0.514398           -0.513199         0.000368511
                  16           -0.513256           -0.513203         0.000345497
                  17           -0.512812            -0.51318         0.000325939
                  18           -0.514309           -0.513243         0.000313814
                  19           -0.512787           -0.513219         0.000298213
                  20            -0.51367           -0.513241         0.000284155
