                   1             2.44222             2.44222                   0
                   2             2.53522             2.48872           0.0328781
                   3             2.55649             2.51131           0.0286474
                   4             2.53405               2.517           0.0220425
                   5             2.45682             2.50496           0.0206596
                   6             2.33857             2.47723           0.0306152
                   7             2.44879             2.47317           0.0265099
                   8             2.51836             2.47882           0.0237905
                   9             2.59275             2.49148           0.0242829
                  10             2.58742             2.50107           0.0236743
                  11             2.57161             2.50748           0.0223737
                  12             2.51363             2.50799           0.0205151
                  13             2.46702             2.50484           0.0191776
                  14             2.48924             2.50373           0.0178402
                  15             2.44619             2.49989           0.0170582
                  16             2.40459             2.49394           0.0170002
                  17             2.49005             2.49371           0.0160017
                  18             2.47142             2.49247           0.0151606
                  19             2.50816              2.4933           0.0143851
                  20             2.45213             2.49124           0.0138123
