                   1            0.294433            0.294433                   0
                   2            0.287984            0.291208          0.00228007
                   3            0.290049            0.290822          0.00155246
                   4            0.290443            0.290727          0.00116724
                   5            0.284363            0.289454          0.00147242
                   6            0.287735            0.289168          0.00125461
                   7            0.290843            0.289407          0.00109796
                   8            0.289471            0.289415         0.000960745
                   9            0.300436            0.290639          0.00143602
                  10            0.290403            0.290616          0.00129261
                  11            0.289534            0.290517          0.00117884
                  12            0.293561            0.290771          0.00110755
                  13            0.290709            0.290766          0.00102236
                  14            0.288063            0.290573         0.000967398
                  15            0.297649            0.291045          0.00101141
                  16            0.291345            0.291064         0.000948369
                  17            0.293533            0.291209         0.000903641
                  18            0.290365            0.291162         0.000854654
                  19            0.291647            0.291188         0.000810053
                  20            0.303078            0.291782         0.000963308
