                   1            -1.01952            -1.01952                   0
                   2            -1.01956            -1.01954         1.16531e-05
                   3            -1.01937            -1.01948         4.74957e-05
                   4            -1.01928            -1.01943         5.61531e-05
                   5            -1.01894            -1.01933         9.94528e-05
                   6            -1.01943            -1.01935         8.41072e-05
                   7            -1.01834             -1.0192         0.000151639
                   8            -1.01974            -1.01927         0.000146665
                   9             -1.0194            -1.01928         0.000131024
                  10            -1.01877            -1.01923         0.000127745
                  11            -1.01938            -1.01925         0.000116804
                  12            -1.01895            -1.01922         0.000109651
                  13            -1.01958            -1.01925         0.000104581
                  14            -1.01903            -1.01923          9.8283e-05
                  15            -1.01896            -1.01921         9.33768e-05
                  16            -1.01948            -1.01923         8.90331e-05
                  17            -1.01966            -1.01926         8.72232e-05
                  18            -1.01967            -1.01928         8.53629e-05
                  19            -1.01957            -1.01929         8.22231e-05
                  20            -1.01919            -1.01929         7.82853e-05
