                   1            0.001834            0.001834                   0
                   2            0.005756            0.003795          0.00138664
                   3           -0.000776          0.00227133          0.00154992
                   4           -0.005118            0.000424          0.00197756
                   5            0.002386           0.0008164          0.00162051
                   6           -0.001212         0.000478333          0.00138524
                   7            -0.00559        -0.000388571          0.00143317
                   8            -9.4e-05         -0.00035175          0.00125449
                   9           -0.005106            -0.00088          0.00122127
                  10            0.005612          -0.0002308          0.00125993
                  11            -0.00161        -0.000356182          0.00115162
                  12            -0.00221        -0.000510667          0.00106596
                  13            -0.00933         -0.00118908          0.00118026
                  14            0.007866        -0.000542286          0.00126079
                  15             0.00693        -4.41333e-05          0.00127134
                  16            0.005942             0.00033          0.00124572
                  17           -0.003476         0.000106118          0.00119239
                  18           -0.002934        -6.27778e-05          0.00113804
                  19            0.006536         0.000284526           0.0011299
                  20            0.003656           0.0004531          0.00108591
