                   1             1.58963             1.58963                   0
                   2             1.63756              1.6136           0.0169451
                   3             1.63945             1.62221           0.0133088
                   4             1.58965             1.61407            0.012221
                   5              1.5823             1.60772           0.0113086
                   6              1.5793             1.60298           0.0103683
                   7             1.61761             1.60507           0.0090952
                   8             1.63009              1.6082          0.00847901
                   9             1.58599             1.60573          0.00788777
                  10             1.67056             1.61221          0.00939269
                  11              1.6622             1.61676          0.00957502
                  12             1.60371             1.61567          0.00883863
                  13             1.65973             1.61906          0.00878444
                  14             1.62949              1.6198          0.00818851
                  15             1.61123             1.61923          0.00766254
                  16             1.61115             1.61873          0.00720025
                  17             1.64919             1.62052          0.00699611
                  18             1.62965             1.62103           0.0066258
                  19              1.6095             1.62042          0.00630479
                  20             1.58333             1.61857           0.0062564
