                   1            0.345262            0.345262                   0
                   2            0.216365            0.280813           0.0455719
                   3            0.273536            0.278387           0.0304458
                   4            0.260468            0.273908           0.0231615
                   5            0.277483            0.274623           0.0185403
                   6            0.155935            0.254841           0.0237653
                   7            0.137809            0.238123           0.0255839
                   8            0.205782             0.23408           0.0227031
                   9            0.278012            0.238961           0.0206986
                  10            0.217736            0.236839           0.0187373
                  11             0.21986            0.235295           0.0170974
                  12            0.316595             0.24207           0.0169618
                  13            0.197697            0.238657           0.0159969
                  14            0.231239            0.238127            0.014863
                  15            0.262647            0.239762           0.0139617
                  16              0.2199             0.23852           0.0131442
                  17            0.210664            0.236882           0.0124727
                  18            0.242953            0.237219           0.0117843
                  19            0.346589            0.242975           0.0124912
                  20            0.178347            0.239744           0.0122775
