                   1           0.0511473           0.0511473                   0
                   2         0.000913745           0.0260305           0.0177602
                   3           0.0618802           0.0379804           0.0153424
                   4         0.000181342           0.0285306           0.0141202
                   5         0.000362666            0.022897            0.012369
                   6        -1.23358e-13           0.0190809           0.0108803
                   7        -1.23358e-13            0.016355           0.0096614
                   8        -1.23358e-13           0.0143107          0.00866733
                   9         0.000181342           0.0127407          0.00784518
                  10        -1.23358e-13           0.0114667          0.00716337
                  11         0.000181342           0.0104407          0.00658522
                  12         0.000181342          0.00958577          0.00609169
                  13         0.000181342          0.00886235          0.00566589
                  14          0.00113161          0.00831016          0.00528803
                  15           0.0136319          0.00866494          0.00494738
                  16        -1.23358e-13          0.00812338          0.00466771
                  17          0.00259148          0.00779797          0.00440447
                  18          0.00313498          0.00753892          0.00416739
                  19         0.000181342          0.00715168            0.003966
                  20         0.000181342          0.00680316          0.00378299
