                   1            0.994214            0.994214                   0
                   2            0.999986              0.9971          0.00204071
                   3             0.99132            0.995173           0.0020798
                   4            0.999998            0.996379           0.0018773
                   5            0.999996            0.997103          0.00163526
                   6                   1            0.997586          0.00143223
                   7                   1            0.997931          0.00126848
                   8                   1            0.998189          0.00113599
                   9            0.999998             0.99839          0.00102739
                  10                   1            0.998551         0.000937178
                  11            0.999998            0.998683          0.00086116
                  12            0.999998            0.998792         0.000796341
                  13            0.999998            0.998885         0.000740465
                  14            0.999964            0.998962         0.000691573
                  15             0.99914            0.998974          0.00064557
                  16                   1            0.999038         0.000608398
                  17            0.999942            0.999091         0.000574929
                  18             0.99984            0.999133         0.000544491
                  19            0.999998            0.999178         0.000517734
                  20            0.999998            0.999219         0.000493466
