                   1            -1.01932            -1.01932                   0
                   2            -1.01998            -1.01965         0.000234561
                   3             -1.0188            -1.01937         0.000278242
                   4               -1.02            -1.01952         0.000249284
                   5            -1.01999            -1.01962          0.00021631
                   6               -1.02            -1.01968         0.000189431
                   7               -1.02            -1.01973          0.00016776
                   8               -1.02            -1.01976          0.00015023
                   9               -1.02            -1.01979         0.000135791
                  10               -1.02            -1.01981         0.000123873
                  11               -1.02            -1.01983         0.000113781
                  12               -1.02            -1.01984         0.000105185
                  13               -1.02            -1.01985         9.77795e-05
                  14            -1.01998            -1.01986         9.11938e-05
                  15            -1.01971            -1.01985         8.56578e-05
                  16               -1.02            -1.01986         8.08128e-05
                  17            -1.01994            -1.01986         7.62067e-05
                  18            -1.01993            -1.01987          7.2067e-05
                  19               -1.02            -1.01988         6.85858e-05
                  20               -1.02            -1.01988          6.5422e-05
