                   1             0.50587             0.50587                   0
                   2            0.498307            0.502088          0.00267402
                   3            0.505096            0.503091          0.00196166
                   4            0.503436            0.503177          0.00147314
                   5            0.524223            0.507386          0.00394498
                   6            0.497788            0.505787          0.00359722
                   7            0.508715            0.506205          0.00310755
                   8            0.533121            0.509569          0.00415912
                   9             0.52953            0.511787          0.00424734
                  10            0.506698            0.511278          0.00385297
                  11            0.522478            0.512297          0.00363473
                  12            0.503709            0.511581          0.00340156
                  13            0.498118            0.510545          0.00329376
                  14            0.497995            0.509649          0.00317815
                  15            0.498788            0.508925          0.00304764
                  16             0.48746            0.507583          0.00313857
                  17            0.503335            0.507333          0.00296388
                  18            0.517338            0.507889          0.00285086
                  19            0.502627            0.507612          0.00271423
                  20            0.519594            0.508211          0.00264381
