                   1           -0.875015           -0.875015                   0
                   2           -0.881566            -0.87829           0.0023162
                   3           -0.879192           -0.878591          0.00156349
                   4           -0.877181           -0.878238          0.00121168
                   5           -0.873358           -0.877262          0.00130458
                   6           -0.873093           -0.876567          0.00125868
                   7           -0.880682           -0.877155          0.00120838
                   8           -0.881253           -0.877667          0.00116083
                   9           -0.880851           -0.878021          0.00108439
                  10           -0.878965           -0.878115         0.000980051
                  11           -0.879972           -0.878284         0.000905374
                  12           -0.875222           -0.878029         0.000865148
                  13           -0.874811           -0.877782         0.000833256
                  14           -0.874657           -0.877558         0.000803076
                  15           -0.872339            -0.87721         0.000821458
                  16           -0.876247            -0.87715         0.000772321
                  17           -0.873082           -0.876911         0.000763065
                  18           -0.875795           -0.876849         0.000723186
                  19           -0.876955           -0.876854         0.000685145
                  20           -0.880424           -0.877033          0.00067373
