                   1           -0.590518           -0.590518                   0
                   2           -0.587283           -0.588901          0.00114404
                   3           -0.587089           -0.588297         0.000908242
                   4           -0.588446           -0.588334         0.000681952
                   5           -0.586808           -0.588029         0.000610039
                   6           -0.586726           -0.587812         0.000545667
                   7           -0.586503           -0.587625         0.000498699
                   8           -0.589103           -0.587809         0.000469339
                   9           -0.589462           -0.587993         0.000451701
                  10           -0.587939           -0.587988         0.000406564
                  11           -0.584846           -0.587702         0.000459085
                  12           -0.586263           -0.587582         0.000436204
                  13           -0.585813           -0.587446         0.000423335
                  14           -0.587441           -0.587446         0.000393097
                  15            -0.58883           -0.587538         0.000377565
                  16           -0.587786           -0.587554         0.000354285
                  17           -0.587327            -0.58754         0.000333696
                  18           -0.590073           -0.587681         0.000343548
                  19           -0.587472            -0.58767         0.000325642
                  20           -0.588778           -0.587725         0.000314041
