                   1             2.69454             2.69454                   0
                   2             2.53933             2.61693           0.0548753
                   3             2.68821             2.64069           0.0414095
                   4             2.60978             2.63297             0.03177
                   5             2.60598             2.62757           0.0258704
                   6             2.57839             2.61937           0.0228202
                   7             2.65793             2.62488           0.0202139
                   8             2.61161             2.62322           0.0177552
                   9             2.77266             2.63982           0.0222299
                  10             2.74927             2.65077           0.0225406
                  11             2.56286             2.64278           0.0218622
                  12              2.7019             2.64771           0.0205881
                  13             2.59307              2.6435           0.0194287
                  14             2.61557             2.64151            0.018143
                  15             2.73102             2.64747            0.017888
                  16             2.73179             2.65274            0.017529
                  17             2.66344             2.65337           0.0165091
                  18              2.6183             2.65142           0.0157065
                  19             2.56234             2.64674            0.015564
                  20             2.77095             2.65295            0.015977
