                   1            0.064122            0.064122                   0
                   2             0.05673            0.060426          0.00261347
                   3            0.052828           0.0578933          0.00270406
                   4            0.063512            0.059298           0.0023649
                   5            0.046002           0.0566388          0.00303915
                   6            0.051276            0.055745          0.00266081
                   7             0.05476           0.0556043          0.00228442
                   8            0.046134           0.0544205          0.00228509
                   9            0.062922           0.0553651          0.00221786
                  10            0.066934            0.056522           0.0022779
                  11            0.055302           0.0564111          0.00207352
                  12            0.061762            0.056857          0.00194808
                  13            0.054674           0.0566891          0.00180545
                  14            0.040458           0.0555297          0.00201463
                  15             0.05469           0.0554737           0.0018811
                  16            0.049708           0.0551134          0.00179772
                  17             0.05393           0.0550438          0.00169332
                  18            0.046652           0.0545776          0.00166218
                  19            0.049196           0.0542943          0.00159865
                  20            0.065116           0.0548354          0.00160768
