                   1             44.0094             44.0094                   0
                   2             41.2419             42.6256            0.978467
                   3             42.1802             42.4771             0.66348
                   4             42.5904             42.5054            0.498213
                   5             43.0369             42.6117            0.409753
                   6             45.8568             43.1526            0.600297
                   7             41.8546             42.9672            0.542421
                   8             41.6675             42.8047            0.498352
                   9             43.7812             42.9132            0.454638
                  10             40.0227             42.6242            0.492562
                  11             44.1445             42.7624            0.466773
                  12             42.3867             42.7311            0.428924
                  13             42.8866              42.743            0.396096
                  14             45.1323             42.9137            0.402895
                  15             45.3573             43.0766            0.407642
                  16             42.5662             43.0447             0.38341
                  17             42.0104             42.9839            0.365652
                  18             43.0148             42.9856            0.345342
                  19             41.3527             42.8996            0.337691
                  20             42.2982             42.8696            0.322142
