                   1            0.291354            0.291354                   0
                   2            0.288495            0.289924          0.00101066
                   3            0.291034            0.290294         0.000738415
                   4            0.287877             0.28969            0.000762
                   5            0.293071            0.290366          0.00085876
                   6            0.295141            0.291162          0.00101972
                   7            0.290104            0.291011         0.000885172
                   8            0.289452            0.290816         0.000795678
                   9            0.301124            0.291961          0.00129084
                  10            0.293903            0.292156          0.00117626
                  11            0.293488            0.292277          0.00107555
                  12            0.302567            0.293134          0.00128301
                  13            0.294552            0.293243          0.00118895
                  14            0.291573            0.293124          0.00110999
                  15            0.290027            0.292918          0.00105502
                  16            0.296446            0.293138          0.00101187
                  17            0.294987            0.293247         0.000958177
                  18             0.28634            0.292863         0.000978758
                  19            0.285654            0.292484         0.000998082
                  20            0.293594            0.292539         0.000949719
