                   1             2.47759             2.47759                   0
                   2             2.38524             2.43142           0.0326515
                   3             2.51502             2.45928           0.0314883
                   4             2.42642             2.45107           0.0246651
                   5             2.43958             2.44877           0.0198388
                   6              2.4312             2.44584            0.016747
                   7              2.5076             2.45466           0.0165156
                   8             2.49505             2.45971           0.0152031
                   9             2.52458             2.46692           0.0151263
                  10             2.53318             2.47355           0.0149948
                  11             2.43177             2.46975           0.0141044
                  12              2.4999             2.47226            0.013151
                  13             2.41939             2.46819           0.0127529
                  14             2.51469             2.47152           0.0122668
                  15             2.54565             2.47646           0.0124048
                  16             2.58902             2.48349           0.0134776
                  17             2.52183             2.48575           0.0128721
                  18              2.4921              2.4861           0.0121619
                  19             2.43708             2.48352           0.0117923
                  20             2.53775             2.48623           0.0115102
