                   1            0.230497            0.230497                   0
                   2             0.22407            0.227284          0.00227224
                   3            0.228871            0.227813          0.00157523
                   4            0.230734            0.228543          0.00134002
                   5            0.232894            0.229413          0.00132477
                   6            0.231643            0.229785          0.00115492
                   7            0.232897            0.230229          0.00107207
                   8            0.232296            0.230488         0.000968694
                   9            0.237515            0.231268          0.00113283
                  10            0.233036            0.231445          0.00103324
                  11            0.230438            0.231354         0.000943358
                  12             0.23375            0.231553         0.000885636
                  13            0.239048             0.23213         0.000987472
                  14            0.228452            0.231867         0.000951235
                  15            0.237004             0.23221         0.000947465
                  16            0.230733            0.232117         0.000892734
                  17            0.232321            0.232129         0.000840301
                  18            0.229738            0.231996         0.000804047
                  19            0.229535            0.231867         0.000772091
                  20            0.231008            0.231824          0.00073468
