                   1            -0.50592            -0.50592                   0
                   2           -0.508936           -0.507428          0.00106632
                   3           -0.507892           -0.507583         0.000722008
                   4            -0.50754           -0.507572         0.000541585
                   5            -0.50592           -0.507242         0.000524454
                   6           -0.507224           -0.507239         0.000437053
                   7           -0.508672           -0.507443         0.000419852
                   8            -0.50772           -0.507478         0.000368791
                   9           -0.507944            -0.50753         0.000331429
                  10           -0.508336            -0.50761         0.000307936
                  11           -0.505244           -0.507395         0.000347045
                  12            -0.50388           -0.507102         0.000424105
                  13           -0.506492           -0.507055         0.000394072
                  14           -0.509432           -0.507225         0.000400824
                  15           -0.507796           -0.507263         0.000375905
                  16           -0.507096           -0.507253         0.000352556
                  17           -0.507084           -0.507243         0.000331957
                  18            -0.50938           -0.507362         0.000334074
                  19           -0.507644           -0.507376         0.000316822
                  20           -0.507616           -0.507388         0.000301207
