                   1            -0.48364            -0.48364                   0
                   2           -0.486896           -0.485268          0.00115117
                   3            -0.48554           -0.485359         0.000771009
                   4            -0.48606           -0.485534          0.00059786
                   5           -0.483648           -0.485157         0.000585306
                   6           -0.484948           -0.485122         0.000488789
                   7           -0.485708           -0.485206          0.00042607
                   8           -0.485904           -0.485293         0.000381648
                   9           -0.485948           -0.485366         0.000346112
                  10           -0.485244           -0.485354         0.000311715
                  11            -0.48374           -0.485207         0.000316014
                  12           -0.481164            -0.48487         0.000433547
                  13           -0.484672           -0.484855         0.000400464
                  14           -0.486492           -0.484972          0.00038856
                  15           -0.485476           -0.485005         0.000364108
                  16           -0.485188           -0.485017          0.00034153
                  17           -0.484184           -0.484968         0.000324934
                  18           -0.486104           -0.485031         0.000312953
                  19           -0.485644           -0.485063         0.000298141
                  20            -0.48618           -0.485119         0.000288416
