                   1             1.55143             1.55143                   0
                   2             1.50074             1.52609           0.0179186
                   3             1.53091              1.5277           0.0120178
                   4             1.51512             1.52455          0.00941588
                   5             1.51855             1.52335          0.00760878
                   6              1.5173             1.52234          0.00640704
                   7             1.53748              1.5245          0.00584528
                   8             1.52711             1.52483          0.00512366
                   9             1.52315             1.52464          0.00455777
                  10             1.52143             1.52432          0.00411329
                  11             1.53707             1.52548          0.00389916
                  12             1.50448             1.52373          0.00394762
                  13             1.54879             1.52566          0.00408757
                  14             1.53327              1.5262          0.00383159
                  15             1.53629             1.52687          0.00363467
                  16             1.56064             1.52898          0.00397311
                  17              1.5798             1.53197          0.00473196
                  18             1.51945             1.53128          0.00451995
                  19             1.51926             1.53064          0.00432611
                  20             1.54905             1.53157          0.00420656
