                   1             165.501             165.501                   0
                   2             166.655             166.078             0.40825
                   3             164.584              165.58             0.48937
                   4             164.461               165.3            0.439743
                   5             166.641             165.568            0.425748
                   6             166.666             165.751            0.392127
                   7             166.664             165.882            0.357132
                   8             166.667              165.98             0.32569
                   9             166.666             166.056            0.298292
                  10             166.667             166.117            0.274641
                  11             166.666             166.167            0.254166
                  12             166.648             166.207            0.236118
                  13             166.662             166.242            0.220528
                  14              166.25             166.243            0.204777
                  15             166.657              166.27            0.192981
                  16             166.667             166.295            0.182504
                  17              164.76             166.205            0.192825
                  18              166.65             166.229            0.183692
                  19             166.666             166.252            0.175455
                  20             166.661             166.273            0.167867
