                   1             0.00282             0.00282                   0
                   2            0.008376            0.005598          0.00196434
                   3            0.002594          0.00459667          0.00154383
                   4             0.00709             0.00522          0.00127752
                   5           -0.005524           0.0030712          0.00217679
                   6            0.003122          0.00307967            0.001814
                   7           -0.000116          0.00262314          0.00161128
                   8            0.002292          0.00258175           0.0014104
                   9            0.007632          0.00314289          0.00136075
                  10            0.003202           0.0031488          0.00122469
                  11            0.003566          0.00318673          0.00111394
                  12            0.011334          0.00386567          0.00121046
                  13            0.002626          0.00377031           0.0011211
                  14           -0.006352          0.00304729          0.00125265
                  15             0.00284          0.00303347          0.00116922
                  16            0.003358          0.00305375          0.00109632
                  17            0.001026          0.00293447           0.0010383
                  18           -0.008346          0.00230778          0.00115435
                  19            0.004504          0.00242337          0.00109937
                  20            0.011998           0.0029021           0.0011439
