                   1            0.738688            0.738688                   0
                   2            0.715262            0.726975          0.00828234
                   3            0.694396            0.716115           0.0104455
                   4             0.76285            0.727799           0.0127967
                   5            0.777668            0.737773           0.0135788
                   6            0.777598             0.74441           0.0128358
                   7            0.747274            0.744819           0.0110087
                   8               0.739            0.744092          0.00965659
                   9            0.781556            0.748255          0.00943829
                  10            0.656182            0.739047           0.0121841
                  11             0.74513              0.7396            0.011089
                  12            0.555088            0.724224           0.0178898
                  13             0.69378            0.721882           0.0166663
                  14            0.774206             0.72562           0.0158893
                  15            0.769532            0.728547           0.0150973
                  16            0.583638            0.719491           0.0166502
                  17            0.713442            0.719135           0.0156745
                  18            0.614704            0.713333           0.0158411
                  19            0.556018            0.705053           0.0170343
                  20             0.66572            0.703087           0.0162957
