                   1             63.6531             63.6531                   0
                   2              60.013              61.833             1.28698
                   3             60.3223             61.3294            0.951425
                   4             61.8552             61.4609             0.72259
                   5             66.3561             62.4399             1.04928
                   6             64.8499             62.8416             0.94817
                   7             59.7765             62.4037            0.908214
                   8             58.7773             61.9504            0.900738
                   9             62.5904             62.0215            0.803458
                  10             57.3631             61.5557            0.847464
                  11             61.9896             61.5951             0.77134
                  12             53.7567             60.9419            0.943959
                  13             61.2796             60.9679            0.871704
                  14             64.3108             61.2067            0.841508
                  15             65.7998             61.5129            0.839273
                  16             55.1704             61.1165            0.875442
                  17             61.0685             61.1137             0.82395
                  18             59.5358              61.026            0.782824
                  19              53.741             60.6426            0.830227
                  20             55.6657             60.3937            0.825166
