                   1              11.339              11.339                   0
                   2             11.1496             11.2443           0.0669592
                   3             10.3306             10.9397            0.252641
                   4             9.52179             10.5852            0.360758
                   5              10.748             10.6178            0.290071
                   6             9.88984             10.4965            0.265892
                   7             11.1187             10.5854            0.242311
                   8             10.3058             10.5504            0.214528
                   9             9.99884             10.4891            0.199253
                  10             10.8732             10.5275            0.182992
                  11             10.3782              10.514             0.16686
                  12             10.3803             10.5028            0.153326
                  13             9.95191             10.4604            0.147272
                  14             10.2656             10.4465            0.137409
                  15              11.187             10.4959            0.136828
                  16              10.341             10.4862            0.128618
                  17             10.9839             10.5155             0.12434
                  18             10.4203             10.5102            0.117545
                  19              10.587             10.5142            0.111428
                  20             11.8196             10.5795            0.123501
