                   1             -0.9991             -0.9991                   0
                   2                  -1            -0.99955         0.000318198
                   3                  -1             -0.9997         0.000244949
                   4                  -1           -0.999775         0.000194856
                   5                  -1            -0.99982         0.000160997
                   6                  -1            -0.99985         0.000136931
                   7                  -1           -0.999871         0.000119034
                   8                  -1           -0.999888         0.000105234
                   9                  -1             -0.9999         9.42809e-05
                  10                  -1            -0.99991         8.53815e-05
                  11                  -1           -0.999918         7.80106e-05
                  12                  -1           -0.999925          7.1807e-05
                  13                  -1           -0.999931         6.65148e-05
                  14                  -1           -0.999936         6.19473e-05
                  15                  -1            -0.99994         5.79655e-05
                  16                  -1           -0.999944         5.44638e-05
                  17                  -1           -0.999947         5.13605e-05
                  18                  -1            -0.99995         4.85913e-05
                  19                  -1           -0.999953          4.6105e-05
                  20                  -1           -0.999955         4.38606e-05
