                   1             310.319             310.319                   0
                   2               312.5             311.409            0.771233
                   3               312.5             311.773            0.593695
                   4               312.5             311.955            0.472282
                   5               312.5             312.064            0.390216
                   6               312.5             312.136            0.331886
                   7               312.5             312.188            0.288509
                   8               312.5             312.227            0.255061
                   9               312.5             312.258            0.228513
                  10               312.5             312.282            0.206943
                  11               312.5             312.302            0.189078
                  12               312.5             312.318            0.174042
                  13               312.5             312.332            0.161215
                  14               312.5             312.344            0.150145
                  15               312.5             312.355            0.140494
                  16               312.5             312.364            0.132007
                  17               312.5             312.372            0.124485
                  18               312.5             312.379            0.117773
                  19               312.5             312.385            0.111747
                  20               312.5             312.391            0.106307
