                   1             0.48144             0.48144                   0
                   2            0.464576            0.473008          0.00596251
                   3            0.442049            0.462688          0.00931645
                   4            0.452791            0.460214          0.00730854
                   5            0.476578            0.463487          0.00653869
                   6            0.496304            0.468956          0.00739055
                   7            0.477346            0.470155          0.00643121
                   8            0.457281            0.468546          0.00582516
                   9            0.468072            0.468493          0.00517816
                  10              0.4674            0.468384           0.0046615
                  11            0.477624            0.469224          0.00431275
                  12             0.48027            0.470144          0.00405041
                  13            0.462623            0.469566          0.00377994
                  14            0.467012            0.469383          0.00351434
                  15            0.487188             0.47057          0.00347471
                  16            0.454145            0.469544          0.00340581
                  17            0.444139            0.468049          0.00351808
                  18             0.47302            0.468326          0.00333345
                  19            0.458212            0.467793          0.00320022
                  20            0.459211            0.467364          0.00306884
