                   1            0.046332            0.046332                   0
                   2             0.03873            0.042531          0.00268771
                   3            0.048598           0.0445533          0.00243662
                   4            0.039082           0.0431855          0.00217781
                   5             0.04179           0.0429064          0.00176004
                   6            0.047316           0.0436413          0.00161286
                   7            0.039316           0.0430234          0.00149614
                   8            0.038328           0.0424365          0.00141959
                   9            0.041722           0.0423571          0.00126407
                  10            0.050134           0.0431348          0.00135595
                  11            0.043672           0.0431836          0.00123356
                  12            0.043442           0.0432052          0.00113095
                  13            0.047222           0.0435142          0.00108535
                  14            0.054542           0.0443019          0.00126169
                  15             0.03517           0.0436931          0.00131628
                  16             0.05395           0.0443341          0.00138133
                  17            0.039602           0.0440558          0.00132782
                  18            0.050794           0.0444301          0.00130576
                  19            0.046182           0.0445223          0.00124029
                  20            0.042338           0.0444131          0.00118307
