                   1             2.18858             2.18858                   0
                   2             2.28848             2.23853           0.0353189
                   3             2.31558             2.26421           0.0315309
                   4             2.27805             2.26767           0.0238371
                   5              2.3145             2.27704           0.0208288
                   6             2.24917             2.27239           0.0178678
                   7             2.27204             2.27234           0.0153153
                   8             2.20401              2.2638           0.0156019
                   9             2.28664             2.26634           0.0140732
                  10             2.24515             2.26422           0.0128243
                  11             2.31657             2.26898           0.0125105
                  12             2.22413             2.26524           0.0120132
                  13             2.34379             2.27128           0.0125168
                  14             2.22255              2.2678            0.012097
                  15             2.26862             2.26786           0.0112907
                  16             2.40651             2.27652           0.0135073
                  17              2.2568             2.27536           0.0127625
                  18              2.2209             2.27234           0.0124069
                  19             2.28053             2.27277           0.0117614
                  20             2.29214             2.27374           0.0112132
