                   1           -0.997592           -0.997592                   0
                   2           -0.992995           -0.995293          0.00162541
                   3           -0.995393           -0.995327          0.00108395
                   4           -0.990693           -0.994168          0.00129119
                   5           -0.997638           -0.994862          0.00120506
                   6           -0.991188            -0.99425           0.0011493
                   7           -0.988433           -0.993419          0.00124996
                   8           -0.992596           -0.993316          0.00109793
                   9           -0.997875           -0.993823          0.00108655
                  10           -0.997694            -0.99421          0.00104458
                  11           -0.994419           -0.994229         0.000949789
                  12            -1.00267           -0.994932          0.00110088
                  13           -0.998157            -0.99518          0.00104377
                  14           -0.995887           -0.995231          0.00097043
                  15           -0.992999           -0.995082         0.000917068
                  16           -0.989413           -0.994728         0.000925669
                  17           -0.994607           -0.994721         0.000871246
                  18           -0.997097           -0.994853         0.000832787
                  19             -1.0003           -0.995139         0.000836858
                  20           -0.999826           -0.995374         0.000827169
