                   1            0.326962            0.326962                   0
                   2            0.348578             0.33777          0.00764237
                   3            0.355416            0.343652          0.00700161
                   4             0.39828            0.357309           0.0129406
                   5            0.309437            0.347735           0.0134354
                   6            0.350548            0.348203           0.0112043
                   7            0.403642            0.356123           0.0120828
                   8            0.379151            0.359002           0.0109099
                   9            0.308482            0.353388           0.0110478
                  10            0.293783            0.347428           0.0114385
                  11             0.34854            0.347529           0.0103991
                  12            0.253278            0.339675           0.0121415
                  13            0.305418             0.33704             0.01149
                  14            0.359392            0.338636           0.0107796
                  15            0.352382            0.339553           0.0100999
                  16            0.413515            0.344175           0.0104732
                  17            0.337598            0.343788          0.00986429
                  18            0.346791            0.343955          0.00931769
                  19            0.274579            0.340304          0.00951587
                  20            0.284495            0.337513          0.00944035
