                   1            0.298896            0.298896                   0
                   2            0.299167            0.299031         9.58119e-05
                   3             0.30112            0.299727         0.000572033
                   4            0.296323            0.298876         0.000852814
                   5            0.303619            0.299825          0.00108864
                   6            0.303025            0.300358          0.00102965
                   7            0.304345            0.300928          0.00102806
                   8            0.298705             0.30065         0.000936333
                   9            0.309835             0.30167           0.0012722
                  10            0.306852            0.302189          0.00124603
                  11            0.301184            0.302097          0.00113609
                  12            0.313636            0.303059             0.00139
                  13            0.304298            0.303154          0.00128635
                  14            0.301385            0.303028          0.00120066
                  15            0.300312            0.302847          0.00113418
                  16            0.303256            0.302872          0.00106358
                  17            0.307686            0.303155          0.00103803
                  18            0.295535            0.302732          0.00106321
                  19            0.296457            0.302402           0.0010573
                  20            0.302809            0.302422          0.00100463
