                   1             0.01454             0.01454                   0
                   2            0.004212            0.009376           0.0036515
                   3            0.002254            0.007002          0.00311179
                   4            0.007528           0.0071335          0.00233662
                   5            -0.00581           0.0045448           0.0029758
                   6           -0.004866          0.00297633           0.0028635
                   7            0.006004          0.00340886          0.00248688
                   8            -0.00433           0.0024415          0.00235666
                   9             0.01312            0.003628          0.00237478
                  10            0.010552           0.0043204          0.00223597
                  11            0.004316             0.00432           0.0020327
                  12            0.013694          0.00510117          0.00200781
                  13            0.001674          0.00483754          0.00187059
                  14           -0.007606          0.00394871          0.00193666
                  15             0.00337          0.00391013          0.00180793
                  16           -0.002134          0.00353237          0.00173395
                  17             7.4e-05          0.00332894          0.00164385
                  18           -0.006824          0.00276489          0.00164645
                  19           -0.002048          0.00251158          0.00157916
                  20             0.01052            0.002912          0.00155014
