                   1             5.62299             5.62299                   0
                   2             5.30965             5.46632            0.110784
                   3             5.28542             5.40602           0.0887628
                   4              5.5032             5.43031           0.0698177
                   5             5.60962             5.46617           0.0644089
                   6             5.76655             5.51624           0.0704946
                   7             5.46932             5.50953           0.0607417
                   8             5.45563              5.5028           0.0535215
                   9             5.27417             5.47739           0.0532632
                  10             5.24757             5.45441           0.0526622
                  11             5.33948             5.44396           0.0489003
                  12               5.285             5.43072           0.0465849
                  13             5.26469             5.41794           0.0447178
                  14             5.51846             5.42512           0.0420961
                  15             5.46654             5.42789           0.0393802
                  16             5.40568              5.4265           0.0369434
                  17             5.39087              5.4244           0.0348296
                  18             5.55939              5.4319           0.0336923
                  19             5.48147             5.43451           0.0320199
                  20             5.63601             5.44459           0.0319647
