                   1           -0.715376           -0.715376                   0
                   2            -0.71996           -0.717668          0.00162069
                   3           -0.718348           -0.717895           0.0010962
                   4           -0.718456           -0.718035          0.00083108
                   5           -0.716828           -0.717794         0.000699045
                   6            -0.71884           -0.717968         0.000603901
                   7           -0.715072           -0.717554         0.000643932
                   8           -0.716556            -0.71743         0.000575404
                   9           -0.714936           -0.717152         0.000574311
                  10           -0.715992           -0.717036         0.000528474
                  11           -0.716472           -0.716985         0.000482915
                  12            -0.71412           -0.716746          0.00049821
                  13           -0.714536           -0.716576         0.000488037
                  14            -0.71606           -0.716539         0.000454569
                  15           -0.716204           -0.716517         0.000424814
                  16           -0.716776           -0.716533         0.000398571
                  17            -0.71622           -0.716515         0.000375551
                  18           -0.716328           -0.716504         0.000354831
                  19           -0.719844            -0.71668         0.000377185
                  20           -0.719572           -0.716825         0.000385043
