                   1           -0.005938           -0.005938                   0
                   2           -0.000234           -0.003086          0.00201667
                   3            0.005786        -0.000128667          0.00276371
                   4            0.006116           0.0014325          0.00247474
                   5            -0.00914           -0.000682          0.00273797
                   6           -0.001188        -0.000766333          0.00228294
                   7            0.008692         0.000584857           0.0023225
                   8           -0.006902           -0.000351          0.00221272
                   9            0.001042        -0.000196222          0.00197227
                  10            0.005836            0.000407          0.00186501
                  11            0.007766            0.001076          0.00181148
                  12           -0.004398         0.000619833            0.001717
                  13            0.003818         0.000865846          0.00160245
                  14           -0.004802            0.000461          0.00153828
                  15            0.004852         0.000753733          0.00146332
                  16           -0.001366          0.00062125          0.00137784
                  17           -0.002298         0.000449529          0.00130745
                  18           -0.005212            0.000135          0.00127209
                  19            0.003612            0.000318          0.00121823
                  20            0.001578            0.000381          0.00115894
