                   1            0.318886            0.318886                   0
                   2            0.316773            0.317829         0.000746853
                   3            0.318583            0.318081         0.000538513
                   4             0.31393            0.317043         0.000985315
                   5            0.316085            0.316851         0.000806646
                   6            0.316599            0.316809         0.000673296
                   7            0.312478            0.316191         0.000813175
                   8            0.313475            0.315851         0.000779163
                   9            0.321494            0.316478         0.000910525
                  10            0.315623            0.316393         0.000823478
                  11             0.31855            0.316589         0.000771629
                  12            0.317638            0.316676         0.000712266
                  13            0.318198            0.316793         0.000667023
                  14            0.311056            0.316383         0.000734564
                  15            0.317527             0.31646         0.000689541
                  16            0.310474            0.316086         0.000741008
                  17             0.31452            0.315993         0.000703119
                  18            0.318515            0.316134         0.000677867
                  19            0.316331            0.316144          0.00064227
                  20            0.319149            0.316294         0.000627485
