                   1             2.96096             2.96096                   0
                   2             2.94638             2.95367          0.00515536
                   3             2.96613             2.95782          0.00482822
                   4             2.88691             2.94009           0.0157739
                   5             3.00088             2.95225           0.0166574
                   6             2.93752              2.9498           0.0140608
                   7             2.93969             2.94835            0.012126
                   8              2.8841             2.94032           0.0130004
                   9             2.86944             2.93245           0.0137356
                  10              2.8347             2.92267           0.0154533
                  11             2.92677             2.92304           0.0140529
                  12             2.75068             2.90868           0.0188433
                  13             2.89966             2.90799           0.0174066
                  14             2.94361             2.91053           0.0163482
                  15             2.97187             2.91462           0.0157615
                  16             2.94216             2.91634           0.0148701
                  17             2.88403             2.91444           0.0141163
                  18             2.90854             2.91411           0.0133358
                  19             2.99113             2.91817           0.0132357
                  20             2.90651             2.91758           0.0125868
