                   1           -0.830194           -0.830194                   0
                   2           -0.834169           -0.832182          0.00140511
                   3           -0.829503           -0.831289          0.00118691
                   4           -0.827108           -0.830244          0.00126958
                   5           -0.827155           -0.829626          0.00115625
                   6           -0.825932            -0.82901          0.00111544
                   7           -0.829078            -0.82902         0.000956136
                   8            -0.82599           -0.828641         0.000908555
                   9           -0.825297            -0.82827          0.00088031
                  10            -0.83276           -0.828719         0.000899529
                  11           -0.825737           -0.828447         0.000857628
                  12           -0.827287           -0.828351         0.000791595
                  13           -0.828685           -0.828376          0.00073112
                  14           -0.827324           -0.828301         0.000682753
                  15           -0.827986            -0.82828         0.000637558
                  16           -0.826352            -0.82816         0.000608996
                  17           -0.826506           -0.828062         0.000580889
                  18           -0.829434           -0.828139         0.000553593
                  19           -0.825616           -0.828006         0.000540148
                  20           -0.836494            -0.82843         0.000659123
