                   1            0.258922            0.258922                   0
                   2            0.267434            0.263178          0.00300945
                   3            0.234172            0.253509          0.00814539
                   4            0.231392             0.24798          0.00776212
                   5             0.23293             0.24497          0.00676819
                   6            0.213812            0.239777          0.00736777
                   7             0.24931            0.241139          0.00643987
                   8            0.241884            0.241232          0.00563556
                   9            0.227652            0.239723          0.00520747
                  10            0.263582            0.242109          0.00520467
                  11            0.238234            0.241757          0.00474342
                  12            0.214938            0.239522          0.00484611
                  13             0.19643            0.236207          0.00549119
                  14            0.193386            0.233148          0.00588952
                  15             0.22352            0.232507          0.00553176
                  16            0.163198            0.228175          0.00666981
                  17            0.200106            0.226524          0.00647861
                  18            0.224108            0.226389          0.00612008
                  19            0.233584            0.226768          0.00580967
                  20             0.29872            0.230366          0.00653888
