                   1              14.453              14.453                   0
                   2             14.9691              14.711            0.182486
                   3             13.8857             14.4359            0.255463
                   4             12.3513             13.9148            0.490322
                   5             12.7835             13.6885            0.441379
                   6             12.3787             13.4702            0.418335
                   7             14.6273             13.6355            0.389866
                   8             14.2482             13.7121            0.348575
                   9              12.517             13.5793             0.33418
                  10             14.7368              13.695             0.32018
                  11              13.193             13.6494            0.294308
                  12             13.2893             13.6194            0.271309
                  13             13.3449             13.5983            0.251259
                  14              13.521             13.5928            0.233373
                  15             13.3291             13.5752            0.218475
                  16             12.3064             13.4959            0.218739
                  17             13.5548             13.4994            0.205899
                  18             14.3848             13.5485             0.20025
                  19             13.0003             13.5197            0.191778
                  20             15.5741             13.6224            0.207886
