                   1            0.067554            0.067554                   0
                   2            0.073092            0.070323          0.00195798
                   3            0.064596            0.068414          0.00203307
                   4             0.06483            0.067518          0.00171089
                   5             0.07818           0.0696504          0.00234757
                   6            0.081294            0.071591          0.00263921
                   7            0.073254           0.0718286          0.00227284
                   8            0.071738           0.0718172          0.00198877
                   9             0.06439            0.070992          0.00193144
                  10             0.06001           0.0698938           0.0020266
                  11            0.066508            0.069586          0.00186559
                  12            0.074914             0.07003          0.00176217
                  13            0.069094            0.069958          0.00162809
                  14            0.061442           0.0693497          0.00162145
                  15            0.080286           0.0700788          0.00166924
                  16            0.082476           0.0708536          0.00173545
                  17            0.073882           0.0710318          0.00164248
                  18            0.076382            0.071329           0.0015779
                  19            0.067104           0.0711066          0.00151044
                  20            0.071892           0.0711459          0.00143543
