                   1            0.015292            0.015292                   0
                   2            0.026116            0.020704          0.00382686
                   3            0.000696           0.0140347           0.0060135
                   4            -0.03209           0.0025035           0.0109575
                   5           -0.003178           0.0013672          0.00882473
                   6            0.023258          0.00501567          0.00807299
                   7            0.032462          0.00893657          0.00781407
                   8           -0.004948            0.007201          0.00702741
                   9             -0.0049          0.00585644          0.00637391
                  10            0.008052            0.006076           0.0057403
                  11           -0.007522          0.00483982          0.00534991
                  12           -0.015928          0.00310917          0.00517645
                  13            0.024092          0.00472323           0.0050236
                  14            -0.00141          0.00428514          0.00468383
                  15           -0.036466           0.0015684          0.00509895
                  16           -0.059016         -0.00221813          0.00602434
                  17           -0.018386         -0.00316918          0.00574454
                  18            0.007618         -0.00256989          0.00545657
                  19           -0.032782            -0.00416           0.0053961
                  20            0.015082          -0.0031979          0.00521136
