                   1            0.085722            0.085722                   0
                   2        -4.33681e-13            0.042861           0.0303073
                   3        -4.33681e-13            0.028574           0.0233306
                   4        -4.33681e-13           0.0214305           0.0185594
                   5        -4.33681e-13           0.0171444           0.0153344
                   6        -4.33681e-13            0.014287           0.0130422
                   7        -4.33681e-13            0.012246           0.0113376
                   8        -4.33681e-13           0.0107152           0.0100232
                   9        -4.33681e-13          0.00952467          0.00897994
                  10        -4.33681e-13           0.0085722           0.0081323
                  11        -4.33681e-13          0.00779291          0.00743025
                  12        -4.33681e-13           0.0071435          0.00683938
                  13        -4.33681e-13            0.006594          0.00633531
                  14        -4.33681e-13            0.006123          0.00590027
                  15        -4.33681e-13           0.0057148          0.00552102
                  16        -4.33681e-13          0.00535762           0.0051875
                  17        -4.33681e-13          0.00504247          0.00489191
                  18        -4.33681e-13          0.00476233          0.00462816
                  19        -4.33681e-13          0.00451168          0.00439135
                  20        -4.33681e-13           0.0042861          0.00417757
