                   1              312.27              312.27                   0
                   2               312.5             312.385           0.0814587
                   3               312.5             312.423           0.0627069
                   4               312.5             312.442           0.0498831
                   5               312.5             312.454           0.0412152
                   6               312.5             312.462           0.0350542
                   7               312.5             312.467           0.0304727
                   8               312.5             312.471           0.0269399
                   9               312.5             312.474           0.0241359
                  10               312.5             312.477           0.0218577
                  11               312.5             312.479           0.0199707
                  12               312.5             312.481           0.0183826
                  13               312.5             312.482           0.0170278
                  14               312.5             312.484           0.0158585
                  15               312.5             312.485           0.0148392
                  16               312.5             312.486           0.0139427
                  17               312.5             312.486           0.0131483
                  18               312.5             312.487           0.0124394
                  19               312.5             312.488           0.0118029
                  20               312.5             312.488           0.0112283
