                   1             -1.0198             -1.0198                   0
                   2               -1.02             -1.0199         7.02016e-05
                   3               -1.02            -1.01993         5.40412e-05
                   4               -1.02            -1.01995         4.29895e-05
                   5               -1.02            -1.01996         3.55195e-05
                   6               -1.02            -1.01997         3.02099e-05
                   7               -1.02            -1.01997         2.62615e-05
                   8               -1.02            -1.01998          2.3217e-05
                   9               -1.02            -1.01998         2.08005e-05
                  10               -1.02            -1.01998         1.88371e-05
                  11               -1.02            -1.01998         1.72109e-05
                  12               -1.02            -1.01998         1.58422e-05
                  13               -1.02            -1.01998         1.46746e-05
                  14               -1.02            -1.01999         1.36669e-05
                  15               -1.02            -1.01999         1.27885e-05
                  16               -1.02            -1.01999         1.20159e-05
                  17               -1.02            -1.01999         1.13313e-05
                  18               -1.02            -1.01999         1.07203e-05
                  19               -1.02            -1.01999         1.01718e-05
                  20               -1.02            -1.01999         9.67662e-06
