                   1            0.114475            0.114475                   0
                   2        -3.42661e-13           0.0572375            0.040473
                   3        -3.42661e-13           0.0381583           0.0311561
                   4        -3.42661e-13           0.0286187           0.0247846
                   5        -3.42661e-13            0.022895           0.0204779
                   6        -3.42661e-13           0.0190792           0.0174168
                   7        -3.42661e-13           0.0163536           0.0151405
                   8        -3.42661e-13           0.0143094           0.0133852
                   9        -3.42661e-13           0.0127194            0.011992
                  10        -3.42661e-13           0.0114475             0.01086
                  11        -3.42661e-13           0.0104068          0.00992251
                  12        -3.42661e-13          0.00953958          0.00913345
                  13        -3.42661e-13          0.00880577          0.00846031
                  14        -3.42661e-13          0.00817678          0.00787935
                  15        -3.42661e-13          0.00763166          0.00737289
                  16        -3.42661e-13          0.00715469          0.00692749
                  17        -3.42661e-13          0.00673382          0.00653277
                  18        -3.42661e-13          0.00635972          0.00618054
                  19        -3.42661e-13            0.006025           0.0058643
                  20        -3.42661e-13          0.00572375          0.00557882
