                   1             276.777             276.777                   0
                   2             277.778             277.278            0.353695
                   3             277.778             277.444            0.272274
                   4             277.778             277.528            0.216593
                   5             277.778             277.578            0.178957
                   6             277.778             277.611            0.152206
                   7             277.778             277.635            0.132313
                   8             277.778             277.653            0.116974
                   9             277.778             277.667            0.104798
                  10             277.778             277.678           0.0949063
                  11             277.778             277.687           0.0867131
                  12             277.778             277.694           0.0798175
                  13             277.778             277.701           0.0739349
                  14             277.778             277.706           0.0688578
                  15             277.778             277.711           0.0644319
                  16             277.778             277.715           0.0605396
                  17             277.778             277.719             0.05709
                  18             277.778             277.722           0.0540119
                  19             277.778             277.725           0.0512483
                  20             277.778             277.728           0.0487535
