                   1            0.282364            0.282364                   0
                   2            0.279276             0.28082          0.00109183
                   3            0.280286            0.280642         0.000742282
                   4            0.277145            0.279768         0.000939717
                   5            0.282592            0.280333         0.000905754
                   6            0.280017             0.28028         0.000756323
                   7             0.28106            0.280391         0.000656434
                   8            0.283776            0.280815         0.000697547
                   9            0.289131            0.281739          0.00106929
                  10            0.285982            0.282163          0.00104317
                  11            0.287231            0.282624          0.00104515
                  12            0.287262             0.28301          0.00102706
                  13            0.282648            0.282982         0.000948431
                  14            0.281707            0.282891         0.000885052
                  15            0.286533            0.283134         0.000858703
                  16            0.282282            0.283081         0.000806684
                  17            0.281739            0.283002         0.000763082
                  18            0.282782             0.28299         0.000720787
                  19             0.28334            0.283008         0.000683087
                  20             0.28904             0.28331         0.000712402
