                   1            0.002466            0.002466                   0
                   2            0.000274             0.00137         0.000774989
                   3            0.006876          0.00320533          0.00158511
                   4           -0.005238           0.0010945           0.0021806
                   5           -0.010626          -0.0012496          0.00272746
                   6             0.00697         0.000120333          0.00259421
                   7            0.004742         0.000780571           0.0023061
                   8           -0.001184            0.000535          0.00203087
                   9           -0.002442         0.000204222          0.00183196
                  10            0.010372            0.001221           0.0019102
                  11             0.00241          0.00132909           0.0017396
                  12           -0.006134         0.000707167          0.00170218
                  13            0.009188          0.00135954          0.00169164
                  14            0.003736          0.00152929          0.00157931
                  15            0.007322          0.00191547           0.0015205
                  16            0.001038          0.00186062          0.00142646
                  17            0.006572          0.00213776          0.00136921
                  18            0.005586          0.00232933          0.00130647
                  19           -0.003006          0.00204853          0.00126753
                  20           -0.000204           0.0019359          0.00120915
