                   1             2.59295             2.59295                   0
                   2              2.8317             2.71232           0.0844129
                   3             2.71733             2.71399           0.0562918
                   4             2.74908             2.72276           0.0428968
                   5             2.67799             2.71381           0.0352395
                   6             2.73041             2.71658           0.0294747
                   7             2.76855               2.724           0.0261826
                   8             2.75457             2.72782            0.023187
                   9             2.69892             2.72461           0.0208319
                  10             2.70242             2.72239           0.0188666
                  11             2.80028             2.72947           0.0184322
                  12             2.66009             2.72369             0.01778
                  13             2.68337             2.72059           0.0166807
                  14             2.63076             2.71417           0.0166778
                  15             2.77818             2.71844           0.0161026
                  16             2.70987              2.7179           0.0151051
                  17             2.70374             2.71707           0.0142395
                  18             2.73809             2.71824           0.0134962
                  19             2.70698             2.71765           0.0127989
                  20             2.66429             2.71498           0.0124339
