                   1            0.009606            0.009606                   0
                   2           -0.001924            0.003841          0.00407647
                   3            0.004958          0.00421333           0.0027346
                   4            -0.00369           0.0022375          0.00267102
                   5             -0.0053             0.00073          0.00252666
                   6           -0.003532         1.96667e-05          0.00220314
                   7            0.001352             0.00021          0.00189661
                   8             0.00184          0.00041375          0.00167044
                   9             0.00787          0.00124222          0.00167775
                  10            0.003058           0.0014238          0.00151977
                  11           -0.002236          0.00109109          0.00141756
                  12            0.003116          0.00125983          0.00130943
                  13            -0.00461         0.000808308           0.0012842
                  14            0.009108          0.00140114          0.00132225
                  15              -0.002           0.0011744          0.00125339
                  16            0.002766          0.00127388          0.00117899
                  17            0.004246          0.00144871          0.00112253
                  18             0.00237          0.00149989          0.00106133
                  19            0.006934          0.00178589           0.0010433
                  20           -0.005812            0.001406          0.00105804
