                   1             1.43376             1.43376                   0
                   2             1.36892             1.40134           0.0229261
                   3             1.40531             1.40266           0.0153222
                   4             1.42136             1.40734           0.0121836
                   5             1.42828             1.41153           0.0104423
                   6             1.41115             1.41146          0.00870209
                   7             1.37907             1.40684          0.00860148
                   8             1.41176             1.40745          0.00754833
                   9             1.37474             1.40382          0.00753388
                  10             1.37476             1.40091          0.00731945
                  11             1.40154             1.40097          0.00665427
                  12             1.44262             1.40444          0.00694622
                  13             1.42418             1.40596          0.00657585
                  14             1.42381             1.40723          0.00622851
                  15             1.41452             1.40772          0.00583218
                  16             1.36787             1.40523          0.00597589
                  17             1.41308             1.40569          0.00564217
                  18             1.38186             1.40437          0.00548182
                  19             1.37356             1.40274           0.0054278
                  20             1.43154             1.40418          0.00534396
