                   1           -0.001262           -0.001262                   0
                   2            0.002142             0.00044           0.0012035
                   3            0.005728          0.00220267          0.00164774
                   4            0.003716            0.002581          0.00127851
                   5           -0.000118           0.0020412          0.00113103
                   6            0.000244          0.00174167         0.000981389
                   7           -0.002292          0.00116543         0.000996101
                   8           -0.003376          0.00059775          0.00102061
                   9            -0.00025         0.000503556         0.000911544
                  10             0.00355           0.0008082         0.000869808
                  11            0.000448         0.000775455         0.000791351
                  12            -0.00454           0.0003325          0.00084028
                  13           -0.001974         0.000155077         0.000794154
                  14            0.007886         0.000707286          0.00090937
                  15            -0.00067         0.000615467         0.000853368
                  16            0.000466         0.000606125         0.000800084
                  17            0.005744         0.000908353         0.000808089
                  18            -0.00059         0.000825111         0.000767471
                  19           -0.004916         0.000522947         0.000784308
                  20           -0.000108           0.0004914         0.000745727
