                   1           -0.998936           -0.998936                   0
                   2           -0.999808           -0.999372         0.000308299
                   3            -0.99772           -0.998821         0.000494368
                   4           -0.997776            -0.99856         0.000434392
                   5           -0.999476           -0.998743         0.000384207
                   6            -0.99998           -0.998949         0.000371375
                   7           -0.999868           -0.999081         0.000340722
                   8            -0.99998           -0.999193         0.000316137
                   9           -0.999832           -0.999264         0.000288874
                  10           -0.999984           -0.999336          0.00026881
                  11           -0.999912           -0.999388          0.00024942
                  12            -0.99868           -0.999329         0.000235517
                  13           -0.999968           -0.999378         0.000222465
                  14           -0.999456           -0.999384         0.000206644
                  15           -0.999684           -0.999404         0.000193833
                  16           -0.999456           -0.999407         0.000181746
                  17           -0.998852           -0.999375         0.000173965
                  18           -0.999736           -0.999395         0.000165455
                  19           -0.998868           -0.999367         0.000159052
                  20            -0.99984           -0.999391         0.000152848
