                   1             10.2024             10.2024                   0
                   2               10.36             10.2812           0.0557309
                   3             9.59716             10.0532            0.189852
                   4             9.74574             9.97634            0.157182
                   5             9.52678             9.88643            0.149263
                   6             9.19764             9.77163            0.162647
                   7             10.3694             9.85702            0.160269
                   8             10.0455             9.88058            0.141956
                   9              8.9968             9.78238            0.156505
                  10             10.2452             9.82866            0.147538
                  11             9.33171             9.78349            0.140873
                  12             10.6637             9.85683            0.146994
                  13             9.48091             9.82792            0.138502
                  14             10.8422             9.90037            0.146337
                  15             9.76713             9.89149             0.13685
                  16             9.97997             9.89702            0.128409
                  17             10.8822             9.95497            0.133292
                  18              10.504             9.98547            0.129329
                  19             9.66628             9.96867            0.123609
                  20             10.8341             10.0119            0.124773
