                   1           -0.008832           -0.008832                   0
                   2            0.002134           -0.003349          0.00387707
                   3           -0.016858           -0.007852           0.0044943
                   4           -0.017204            -0.01019          0.00393211
                   5           -0.001504          -0.0084528          0.00350851
                   6            -0.00028         -0.00709067          0.00317719
                   7           -0.002848         -0.00648457          0.00278051
                   8             0.00339         -0.00525025          0.00269302
                   9            0.027132         -0.00165222          0.00415182
                  10             0.01635            0.000148          0.00410843
                  11             0.01136          0.00116727           0.0038593
                  12            0.016492          0.00244433          0.00374303
                  13           -0.005532          0.00183077          0.00350503
                  14            0.004292          0.00200657          0.00325908
                  15           -0.010236           0.0011904          0.00314234
                  16            0.026248           0.0027565           0.0033133
                  17            0.007036          0.00300824          0.00312795
                  18            0.009764          0.00338356          0.00297661
                  19            0.008012          0.00362716          0.00282989
                  20            0.006206           0.0037561          0.00269134
