                   1             5.01726             5.01726                   0
                   2             5.40246             5.20986            0.136189
                   3             5.18311             5.20094           0.0910839
                   4             5.29071             5.22339           0.0710238
                   5             5.31203             5.24111           0.0589902
                   6             5.03753             5.20718           0.0581032
                   7             5.22546             5.20979           0.0498613
                   8             5.25959             5.21602           0.0440155
                   9             4.96691             5.18834           0.0470293
                  10             5.02277             5.17178           0.0451468
                  11             5.22501             5.17662            0.041301
                  12             5.18249             5.17711           0.0378622
                  13             5.12624              5.1732           0.0351513
                  14             5.49522              5.1962           0.0394549
                  15              5.1382             5.19233           0.0370136
                  16             5.28502             5.19813           0.0351506
                  17             5.46811             5.21401           0.0364948
                  18             5.21899             5.21428           0.0344683
                  19             5.25298             5.21632           0.0327143
                  20             5.29637             5.22032           0.0313225
