                   1            0.026094            0.026094                   0
                   2            0.034876            0.030485          0.00310491
                   3           -0.040002          0.00698933           0.0192955
                   4             0.01738            0.009587           0.0146454
                   5            0.013066           0.0102828           0.0117329
                   6           -0.007302            0.007352           0.0101368
                   7             0.02608           0.0100274          0.00903487
                   8            -0.02235          0.00598025          0.00876523
                   9            0.007634            0.006164          0.00779325
                  10            0.033712           0.0089188          0.00748499
                  11            0.002582          0.00834273          0.00682667
                  12            0.014108          0.00882317          0.00627467
                  13           -0.018998          0.00668308          0.00614613
                  14            -0.03631          0.00361214          0.00642871
                  15           -0.007974          0.00283973          0.00604635
                  16           -0.025676           0.0010575           0.0059253
                  17           -0.011296         0.000330824          0.00562114
                  18           -0.016944        -0.000628889          0.00539016
                  19            0.008916        -0.000126526          0.00512982
                  20            0.042146           0.0019871          0.00529088
