                   1             22.9857             22.9857                   0
                   2             23.4591             23.2224            0.167389
                   3             21.8734             22.7727             0.38374
                   4             25.0146             23.3332            0.564297
                   5              23.582              23.383            0.453627
                   6              23.642             23.4261            0.380071
                   7             23.8019             23.4798            0.329545
                   8              22.417              23.347            0.313991
                   9              20.459             23.0261             0.41161
                  10             22.6553              22.989            0.372115
                  11             24.6794             23.1427            0.368656
                  12             24.5579             23.2606              0.3563
                  13             24.2396             23.3359            0.336756
                  14             23.0506             23.3156            0.313318
                  15             23.4328             23.3234            0.292528
                  16             23.3918             23.3276            0.274276
                  17             23.3788             23.3307            0.258159
                  18             23.8886             23.3617             0.24567
                  19             22.8468             23.3346             0.23423
                  20             21.4464             23.2401            0.240794
