                   1             0.06115             0.06115                   0
                   2            0.068156            0.064653            0.002477
                   3            0.077748            0.069018          0.00392798
                   4             0.06492           0.0679935          0.00307669
                   5            0.068984           0.0681916          0.00246772
                   6            0.068576           0.0682557          0.00205727
                   7            0.071832           0.0687666          0.00182571
                   8            0.059146            0.067564          0.00195382
                   9            0.055942           0.0662727          0.00212096
                  10            0.055096            0.065155          0.00218358
                  11            0.058862           0.0645829          0.00205865
                  12             0.07695           0.0656135          0.00212949
                  13            0.054788           0.0647808          0.00212227
                  14            0.064102           0.0647323          0.00197123
                  15            0.063184           0.0646291          0.00184252
                  16            0.066668           0.0647565          0.00173176
                  17            0.063758           0.0646978          0.00163089
                  18              0.0677           0.0648646          0.00154879
                  19            0.067594           0.0650082          0.00147392
                  20            0.056738           0.0645947          0.00145708
