                   1           -0.630147           -0.630147                   0
                   2           -0.635023           -0.632585          0.00172397
                   3           -0.632587           -0.632586          0.00114931
                   4            -0.63167           -0.632357          0.00088447
                   5           -0.631964           -0.632278         0.000711063
                   6           -0.631996           -0.632231         0.000594112
                   7           -0.633665           -0.632436         0.000543389
                   8           -0.630743           -0.632224         0.000515028
                   9           -0.632447           -0.632249         0.000458396
                  10           -0.629966           -0.632021         0.000465956
                  11           -0.632613           -0.632075         0.000426699
                  12           -0.629003           -0.631819         0.000461572
                  13           -0.629736           -0.631658         0.000453021
                  14           -0.632974           -0.631752         0.000430299
                  15           -0.632468             -0.6318         0.000404246
                  16           -0.632993           -0.631875           0.0003858
                  17           -0.633259           -0.631956         0.000371603
                  18           -0.632038           -0.631961         0.000350986
                  19           -0.633732           -0.632054         0.000344671
                  20           -0.632287           -0.632065         0.000327634
