                   1             0.33521             0.33521                   0
                   2            0.331042            0.333126          0.00147364
                   3             0.33934            0.335198          0.00195587
                   4            0.339414            0.336252          0.00172773
                   5            0.332073            0.335416          0.00157137
                   6            0.334818            0.335316          0.00131263
                   7            0.333233            0.335019          0.00115836
                   8            0.332275            0.334676          0.00106312
                   9             0.34365            0.335673          0.00133301
                  10            0.337001            0.335806          0.00120631
                  11            0.329086            0.335195          0.00124173
                  12            0.338987            0.335511          0.00117778
                  13            0.334484            0.335432          0.00108983
                  14            0.336973            0.335542          0.00101752
                  15            0.333216            0.335387         0.000961433
                  16            0.335653            0.335403         0.000901487
                  17            0.345872            0.336019          0.00103769
                  18             0.33499            0.335962         0.000981611
                  19            0.336117             0.33597         0.000929981
                  20            0.342314            0.336287         0.000936008
