                   1           -0.894148           -0.894148                   0
                   2           -0.896512            -0.89533           0.0008358
                   3           -0.894664           -0.895108         0.000585942
                   4           -0.897752           -0.895769         0.000721674
                   5           -0.895248           -0.895665         0.000584813
                   6            -0.89746           -0.895964         0.000558663
                   7           -0.894952           -0.895819         0.000497209
                   8           -0.896928           -0.895958         0.000453957
                   9           -0.894772           -0.895826         0.000422211
                  10           -0.893512           -0.895595         0.000438854
                  11           -0.896156           -0.895646         0.000401913
                  12           -0.896036           -0.895678         0.000369733
                  13            -0.89586           -0.895692         0.000341556
                  14            -0.89872           -0.895909         0.000379499
                  15           -0.899848           -0.896171         0.000435697
                  16           -0.898136           -0.896294          0.00042542
                  17           -0.898232           -0.896408         0.000415389
                  18           -0.898256           -0.896511           0.0004048
                  19           -0.898212             -0.8966         0.000393274
                  20            -0.89258           -0.896399         0.000421865
