                   1              246.56              246.56                   0
                   2                 250              248.28             1.21633
                   3                 250             248.853            0.936331
                   4                 250              249.14            0.744847
                   5                 250             249.312             0.61542
                   6                 250             249.427            0.523425
                   7                 250             249.509            0.455014
                   8                 250              249.57            0.402263
                   9                 250             249.618            0.360394
                  10                 250             249.656            0.326376
                  11                 250             249.687              0.2982
                  12                 250             249.713            0.274486
                  13                 250             249.735            0.254256
                  14                 250             249.754            0.236797
                  15                 250             249.771            0.221576
                  16                 250             249.785            0.208191
                  17                 250             249.798            0.196328
                  18                 250             249.809            0.185743
                  19                 250             249.819            0.176239
                  20                 250             249.828            0.167659
