                   1           -0.665052           -0.665052                   0
                   2           -0.664932           -0.664992         4.24264e-05
                   3           -0.665252           -0.665079         7.62063e-05
                   4           -0.663728           -0.664741         0.000297961
                   5           -0.665492           -0.664891          0.00027362
                   6           -0.664208           -0.664777         0.000250592
                   7           -0.665184           -0.664835         0.000221425
                   8            -0.66576           -0.664951         0.000221867
                   9           -0.664272           -0.664876          0.00020965
                  10           -0.664432           -0.664831          0.00019332
                  11           -0.662108           -0.664584         0.000294283
                  12           -0.664484           -0.664575         0.000269877
                  13           -0.660064           -0.664228           0.0004162
                  14           -0.665488           -0.664318         0.000396078
                  15           -0.662072           -0.664169         0.000396975
                  16           -0.664976           -0.664219         0.000375358
                  17            -0.66522           -0.664278         0.000357867
                  18           -0.664784           -0.664306         0.000339088
                  19            -0.66478           -0.664331         0.000322158
                  20           -0.665884           -0.664409          0.00031527
