                   1            0.244257            0.244257                   0
                   2            0.243455            0.243856         0.000283755
                   3            0.240245            0.242652          0.00100078
                   4            0.237465            0.241355           0.0013508
                   5            0.244795            0.242043          0.00124353
                   6            0.238665             0.24148          0.00115676
                   7            0.240731            0.241373         0.000996443
                   8            0.245477            0.241886         0.000995194
                   9             0.24424            0.242148          0.00091833
                  10            0.246744            0.242607         0.000934464
                  11            0.245365            0.242858         0.000882503
                  12            0.247075            0.243209         0.000876153
                  13            0.243372            0.243222         0.000808846
                  14            0.242376            0.243161         0.000753327
                  15            0.241599            0.243057         0.000710272
                  16            0.245622            0.243218         0.000683735
                  17            0.243755            0.243249         0.000644246
                  18            0.246158            0.243411          0.00062839
                  19            0.239135            0.243186         0.000634334
                  20            0.247872             0.24342         0.000644436
