                   1           -0.496256           -0.496256                   0
                   2           -0.500276           -0.498266          0.00142128
                   3            -0.49894           -0.498491         0.000965117
                   4           -0.498444           -0.498479         0.000723908
                   5           -0.497468           -0.498277         0.000606709
                   6           -0.498196           -0.498263          0.00050574
                   7           -0.499756           -0.498477         0.000476329
                   8           -0.498784           -0.498515         0.000418335
                   9            -0.49942           -0.498616         0.000383749
                  10            -0.49852           -0.498606         0.000345493
                  11           -0.496652           -0.498428          0.00035684
                  12           -0.494672           -0.498115         0.000443643
                  13           -0.497228           -0.498047         0.000414734
                  14            -0.50026           -0.498205         0.000414138
                  15            -0.49898           -0.498257         0.000389737
                  16           -0.498496           -0.498272         0.000365665
                  17           -0.497308           -0.498215         0.000348522
                  18             -0.5004           -0.498336          0.00034966
                  19           -0.498208            -0.49833         0.000331322
                  20            -0.49906           -0.498366         0.000316762
