                   1            0.166662            0.166662                   0
                   2            0.186206            0.176434          0.00690985
                   3            0.154954            0.169274          0.00744295
                   4            0.151572            0.164849          0.00677125
                   5            0.161826            0.164244          0.00544392
                   6            0.139836            0.160176           0.0058627
                   7            0.163496             0.16065          0.00504432
                   8            0.130514            0.156883          0.00564785
                   9            0.168474            0.158171          0.00516506
                  10            0.184474            0.160801          0.00527595
                  11            0.159506            0.160684          0.00479763
                  12            0.159444             0.16058          0.00439894
                  13            0.144356            0.159332           0.0042339
                  14             0.10974             0.15579          0.00520655
                  15            0.174992             0.15707          0.00501435
                  16            0.147776            0.156489          0.00473448
                  17            0.131112            0.154996          0.00468541
                  18            0.146336            0.154515          0.00444975
                  19            0.161912            0.154905          0.00423254
                  20             0.18548            0.156433          0.00428813
