                   1            -1.01745            -1.01745                   0
                   2            -1.01677            -1.01711         0.000239681
                   3            -1.01405            -1.01609         0.000849096
                   4            -1.01655            -1.01621         0.000644708
                   5             -1.0103            -1.01502          0.00117576
                   6            -1.01707            -1.01536          0.00102786
                   7            -1.01451            -1.01524         0.000888311
                   8             -1.0167            -1.01542         0.000795725
                   9            -1.01633            -1.01552         0.000713699
                  10            -1.01372            -1.01534         0.000664667
                  11            -1.01694            -1.01549         0.000619814
                  12            -1.01467            -1.01542         0.000571937
                  13            -1.01187            -1.01515         0.000589513
                  14            -1.01345            -1.01503         0.000559791
                  15            -1.01747            -1.01519         0.000545594
                  16            -1.01554            -1.01521         0.000511923
                  17            -1.01664            -1.01529         0.000488678
                  18            -1.01731            -1.01541         0.000474148
                  19            -1.01461            -1.01536         0.000451034
                  20            -1.00703            -1.01495         0.000590345
