                   1            0.992264            0.992264                   0
                   2            0.990168            0.991216         0.000741048
                   3            0.963314            0.981915          0.00761002
                   4            0.991664            0.984353          0.00608527
                   5            0.800926            0.947667           0.0331715
                   6            0.989478            0.954636           0.0283654
                   7            0.971484            0.957043           0.0244151
                   8            0.989924            0.961153           0.0217064
                   9            0.988454            0.964186           0.0195054
                  10            0.964776            0.964245            0.017555
                  11            0.989464            0.966538           0.0161081
                  12            0.974562            0.967207           0.0147796
                  13             0.87738            0.960297           0.0151722
                  14            0.963522            0.960527           0.0140902
                  15            0.993114              0.9627           0.0133173
                  16             0.98075            0.963828           0.0125327
                  17             0.99086            0.965418           0.0118959
                  18            0.993364             0.96697           0.0113359
                  19            0.974588            0.967371           0.0107463
                  20            0.633994            0.950703           0.0191881
