                   1           -0.469776           -0.469776                   0
                   2           -0.470698           -0.470237         0.000325906
                   3            -0.46913           -0.469868         0.000371541
                   4           -0.469908           -0.469878         0.000278788
                   5           -0.467061           -0.469315         0.000551041
                   6           -0.469682           -0.469376          0.00046258
                   7            -0.46999           -0.469464         0.000404744
                   8           -0.468271           -0.469315         0.000380626
                   9           -0.469975           -0.469388         0.000345341
                  10           -0.469609            -0.46941         0.000311516
                  11           -0.467801           -0.469264         0.000315692
                  12           -0.468058           -0.469163         0.000304958
                  13           -0.469955           -0.469224         0.000287517
                  14           -0.469254           -0.469226         0.000266988
                  15           -0.470404           -0.469305         0.000260485
                  16           -0.468632           -0.469263          0.00024758
                  17           -0.471338           -0.469385         0.000261376
                  18           -0.468508           -0.469336         0.000251349
                  19            -0.46865             -0.4693         0.000240703
                  20           -0.469362           -0.469303         0.000228688
