                   1            0.032218            0.032218                   0
                   2            0.028708            0.030463          0.00124097
                   3            0.020894           0.0272733           0.0027326
                   4            0.027392            0.027303          0.00204961
                   5            0.028262           0.0274948          0.00164864
                   6            0.027476           0.0274917          0.00137387
                   7            0.025522           0.0272103          0.00120607
                   8             0.02874           0.0274015          0.00107036
                   9            0.024562            0.027086         0.000996849
                  10             0.03307           0.0276844          0.00106169
                  11            0.022032           0.0271705           0.0010824
                  12            0.030698           0.0274645          0.00103134
                  13            0.025154           0.0272868         0.000967204
                  14            0.026108           0.0272026         0.000901775
                  15            0.032022           0.0275239          0.00089707
                  16             0.02638           0.0274524         0.000843847
                  17            0.032484           0.0277484         0.000844522
                  18             0.02462           0.0275746         0.000815291
                  19            0.026488           0.0275174         0.000774384
                  20            0.022912           0.0272871          0.00076914
