                   1             1.40524             1.40524                   0
                   2             1.39335              1.3993          0.00420316
                   3             1.42511              1.4079          0.00756494
                   4             1.38177             1.40137          0.00801255
                   5              1.4115              1.4034          0.00666121
                   6             1.46391             1.41348            0.010751
                   7             1.39427             1.41074          0.00955897
                   8             1.42124             1.41205          0.00845382
                   9             1.42049             1.41299          0.00756633
                  10             1.38901             1.41059          0.00717961
                  11             1.40056             1.40968          0.00658456
                  12             1.42263             1.41076          0.00612372
                  13             1.40872              1.4106          0.00565467
                  14             1.43583              1.4124          0.00553037
                  15             1.43205             1.41371          0.00531454
                  16             1.38265             1.41177          0.00532515
                  17              1.4181             1.41214          0.00502491
                  18             1.41423             1.41226          0.00474708
                  19             1.41752             1.41254          0.00450531
                  20             1.43068             1.41344          0.00437043
