                   1             1.58604             1.58604                   0
                   2             1.58812             1.58708         0.000735089
                   3             1.60007             1.59141          0.00356818
                   4             1.57602             1.58756          0.00427396
                   5             1.56122             1.58229          0.00582195
                   6              1.5749             1.58106           0.0049802
                   7             1.59829             1.58352          0.00483866
                   8             1.58044             1.58314          0.00424917
                   9             1.60774             1.58587          0.00457272
                  10             1.57213              1.5845          0.00431693
                  11             1.59037             1.58503          0.00395735
                  12             1.57902             1.58453           0.0036591
                  13             1.60998             1.58649          0.00386592
                  14             1.58678             1.58651          0.00358984
                  15             1.58502             1.58641           0.0033519
                  16             1.63557             1.58948          0.00432714
                  17             1.64742             1.59289          0.00524569
                  18             1.54786             1.59039          0.00551863
                  19             1.58127             1.58991          0.00524898
                  20             1.60683             1.59075          0.00505422
