                   1             10.0749             10.0749                   0
                   2             9.14725              9.6111             0.32799
                   3             9.19391             9.47203            0.246383
                   4              8.9204             9.33413            0.220023
                   5             8.90027             9.24736            0.192369
                   6             8.58807             9.13748            0.189103
                   7             9.75406             9.22556            0.181447
                   8             8.94991              9.1911            0.162004
                   9             8.55212              9.1201            0.158801
                  10             9.68486             9.17658            0.152633
                  11             8.57216             9.12163            0.148318
                  12             9.34125             9.13993            0.137083
                  13             8.84055              9.1169            0.128458
                  14             9.63228             9.15372            0.124446
                  15             9.45428             9.17375            0.117751
                  16             9.82895              9.2147            0.117296
                  17              9.8793              9.2538             0.11673
                  18             9.54149             9.26978            0.111334
                  19             9.17411             9.26475            0.105588
                  20             10.0275             9.30288            0.106974
