                   1            0.217412            0.217412                   0
                   2             0.21314            0.215276          0.00151056
                   3             0.21775              0.2161          0.00121139
                   4            0.216426            0.216182         0.000911277
                   5            0.217494            0.216444         0.000765883
                   6            0.214879            0.216184         0.000681231
                   7            0.215977            0.216154         0.000584554
                   8            0.213288            0.215796         0.000611452
                   9             0.21498            0.215705         0.000550191
                  10            0.217594            0.215894         0.000526586
                  11            0.214941            0.215807         0.000485796
                  12             0.21685            0.215894         0.000453015
                  13             0.21599            0.215902         0.000418227
                  14            0.216467            0.215942           0.0003903
                  15            0.216694            0.215992         0.000367485
                  16            0.216915             0.21605         0.000349011
                  17            0.212737            0.215855         0.000378985
                  18            0.216676              0.2159         0.000360662
                  19             0.22021            0.216127         0.000406792
                  20             0.22141            0.216391         0.000464344
