                   1           -0.605758           -0.605758                   0
                   2           -0.607395           -0.606577         0.000578922
                   3           -0.608381           -0.607178         0.000624656
                   4           -0.605696           -0.606808         0.000567859
                   5           -0.606227           -0.606692         0.000466008
                   6           -0.605128           -0.606431         0.000455395
                   7           -0.605365           -0.606279         0.000415029
                   8           -0.605847           -0.606225         0.000366648
                   9           -0.605043           -0.606093         0.000348615
                  10           -0.604082           -0.605892         0.000367237
                  11           -0.607305           -0.606021         0.000355601
                  12           -0.603968            -0.60585         0.000364782
                  13           -0.603965           -0.605705         0.000364394
                  14           -0.607119           -0.605806         0.000352086
                  15           -0.607303           -0.605905         0.000342464
                  16           -0.607452           -0.606002         0.000334419
                  17            -0.60728           -0.606077         0.000323088
                  18           -0.607948           -0.606181         0.000321418
                  19           -0.607549           -0.606253         0.000312459
                  20           -0.607369           -0.606309         0.000301777
