                   1             5.10849             5.10849                   0
                   2             5.34645             5.22747             0.08413
                   3             5.05505                5.17            0.073129
                   4              4.7633             5.06832            0.103737
                   5             5.06088             5.06683               0.083
                   6             4.95894             5.04885            0.071088
                   7             5.14197             5.06215           0.0621647
                   8             4.67111             5.01327           0.0710588
                   9             5.19422             5.03338           0.0659463
                  10             5.02787             5.03283           0.0593539
                  11             4.83453              5.0148           0.0566296
                  12             5.37163             5.04454           0.0592051
                  13             5.10032             5.04883           0.0548062
                  14             4.91266              5.0391           0.0517473
                  15              5.2549             5.05349           0.0502575
                  16             5.09874             5.05632           0.0471959
                  17              4.9334             5.04909           0.0449701
                  18             5.00323             5.04654           0.0425439
                  19             5.04934             5.04669            0.040305
                  20             5.39877             5.06429           0.0419586
