                   1            0.393178            0.393178                   0
                   2             0.39453            0.393854         0.000477901
                   3            0.382898            0.390202          0.00299896
                   4             0.38062            0.387807           0.0030599
                   5            0.396608            0.389567          0.00291057
                   6              0.3836            0.388572          0.00258979
                   7            0.389812             0.38875          0.00222587
                   8              0.3754            0.387081          0.00249598
                   9            0.388872             0.38728          0.00222657
                  10             0.39132            0.387684          0.00204024
                  11            0.374283            0.386466          0.00218846
                  12            0.395255            0.387198          0.00212512
                  13            0.398662             0.38808           0.0021368
                  14            0.386304            0.387953          0.00198793
                  15            0.393973            0.388354          0.00189549
                  16            0.385165            0.388155          0.00178747
                  17            0.392919            0.388435          0.00170415
                  18            0.377558            0.387831          0.00171326
                  19            0.377811            0.387304          0.00170232
                  20            0.386386            0.387258          0.00161782
