                   1            0.443463            0.443463                   0
                   2            0.431685            0.437574          0.00416429
                   3            0.419221            0.431456          0.00571466
                   4            0.426148            0.430129          0.00443743
                   5            0.448783             0.43386          0.00487208
                   6            0.446973            0.436045          0.00452376
                   7            0.434252            0.435789          0.00388475
                   8            0.435925            0.435806           0.0033992
                   9            0.427472             0.43488          0.00314513
                  10            0.436381             0.43503          0.00283419
                  11            0.443527            0.435803          0.00267973
                  12            0.432562            0.435533          0.00246999
                  13            0.428144            0.434964          0.00234447
                  14             0.43616             0.43505          0.00217857
                  15            0.438517            0.435281          0.00204556
                  16            0.452764            0.436373          0.00219021
                  17            0.431294            0.436075          0.00208165
                  18            0.442871            0.436452          0.00199995
                  19            0.449457            0.437137          0.00200841
                  20            0.435417            0.437051          0.00190982
