                   1           -0.797736           -0.797736                   0
                   2           -0.804368           -0.801052          0.00234477
                   3           -0.803332           -0.801812          0.00168184
                   4           -0.804008           -0.802361          0.00134801
                   5           -0.799536           -0.801796          0.00119094
                   6           -0.799656           -0.801439           0.0010445
                   7           -0.799516           -0.801165          0.00093072
                   8           -0.800208           -0.801045         0.000822025
                   9           -0.800732            -0.80101         0.000731424
                  10           -0.799576           -0.800867         0.000672196
                  11           -0.802924           -0.801054         0.000636572
                  12            -0.79884           -0.800869         0.000609671
                  13           -0.796472           -0.800531         0.000649869
                  14           -0.801384           -0.800592         0.000606299
                  15           -0.799988           -0.800552         0.000567215
                  16           -0.801216           -0.800593         0.000533281
                  17           -0.802388           -0.800699         0.000512255
                  18            -0.79954           -0.800634         0.000487825
                  19             -0.7989           -0.800543         0.000470614
                  20            -0.80332           -0.800682         0.000467115
