                   1            0.018324            0.018324                   0
                   2            0.003786            0.011055          0.00513996
                   3            0.028954           0.0170213          0.00595594
                   4           -0.015728            0.008834          0.00838022
                   5            0.020806           0.0112284          0.00703793
                   6            -0.00028          0.00931033          0.00612073
                   7            0.014296           0.0100226          0.00528762
                   8            0.003374           0.0091915          0.00469152
                   9           -0.020202          0.00592556          0.00518384
                  10           -0.012874           0.0040456          0.00499472
                  11           -0.002974          0.00340745          0.00458124
                  12            0.016456          0.00449483           0.0043266
                  13            0.012086          0.00507877          0.00403299
                  14            0.008088          0.00529371          0.00375065
                  15            0.017658            0.006118          0.00359004
                  16           -0.013814          0.00487225          0.00357527
                  17           -0.033734          0.00260129          0.00402204
                  18              -6e-05          0.00245344          0.00380131
                  19           -0.031966         0.000641895          0.00400973
                  20            -0.00938           0.0001408          0.00384043
