                   1            0.035348            0.035348                   0
                   2            0.040122            0.037735          0.00168786
                   3            0.038074            0.037848          0.00112902
                   4               0.025            0.034636           0.0029077
                   5            0.040562           0.0358212          0.00255632
                   6            0.043882           0.0371647          0.00245807
                   7            0.037816           0.0372577          0.00210868
                   8            0.037474           0.0372847          0.00184527
                   9            0.033148           0.0368251          0.00169652
                  10            0.042682           0.0374108          0.00162482
                  11            0.042216           0.0378476          0.00153471
                  12            0.038002           0.0378605          0.00140687
                  13            0.037396           0.0378248          0.00129911
                  14            0.036744           0.0377476           0.0012086
                  15            0.031562           0.0373352          0.00119631
                  16            0.043192           0.0377012          0.00117621
                  17            0.044012           0.0380725          0.00116413
                  18            0.038164           0.0380776          0.00109947
                  19            0.041684           0.0382674          0.00105786
                  20            0.036688           0.0381884          0.00100791
