                   1             1.94711             1.94711                   0
                   2             1.93484             1.94097          0.00433609
                   3             1.95804             1.94666          0.00547128
                   4             1.91326             1.93831          0.00831453
                   5             1.89125              1.9289            0.010729
                   6             1.88903             1.92226           0.0108044
                   7             1.90676             1.92004            0.009485
                   8             1.93081             1.92139           0.0083944
                   9             1.86008             1.91458           0.0098448
                  10             1.86574             1.90969          0.00999844
                  11             1.90785             1.90953           0.0090909
                  12             1.91074             1.90963           0.0083339
                  13             1.98625             1.91552          0.00955255
                  14             1.91208             1.91528          0.00887338
                  15             1.83514             1.90993          0.00975839
                  16             1.94472             1.91211          0.00938751
                  17             1.98459             1.91637           0.0097556
                  18             1.90881             1.91595          0.00922266
                  19             1.93326             1.91686          0.00878213
                  20             1.89412             1.91573          0.00841632
