                   1            0.031502            0.031502                   0
                   2            0.073076            0.052289           0.0146986
                   3            -0.03285           0.0239093           0.0251587
                   4            -0.02141           0.0125795           0.0212677
                   5             0.01493           0.0130496           0.0170193
                   6            0.026162            0.015235           0.0143224
                   7            0.047636           0.0198637           0.0130028
                   8           -0.009862            0.016148           0.0118965
                   9           -0.037236           0.0102164           0.0119624
                  10            0.077356           0.0169304           0.0125091
                  11           -0.017968           0.0137578           0.0117674
                  12            0.010452           0.0134823             0.01079
                  13           -0.022694           0.0106995           0.0103126
                  14             0.01251           0.0108289           0.0095768
                  15            0.009126           0.0107153          0.00893902
                  16           -0.035334          0.00783725          0.00883151
                  17           -0.052448          0.00429106          0.00899585
                  18           -0.020486          0.00291456          0.00860075
                  19            0.010626          0.00332042          0.00815765
                  20             0.05781           0.0060449           0.0081921
