                   1            -0.84214            -0.84214                   0
                   2           -0.847528           -0.844834          0.00190495
                   3           -0.843588           -0.844419          0.00131446
                   4            -0.84458           -0.844459         0.000986465
                   5            -0.84524           -0.844615         0.000801443
                   6           -0.843916           -0.844499         0.000676288
                   7            -0.84184           -0.844119         0.000677991
                   8           -0.842528            -0.84392         0.000621721
                   9           -0.838924           -0.843365         0.000761132
                  10           -0.845468           -0.843575         0.000713483
                  11           -0.844368           -0.843647         0.000652251
                  12           -0.849052           -0.844098         0.000737178
                  13           -0.845564            -0.84421         0.000689047
                  14            -0.84648           -0.844373         0.000658623
                  15           -0.843468           -0.844312         0.000617469
                  16            -0.84318           -0.844241         0.000582919
                  17           -0.846712           -0.844387         0.000566454
                  18           -0.850768           -0.844741         0.000636321
                  19           -0.839396            -0.84446         0.000662108
                  20           -0.845276           -0.844501         0.000630258
