                   1             15.0927             15.0927                   0
                   2             16.3807             15.7367            0.455354
                   3             15.5232             15.6656            0.309079
                   4             14.2626             15.3148              0.3821
                   5               13.65             14.9818            0.426769
                   6             14.4204             14.8883            0.365757
                   7             14.1796              14.787            0.327218
                   8             14.5302             14.7549            0.287887
                   9             12.6007             14.5156            0.341189
                  10             15.7014             14.6341            0.327029
                  11             14.2488             14.5991             0.29917
                  12             15.1659             14.6463            0.277942
                  13             15.2844             14.6954             0.26086
                  14             16.0737             14.7939            0.260142
                  15             14.9481             14.8042            0.243002
                  16             13.1529              14.701            0.248766
                  17             16.2052             14.7894            0.249374
                  18             16.3227             14.8746            0.249644
                  19              13.444             14.7993            0.247599
                  20             15.3351             14.8261            0.236664
