                   1            0.001946            0.001946                   0
                   2             0.00658            0.004263          0.00163837
                   3            -0.01067        -0.000714667          0.00420846
                   4             0.01042            0.002069          0.00397166
                   5            0.028938           0.0074428          0.00576174
                   6            0.019106          0.00938667          0.00511886
                   7           -0.019062          0.00532257          0.00577999
                   8           -0.000358           0.0046125          0.00510092
                   9            0.004328          0.00458089          0.00453425
                  10           -0.009118            0.003211          0.00428277
                  11           -0.021468         0.000967455          0.00444237
                  12             0.02963            0.003356          0.00467036
                  13             0.00568          0.00353477          0.00431453
                  14             0.01269          0.00418871           0.0040556
                  15            0.006878            0.004368          0.00378919
                  16            0.009142          0.00466638          0.00356409
                  17           -0.005254          0.00408282          0.00340188
                  18           -0.004728          0.00359333          0.00324791
                  19           -0.016446          0.00253863           0.0032437
                  20           -0.028972           0.0009631          0.00344295
