                   1             5.76235             5.76235                   0
                   2             5.85046             5.80641           0.0311503
                   3              5.4537             5.68884           0.0982151
                   4             6.04763             5.77854            0.107053
                   5             5.93286              5.8094           0.0899819
                   6             5.90706             5.82568           0.0764428
                   7             5.93705             5.84159           0.0671579
                   8             5.77913             5.83378           0.0592152
                   9             5.58977             5.80667           0.0585143
                  10             5.73208             5.79921           0.0531362
                  11             5.57634             5.77895           0.0520249
                  12             5.43959             5.75067           0.0548396
                  13             5.74714              5.7504           0.0506219
                  14             5.73796             5.74951           0.0470138
                  15             5.85156             5.75631            0.044369
                  16             5.42347             5.73551           0.0462162
                  17             5.73081             5.73523           0.0434984
                  18             5.86005             5.74217           0.0416309
                  19             5.66971             5.73835           0.0396141
                  20             5.57766             5.73032           0.0384396
