                   1           -0.992506           -0.992506                   0
                   2            -0.99993           -0.996218          0.00262478
                   3            0.637954           -0.451494            0.444769
                   4            0.988382           -0.091525             0.45657
                   5            0.999894            0.126759            0.414162
                   6            0.999994            0.272298            0.369824
                   7            0.999866            0.376236            0.331276
                   8                   1            0.454207            0.298901
                   9            0.999648            0.514811            0.271765
                  10            0.999998             0.56333            0.248882
                  11            0.999996            0.603027              0.2294
                  12            0.999776            0.636089            0.212653
                  13            0.999984            0.664081            0.198128
                  14            0.735618            0.669191            0.184042
                  15           -0.998974             0.55798            0.202606
                  16           -0.996164            0.460846            0.211952
                  17           -0.025992            0.432208             0.20141
                  18            0.998578            0.463673            0.192663
                  19            -0.50442            0.412721             0.18914
                  20           -0.999978            0.342086            0.192421
