                   1           -0.998956           -0.998956                   0
                   2            -0.99994           -0.999448         0.000347897
                   3           -0.997996           -0.998964         0.000458217
                   4           -0.998684           -0.998894         0.000348968
                   5           -0.999924             -0.9991         0.000334496
                   6           -0.999992           -0.999249         0.000310029
                   7            -0.99994           -0.999347          0.00028103
                   8                  -1           -0.999429         0.000257467
                   9            -0.99988           -0.999479         0.000233685
                  10           -0.999996           -0.999531         0.000215958
                  11           -0.999992           -0.999573         0.000200354
                  12           -0.999884           -0.999599         0.000185329
                  13           -0.999984           -0.999628         0.000173427
                  14           -0.999624           -0.999628          0.00016104
                  15           -0.999772           -0.999638          0.00015059
                  16           -0.999464           -0.999627         0.000141568
                  17            -0.99886           -0.999582         0.000140242
                  18           -0.999744           -0.999591          0.00013274
                  19           -0.998956           -0.999557         0.000129889
                  20           -0.999976           -0.999578          0.00012507
