                   1            0.226372            0.226372                   0
                   2            0.222894            0.224633          0.00122968
                   3            0.227385             0.22555          0.00111053
                   4            0.225455            0.225526         0.000833154
                   5            0.224455            0.225312         0.000693527
                   6            0.220146            0.224451         0.000975562
                   7            0.224201            0.224415         0.000836851
                   8             0.22588            0.224598         0.000752009
                   9            0.229391            0.225131         0.000835976
                  10            0.225615            0.225179         0.000753779
                  11            0.224385            0.225107           0.0006887
                  12            0.224591            0.225064         0.000632648
                  13            0.221935            0.224824         0.000628096
                  14             0.22196            0.224619         0.000615638
                  15            0.226845            0.224767         0.000592215
                  16            0.226854            0.224898         0.000569386
                  17            0.224412            0.224869         0.000536611
                  18            0.226624            0.224967         0.000515575
                  19            0.227671            0.225109         0.000507701
                  20            0.227619            0.225235         0.000497583
