                   1            0.028944            0.028944                   0
                   2             0.02961            0.029277         0.000235467
                   3            0.033204            0.030586          0.00108026
                   4            0.034636           0.0315985          0.00119385
                   5            0.032838           0.0318464         0.000980482
                   6            0.035336            0.032428         0.000974414
                   7              0.0271           0.0316669          0.00109277
                   8            0.027798           0.0311833          0.00105779
                   9            0.036998           0.0318293          0.00112032
                  10             0.02709           0.0313554          0.00110399
                  11             0.03283           0.0314895          0.00101174
                  12            0.028706           0.0312575         0.000953645
                  13             0.02439           0.0307292          0.00101612
                  14            0.030806           0.0307347         0.000943558
                  15            0.030318           0.0307069         0.000881063
                  16            0.026428           0.0304395         0.000865633
                  17            0.029558           0.0303876         0.000816265
                  18            0.029376           0.0303314          0.00077285
                  19             0.03282           0.0304624         0.000743189
                  20            0.036228           0.0307507         0.000759886
