                   1             0.27339             0.27339                   0
                   2            0.271022            0.272206         0.000837167
                   3            0.269131            0.271181          0.00100598
                   4            0.267135             0.27017          0.00115605
                   5            0.263669            0.268869           0.0014858
                   6            0.263528            0.267979          0.00148101
                   7            0.268955            0.268119          0.00127597
                   8            0.269364            0.268274          0.00112593
                   9            0.275276            0.269052          0.00124082
                  10            0.269072            0.269054          0.00111674
                  11            0.270701            0.269204           0.0010252
                  12             0.26834            0.269132         0.000942291
                  13             0.27104            0.269279         0.000881162
                  14            0.264011            0.268902          0.00089495
                  15            0.275138            0.269318         0.000926817
                  16            0.272367            0.269509          0.00088827
                  17            0.267083            0.269366         0.000847405
                  18             0.26901            0.269346         0.000800558
                  19             0.27025            0.269394         0.000759835
                  20            0.278554            0.269852         0.000848722
