                   1           -0.008788           -0.008788                   0
                   2             0.00585           -0.001469          0.00517531
                   3            -0.00097         -0.00130267          0.00345288
                   4             0.00277          -0.0002845          0.00273566
                   5            0.002186           0.0002096           0.0022327
                   6            -0.00048         9.46667e-05          0.00186354
                   7           -0.002512        -0.000277714           0.0016341
                   8           -0.002868          -0.0006015          0.00146157
                   9           -0.006918         -0.00130333          0.00145797
                  10            0.009538          -0.0002192          0.00166722
                  11             0.00152        -6.10909e-05          0.00152313
                  12             0.00023        -3.68333e-05           0.0013964
                  13            0.007472         0.000540769          0.00140337
                  14           -0.011376        -0.000310429          0.00153978
                  15           -0.005444        -0.000652667          0.00147467
                  16            0.001664        -0.000507875          0.00138959
                  17           -0.016366         -0.00144071          0.00159043
                  18           -0.002444         -0.00149644          0.00150305
                  19            0.007372         -0.00102968          0.00149466
                  20             0.00546          -0.0007052          0.00145472
