                   1             2.98402             2.98402                   0
                   2             2.97979              2.9819          0.00149459
                   3              3.0693             3.01104           0.0238066
                   4             3.07646             3.02739            0.022791
                   5             3.03376             3.02866           0.0182683
                   6               2.939             3.01372           0.0204412
                   7             2.97007             3.00749           0.0184476
                   8             3.01723              3.0087           0.0161818
                   9             3.02972             3.01104           0.0145514
                  10             3.01732             3.01167           0.0131098
                  11             3.07574             3.01749           0.0131483
                  12             2.89885             3.00761           0.0153254
                  13             3.14555             3.01822           0.0174372
                  14             2.86732             3.00744           0.0192367
                  15             3.01747             3.00811           0.0179659
                  16             3.08576             3.01296           0.0174862
                  17             3.13884             3.02036           0.0179571
                  18             2.86573             3.01177           0.0189032
                  19             3.03873             3.01319           0.0179614
                  20             2.90954             3.00801           0.0177953
