                   1            -0.98438            -0.98438                   0
                   2           -0.988445           -0.986412          0.00143711
                   3           -0.988898           -0.987241          0.00117293
                   4           -0.980028           -0.985438          0.00179234
                   5           -0.993041           -0.986958          0.00197638
                   6           -0.991914           -0.987784          0.00181135
                   7           -0.987111           -0.987688          0.00155514
                   8             -0.9805            -0.98679          0.00159938
                   9           -0.989738           -0.987117          0.00145485
                  10           -0.983657           -0.986771          0.00134988
                  11           -0.989956           -0.987061          0.00125783
                  12           -0.983249           -0.986743          0.00119243
                  13           -0.989239           -0.986935          0.00111605
                  14           -0.985254           -0.986815          0.00104277
                  15           -0.991442           -0.987124          0.00101785
                  16           -0.975846           -0.986419          0.00117318
                  17           -0.991896           -0.986741          0.00114757
                  18           -0.990234           -0.986935           0.0011001
                  19           -0.976745           -0.986399          0.00116562
                  20           -0.985763           -0.986367          0.00110777
