                   1            0.424965            0.424965                   0
                   2                   0            0.212483            0.150248
                   3                   0            0.141655            0.115661
                   4                   0            0.106241           0.0920077
                   5                   0           0.0849931           0.0760201
                   6                   0           0.0708275           0.0646564
                   7                   0           0.0607093           0.0562059
                   8                   0           0.0531207           0.0496898
                   9                   0           0.0472184           0.0445179
                  10                   0           0.0424965           0.0403157
                  11                   0           0.0386332           0.0368353
                  12                   0           0.0354138           0.0339061
                  13                   0           0.0326896           0.0314072
                  14                   0           0.0303547           0.0292505
                  15                   0            0.028331           0.0273704
                  16                   0           0.0265603           0.0257169
                  17                   0            0.024998           0.0242516
                  18                   0           0.0236092            0.022944
                  19                   0           0.0223666             0.02177
                  20                   0           0.0212483           0.0207102
