                   1             1.68443             1.68443                   0
                   2             1.62635             1.65539            0.020535
                   3             1.66778             1.65952            0.014099
                   4             1.63949             1.65451           0.0114285
                   5             1.65973             1.65556          0.00919027
                   6             1.66482              1.6571          0.00778707
                   7              1.6989             1.66307          0.00866675
                   8             1.69773              1.6674          0.00859829
                   9             1.65618             1.66616          0.00773276
                  10             1.68367             1.66791            0.007155
                  11             1.68512             1.66947          0.00667356
                  12             1.65749             1.66847          0.00619163
                  13             1.67556             1.66902          0.00573928
                  14             1.66704             1.66888          0.00533108
                  15             1.67684             1.66941          0.00500202
                  16              1.7304             1.67322           0.0059678
                  17             1.74787             1.67761           0.0070496
                  18             1.67626             1.67754          0.00665836
                  19             1.65677             1.67644          0.00639696
                  20             1.70646             1.67794          0.00625069
