                   1            0.226339            0.226339                   0
                   2            0.220362            0.223351          0.00211326
                   3            0.225572            0.224091          0.00153308
                   4            0.226552            0.224706           0.0012672
                   5            0.228493            0.225464          0.00121925
                   6            0.228118            0.225906          0.00109336
                   7            0.227974            0.226202         0.000976267
                   8            0.228816            0.226528         0.000907285
                   9            0.233713            0.227327          0.00110312
                  10            0.229033            0.227497          0.00100592
                  11             0.22539            0.227306         0.000932525
                  12             0.22979            0.227513         0.000877485
                  13            0.236032            0.228168           0.0010259
                  14            0.224185            0.227883         0.000991286
                  15            0.233164            0.228236         0.000985731
                  16            0.228674            0.228263         0.000924503
                  17            0.229167            0.228316         0.000871649
                  18            0.226218              0.2282         0.000830983
                  19            0.226481            0.228109         0.000792156
                  20             0.22593               0.228         0.000760005
