                   1            0.055614            0.055614                   0
                   2             0.05735            0.056482         0.000613769
                   3            0.048958            0.053974          0.00208825
                   4             0.06099            0.055728          0.00218182
                   5            0.041426           0.0528676          0.00309712
                   6            0.050172           0.0524183          0.00261331
                   7            0.052842           0.0524789          0.00224068
                   8             0.04541           0.0515953           0.0021277
                   9            0.057898           0.0522956          0.00200322
                  10            0.059166           0.0529826           0.0019171
                  11            0.051728           0.0528685          0.00174621
                  12             0.06242           0.0536645          0.00177284
                  13            0.049138           0.0533163          0.00167031
                  14            0.039382            0.052321          0.00182359
                  15            0.049934           0.0521619          0.00170895
                  16            0.047266           0.0518559           0.0016293
                  17            0.050618           0.0517831          0.00153509
                  18             0.03878           0.0510607          0.00161084
                  19            0.048516           0.0509267          0.00153161
                  20            0.061366           0.0514487          0.00154141
