                   1            0.173475            0.173475                   0
                   2           0.0178931           0.0956841           0.0550066
                   3          0.00554306           0.0656371           0.0441208
                   4          0.00861173           0.0513808           0.0353189
                   5          0.00308256           0.0417211           0.0295465
                   6            0.021901           0.0384178           0.0248061
                   7           0.0099595           0.0343523           0.0215929
                   8          0.00689422             0.03092           0.0191647
                   9            0.249735           0.0552328           0.0285592
                  10           0.0638412           0.0560936           0.0257163
                  11             0.10858           0.0608651            0.023817
                  12          0.00480543           0.0561935           0.0222857
                  13          0.00787595           0.0524767            0.020879
                  14           0.0564258           0.0527588           0.0193896
                  15          0.00529723           0.0495947           0.0183533
                  16          0.00578883           0.0468568           0.0174092
                  17          0.00664867           0.0444916            0.016545
                  18           0.0805871           0.0464969           0.0157469
                  19          0.00271306           0.0441925           0.0150858
                  20         0.000987259           0.0420323           0.0144854
