                   1            0.302386            0.302386                   0
                   2            0.290804            0.296595          0.00409472
                   3            0.296002            0.296397          0.00273459
                   4            0.296245            0.296359          0.00205121
                   5            0.294587            0.296005          0.00167131
                   6            0.303296             0.29722          0.00178057
                   7            0.295924            0.297035          0.00153579
                   8            0.302056            0.297663          0.00146648
                   9            0.307516            0.298757          0.00166275
                  10            0.301046            0.298986          0.00151214
                  11            0.295247            0.298646          0.00141235
                  12             0.30375            0.299072          0.00135718
                  13            0.298034            0.298992          0.00125513
                  14            0.296648            0.298824          0.00117659
                  15            0.301843            0.299026          0.00111523
                  16            0.300552            0.299121           0.0010496
                  17            0.302184            0.299301           0.0010032
                  18            0.293873               0.299         0.000991755
                  19            0.299457            0.299024         0.000939849
                  20            0.302951             0.29922         0.000913136
