                   1             29.5964             29.5964                   0
                   2             31.9486             30.7725            0.831609
                   3             28.5389              30.028            0.822747
                   4              26.895             29.2447            0.916982
                   5             30.0849             29.4128            0.748823
                   6             29.0887             29.3587            0.625963
                   7             31.1457              29.614            0.586287
                   8             32.3529             29.9564            0.604756
                   9             29.8959             29.9497            0.537599
                  10             30.5022             30.0049             0.48667
                  11             29.8437             29.9903            0.442648
                  12             30.6315             30.0437            0.408973
                  13             31.9741             30.1922            0.403571
                  14             31.1295             30.2591            0.380257
                  15              31.312             30.3293            0.361327
                  16             25.9922             30.0583            0.428527
                  17             34.0234             30.2915            0.462461
                  18             32.8844             30.4356            0.458656
                  19             28.3859             30.3277            0.447023
                  20             33.0086             30.4617            0.444315
