                   1            0.540362            0.540362                   0
                   2            0.498266            0.519314           0.0148831
                   3            0.536629            0.525086           0.0109843
                   4            0.503717            0.519744          0.00944846
                   5            0.476423            0.511079           0.0108254
                   6            0.488013            0.507235          0.00967979
                   7            0.497282            0.505813          0.00840074
                   8            0.533386             0.50926          0.00802661
                   9            0.521001            0.510564          0.00724001
                  10            0.553945            0.514902          0.00770682
                  11            0.532018            0.516458          0.00716156
                  12            0.542334            0.518615          0.00688175
                  13            0.525467            0.519142          0.00637253
                  14            0.528923             0.51984          0.00595553
                  15            0.542534            0.521353          0.00574745
                  16            0.493512            0.519613           0.0056455
                  17            0.546892            0.521218          0.00553676
                  18            0.516001            0.520928          0.00523675
                  19            0.495663            0.519598          0.00512717
                  20            0.515216            0.519379          0.00487549
