                   1           -0.497207           -0.497207                   0
                   2           -0.501437           -0.499322          0.00149552
                   3           -0.500434           -0.499693          0.00104191
                   4           -0.499595           -0.499668         0.000781716
                   5           -0.497963           -0.499327         0.000695799
                   6           -0.499743           -0.499397         0.000583275
                   7           -0.500781           -0.499594         0.000532412
                   8           -0.499659           -0.499603         0.000465921
                   9           -0.501275           -0.499788         0.000449678
                  10           -0.498694           -0.499679         0.000417818
                  11           -0.498102           -0.499536         0.000403671
                  12           -0.496732           -0.499302         0.000432382
                  13           -0.499201           -0.499294         0.000399192
                  14           -0.500612           -0.499388         0.000381616
                  15           -0.500314            -0.49945         0.000361127
                  16           -0.499777            -0.49947         0.000339135
                  17           -0.497946           -0.499381         0.000330824
                  18           -0.500601           -0.499449         0.000319313
                  19           -0.499227           -0.499437         0.000302719
                  20           -0.499559           -0.499443         0.000287645
