                   1            0.032366            0.032366                   0
                   2            0.038064            0.035215          0.00201455
                   3            0.035698            0.035376          0.00134945
                   4            0.037566           0.0359235          0.00111765
                   5            0.026164           0.0339716          0.00196147
                   6            0.035766           0.0342707           0.0016572
                   7            0.036044            0.034524          0.00143969
                   8            0.032932            0.034325          0.00127341
                   9            0.035738            0.034482          0.00114156
                  10             0.03469           0.0345028          0.00102759
                  11             0.03911           0.0349216          0.00101595
                  12            0.041204           0.0354452          0.00105761
                  13            0.038434           0.0356751          0.00100093
                  14               0.024           0.0348411          0.00122867
                  15             0.03488           0.0348437          0.00114676
                  16            0.036062           0.0349199          0.00107761
                  17            0.039514           0.0351901          0.00104756
                  18            0.027838           0.0347817          0.00106602
                  19            0.034364           0.0347597          0.00101014
                  20            0.037762           0.0349098         0.000970726
