                   1            0.135067            0.135067                   0
                   2        -7.70988e-13           0.0675334           0.0477533
                   3        -7.70988e-13           0.0450223           0.0367605
                   4        -7.70988e-13           0.0337667           0.0292428
                   5        -7.70988e-13           0.0270134           0.0241615
                   6        -7.70988e-13           0.0225111           0.0205498
                   7        -7.70988e-13           0.0192953           0.0178639
                   8        -7.70988e-13           0.0168833           0.0157929
                   9        -7.70988e-13           0.0150074           0.0141491
                  10        -7.70988e-13           0.0135067           0.0128136
                  11        -7.70988e-13           0.0122788           0.0117074
                  12        -7.70988e-13           0.0112556           0.0107764
                  13        -7.70988e-13           0.0103898          0.00998215
                  14        -7.70988e-13          0.00964763          0.00929669
                  15        -7.70988e-13          0.00900445          0.00869913
                  16        -7.70988e-13          0.00844167          0.00817362
                  17        -7.70988e-13          0.00794511          0.00770788
                  18        -7.70988e-13          0.00750371           0.0072923
                  19        -7.70988e-13          0.00710878          0.00691918
                  20        -7.70988e-13          0.00675334          0.00658234
