                   1            0.030954            0.030954                   0
                   2            0.033878            0.032416          0.00103379
                   3            0.025878           0.0302367          0.00190822
                   4            0.021896           0.0281515          0.00230417
                   5            0.035328           0.0295868          0.00224632
                   6            0.025764           0.0289497          0.00196021
                   7            0.023422             0.02816          0.00183234
                   8            0.029962           0.0283853          0.00161709
                   9              0.0293           0.0284869           0.0014406
                  10            0.028482           0.0284864          0.00129654
                  11            0.025492           0.0282142          0.00120691
                  12            0.029874           0.0283525          0.00111423
                  13            0.025706           0.0281489          0.00104696
                  14            0.023794           0.0278379          0.00101734
                  15            0.024476           0.0276137         0.000973888
                  16            0.030688           0.0278059         0.000931782
                  17            0.029188           0.0278872         0.000880511
                  18            0.024422           0.0276947         0.000852378
                  19            0.024768           0.0275406         0.000821317
                  20            0.025386           0.0274329         0.000787285
