                   1             1.37416             1.37416                   0
                   2             1.37065             1.37241          0.00124366
                   3             1.40805             1.38429          0.00973758
                   4             1.34057             1.37336           0.0119545
                   5             1.38824             1.37634          0.00992698
                   6             1.40247             1.38069          0.00917835
                   7              1.3824             1.38093           0.0078704
                   8             1.40759             1.38427          0.00755893
                   9             1.40814             1.38692          0.00716942
                  10              1.3406             1.38229          0.00780659
                  11              1.3587             1.38014          0.00738549
                  12             1.39449             1.38134          0.00686613
                  13             1.39197             1.38216          0.00638644
                  14             1.39039             1.38274          0.00595726
                  15             1.41968             1.38521           0.0060476
                  16             1.38255             1.38504           0.0056719
                  17              1.3799             1.38474          0.00534633
                  18             1.36663             1.38373          0.00514312
                  19             1.39945             1.38456          0.00493851
                  20             1.37835             1.38425          0.00470133
