                   1            0.284261            0.284261                   0
                   2            0.276277            0.280269          0.00282276
                   3            0.280564            0.280367          0.00188355
                   4            0.272549            0.278413          0.00220469
                   5            0.274385            0.277607          0.00190524
                   6            0.274655            0.277115             0.00165
                   7            0.275107            0.276828          0.00143902
                   8            0.279765            0.277195          0.00130512
                   9            0.283497            0.277896          0.00133475
                  10              0.2812            0.278226          0.00124149
                  11            0.278323            0.278235          0.00112866
                  12            0.277995            0.278215          0.00103478
                  13            0.279284            0.278297         0.000958446
                  14            0.279983            0.278418          0.00089752
                  15            0.278533            0.278425         0.000837718
                  16            0.285498            0.278867         0.000894432
                  17            0.277977            0.278815         0.000843351
                  18            0.277282             0.27873         0.000800789
                  19            0.275914            0.278582         0.000772231
                  20            0.283557             0.27883         0.000772651
