                   1             2.28887             2.28887                   0
                   2             2.31577             2.30232          0.00951036
                   3             2.37251             2.32572           0.0201269
                   4             2.42505             2.35055           0.0262747
                   5             2.28563             2.33757           0.0240146
                   6              2.3272             2.33584           0.0200743
                   7             2.27889              2.3277           0.0187831
                   8             2.31025             2.32552           0.0165614
                   9             2.26683               2.319           0.0159535
                  10             2.34917             2.32202           0.0146406
                  11             2.44582             2.33327           0.0170969
                  12             2.30743             2.33112           0.0158072
                  13             2.45974             2.34101           0.0174146
                  14             2.32482             2.33986           0.0162091
                  15             2.33415             2.33948            0.015133
                  16             2.43602             2.34551            0.015343
                  17             2.35223              2.3459           0.0144455
                  18             2.34533             2.34587           0.0136431
                  19              2.3894             2.34816           0.0131159
                  20             2.39888              2.3507            0.012703
