                   1            0.071138            0.071138                   0
                   2            0.003212            0.037175           0.0240155
                   3            -0.05247          0.00729333           0.0291823
                   4            0.050252            0.018033            0.023781
                   5            0.104512           0.0353288           0.0245205
                   6            0.025356           0.0336667             0.02049
                   7           -0.051946           0.0214363           0.0208966
                   8            0.042864           0.0241148           0.0184554
                   9           -0.003294           0.0210693           0.0166542
                  10            0.037578           0.0227202           0.0150704
                  11           -0.093204           0.0121816           0.0169901
                  12           -0.063104          0.00590783           0.0166925
                  13             0.03246          0.00795031           0.0155329
                  14            0.046042           0.0106711           0.0146598
                  15           -0.017332          0.00880427           0.0138008
                  16            -0.00558          0.00790525           0.0129675
                  17           -0.052484          0.00435294           0.0126819
                  18            0.083024          0.00872356           0.0127082
                  19            0.197724           0.0186709           0.0154496
                  20            0.013858           0.0184303            0.014679
