                   1           -0.885828           -0.885828                   0
                   2           -0.889628           -0.887728           0.0013435
                   3            -0.88608           -0.887179           0.0010017
                   4           -0.891128           -0.888166          0.00113821
                   5            -0.89096           -0.888725          0.00103872
                   6           -0.886104           -0.888288         0.000953029
                   7           -0.888332           -0.888294         0.000816903
                   8           -0.887276           -0.888167         0.000724638
                   9           -0.883884           -0.887691         0.000784985
                  10            -0.88748            -0.88767          0.00070677
                  11           -0.888096           -0.887709         0.000643579
                  12             -0.8896           -0.887866         0.000608939
                  13            -0.88728           -0.887821         0.000563766
                  14           -0.886496           -0.887727         0.000531384
                  15           -0.887272           -0.887696         0.000496822
                  16            -0.88608           -0.887595          0.00047593
                  17           -0.889592           -0.887713           0.0004622
                  18           -0.887428           -0.887697         0.000436793
                  19             -0.8871           -0.887665         0.000414932
                  20           -0.885496           -0.887557         0.000408118
