                   1            0.461936            0.461936                   0
                   2            0.410722            0.436329           0.0181066
                   3              0.4106            0.427753           0.0139551
                   4            0.427948            0.427801           0.0104664
                   5             0.42292            0.426825          0.00841855
                   6            0.434694            0.428137          0.00711687
                   7            0.425409            0.427747          0.00611082
                   8            0.433519            0.428468           0.0053894
                   9            0.413532            0.426809          0.00503962
                  10            0.435061            0.427634          0.00460273
                  11            0.464072            0.430947          0.00524249
                  12            0.450196            0.432551          0.00504507
                  13            0.442337            0.433304          0.00471282
                  14            0.451026             0.43457          0.00454302
                  15            0.433081             0.43447          0.00424123
                  16            0.431993            0.434315          0.00397898
                  17            0.427549            0.433917          0.00376477
                  18             0.43571            0.434017          0.00355694
                  19            0.424375             0.43351          0.00340574
                  20            0.442376            0.433953          0.00326418
