                   1            0.043736            0.043736                   0
                   2            0.046046            0.044891         0.000816708
                   3             0.04539           0.0450573         0.000561155
                   4            0.043856            0.044757         0.000494751
                   5            0.043508           0.0445072         0.000454509
                   6            0.043168            0.044284         0.000430084
                   7            0.036122            0.043118          0.00114072
                   8            0.036148           0.0422467          0.00128858
                   9             0.04661           0.0427316          0.00123324
                  10            0.045566            0.043015          0.00114202
                  11             0.03274           0.0420809          0.00136787
                  12             0.04161           0.0420417          0.00125445
                  13            0.048846           0.0425651          0.00126243
                  14            0.049362           0.0430506          0.00126216
                  15            0.034012            0.042448          0.00131401
                  16            0.050304            0.042939          0.00132043
                  17            0.045914            0.043114           0.0012543
                  18              0.0417           0.0430354          0.00118708
                  19            0.046472           0.0432163           0.0011383
                  20            0.040856           0.0430983          0.00108748
