                   1            0.329867            0.329867                   0
                   2            0.327804            0.328836         0.000729305
                   3            0.329006            0.328892         0.000488406
                   4            0.324015            0.327673          0.00111779
                   5            0.319225            0.325983          0.00175604
                   6            0.323408            0.325554          0.00151492
                   7            0.328047             0.32591           0.0013397
                   8            0.326408            0.325972          0.00117368
                   9            0.332015            0.326644          0.00122029
                  10            0.317328            0.325712           0.0014097
                  11             0.33012            0.326113          0.00133729
                  12            0.331004             0.32652          0.00128645
                  13            0.333887            0.327087          0.00130635
                  14            0.326379            0.327037          0.00121402
                  15            0.326904            0.327028          0.00113312
                  16             0.32962             0.32719          0.00107382
                  17            0.324556            0.327035          0.00102177
                  18            0.324689            0.326905         0.000973279
                  19            0.328119            0.326968         0.000924149
                  20            0.321022            0.326671         0.000924538
