                   1            0.369298            0.369298                   0
                   2            0.324076            0.346687           0.0159885
                   3            0.305091            0.332821           0.0155492
                   4            0.338071            0.334134           0.0117171
                   5            0.271904            0.321688           0.0145529
                   6            0.233076            0.306919           0.0181339
                   7            0.262367            0.300554           0.0166228
                   8             0.23879            0.292834           0.0162392
                   9            0.303543            0.294024           0.0144783
                  10            0.293061            0.293928           0.0130308
                  11             0.28415            0.293039           0.0118765
                  12            0.332176              0.2963           0.0113258
                  13            0.327396            0.298692           0.0107042
                  14            0.207143            0.292153           0.0117687
                  15            0.266357            0.290433            0.011109
                  16            0.242224             0.28742           0.0108156
                  17            0.287073              0.2874           0.0101794
                  18            0.293884             0.28776          0.00962028
                  19            0.309244            0.288891          0.00918017
                  20            0.251395            0.287016          0.00891054
