                   1              81.162              81.162                   0
                   2             82.8898             82.0259            0.610884
                   3             85.4693             83.1737             1.02183
                   4             81.6412             82.7906            0.835109
                   5             86.9063             83.6137            0.994187
                   6             91.3573             84.9043             1.44028
                   7             90.3745             85.6858              1.4309
                   8             89.7423             86.1928             1.33887
                   9             87.4237             86.3296             1.19708
                  10             83.4628             86.0429             1.11117
                  11             88.4359             86.2605             1.03123
                  12             84.5068             86.1143             0.95559
                  13             82.1232             85.8073            0.930094
                  14             93.5752             86.3622             1.01576
                  15             88.6088             86.5119            0.959026
                  16             88.1378             86.6136            0.904454
                  17             88.1998             86.7069             0.85605
                  18              87.117             86.7296            0.808795
                  19             86.5677             86.7211            0.766272
                  20             89.2315             86.8466            0.738167
