                   1            -0.97334            -0.97334                   0
                   2           -0.975812           -0.974576         0.000873984
                   3           -0.979072           -0.976075          0.00135529
                   4             -0.9749           -0.975781           0.0010478
                   5           -0.980588           -0.976742          0.00120087
                   6           -0.984316           -0.978005          0.00152618
                   7            -0.98288           -0.978701          0.00145844
                   8           -0.983916           -0.979353          0.00141433
                   9           -0.979108           -0.979326          0.00125744
                  10           -0.977708           -0.979164          0.00114206
                  11            -0.98172           -0.979396          0.00106161
                  12            -0.97646           -0.979152          0.00100094
                  13           -0.975692           -0.978886         0.000958675
                  14           -0.986756           -0.979448          0.00104207
                  15            -0.98226           -0.979635         0.000989325
                  16           -0.982992           -0.979845         0.000949477
                  17           -0.981152           -0.979922         0.000896733
                  18           -0.979856           -0.979918         0.000846922
                  19            -0.97904           -0.979872         0.000803607
                  20           -0.982852           -0.980021         0.000777118
