                   1           -0.466848           -0.466848                   0
                   2           -0.470324           -0.468586          0.00122895
                   3           -0.468184           -0.468452         0.000826574
                   4           -0.469144           -0.468625         0.000637778
                   5           -0.466536           -0.468207         0.000632434
                   6           -0.468116           -0.468192         0.000527211
                   7           -0.469076           -0.468318         0.000466775
                   8           -0.469524           -0.468469         0.000432075
                   9           -0.470252           -0.468667         0.000427077
                  10           -0.468388           -0.468639          0.00038528
                  11           -0.467336           -0.468521         0.000368019
                  12            -0.46524           -0.468247         0.000426991
                  13           -0.468404           -0.468259         0.000394315
                  14            -0.46994           -0.468379         0.000383988
                  15           -0.469348           -0.468444         0.000363778
                  16           -0.468252           -0.468432         0.000341239
                  17           -0.467436           -0.468373         0.000326157
                  18           -0.469052           -0.468411         0.000310209
                  19           -0.468348           -0.468408           0.0002939
                  20           -0.469156           -0.468445         0.000281576
