                   1            0.000752            0.000752                   0
                   2            0.005882            0.003317          0.00181373
                   3            0.002042            0.002892          0.00125796
                   4            0.003124             0.00295         0.000944807
                   5           -0.009044           0.0005512           0.0022748
                   6            0.003616            0.001062          0.00195217
                   7            0.004526          0.00155686          0.00173488
                   8           -0.001082            0.001227          0.00154906
                   9             7.8e-05          0.00109933          0.00138219
                  10            0.002304           0.0012198          0.00124921
                  11            0.006646          0.00171309          0.00122919
                  12            0.008518          0.00228017          0.00125074
                  13             0.00453          0.00245323          0.00116644
                  14           -0.004932          0.00192571          0.00119648
                  15            0.000356          0.00182107          0.00112128
                  16            0.003522          0.00192737          0.00105623
                  17            0.007216          0.00223847           0.0010389
                  18           -0.005152          0.00182789          0.00105921
                  19            0.001264          0.00179821          0.00100388
                  20            0.004572           0.0019369          0.00096322
