                   1            0.199011            0.199011                   0
                   2            0.197667            0.198339         0.000475227
                   3            0.200901            0.199193         0.000765712
                   4            0.199969            0.199387         0.000598346
                   5            0.199976            0.199505         0.000490146
                   6            0.202092            0.199936         0.000567239
                   7            0.204592            0.200601         0.000784607
                   8            0.201079            0.200661         0.000688804
                   9            0.204097            0.201043         0.000710248
                  10            0.199115             0.20085         0.000664866
                  11            0.200254            0.200796         0.000606628
                  12            0.202506            0.200938          0.00057258
                  13             0.20838            0.201511         0.000762756
                  14            0.199219            0.201347         0.000725631
                  15            0.204692             0.20157         0.000710703
                  16            0.200962            0.201532         0.000667298
                  17            0.198307            0.201342          0.00065445
                  18            0.201493            0.201351         0.000618146
                  19            0.199656            0.201262         0.000592015
                  20            0.198826             0.20114         0.000574802
