                   1           -0.259014           -0.259014                   0
                   2           -0.043052           -0.151033           0.0763541
                   3            0.283106            -0.00632            0.128656
                   4           -0.202392           -0.055338            0.105417
                   5           -0.156758           -0.075622           0.0862631
                   6            0.240456          -0.0229423           0.0864882
                   7            -0.28808          -0.0608191           0.0820083
                   8           -0.370662          -0.0995495           0.0803843
                   9           -0.551992           -0.149821           0.0857432
                  10            0.177238           -0.117115            0.083173
                  11           -0.075036            -0.11329           0.0756998
                  12           -0.028884           -0.106256           0.0697175
                  13            0.352328          -0.0709802           0.0727335
                  14            -0.48651           -0.100661           0.0733446
                  15            -0.44807           -0.123821            0.072019
                  16           -0.206464           -0.128987           0.0677028
                  17            -0.50013           -0.150819           0.0671481
                  18            0.095756            -0.13712           0.0647999
                  19            0.124346           -0.123359           0.0628336
                  20            0.130946           -0.110643           0.0609649
