                   1           -0.667587           -0.667587                   0
                   2           -0.668343           -0.667965         0.000267286
                   3           -0.668826           -0.668252          0.00029438
                   4           -0.666928           -0.667921         0.000361774
                   5           -0.667282           -0.667793         0.000311129
                   6            -0.66671           -0.667613         0.000307176
                   7           -0.668163           -0.667691         0.000273183
                   8           -0.666728           -0.667571         0.000264228
                   9           -0.667775           -0.667594         0.000235838
                  10           -0.666625           -0.667497          0.00023129
                  11           -0.664636           -0.667237         0.000325099
                  12           -0.667778           -0.667282         0.000301116
                  13           -0.664331           -0.667055         0.000353275
                  14           -0.667565           -0.667091         0.000329913
                  15           -0.666851           -0.667075         0.000308308
                  16           -0.668098           -0.667139         0.000295591
                  17            -0.66743           -0.667156         0.000278697
                  18            -0.66725           -0.667161         0.000263262
                  19           -0.666307           -0.667116         0.000253222
                  20           -0.669317           -0.667226         0.000263377
