                   1            0.961754            0.961754                   0
                   2            0.926544            0.944149           0.0124486
                   3             0.92584            0.938046          0.00968017
                   4            0.957826            0.942991          0.00842907
                   5            0.906018            0.935596           0.0094454
                   6             0.96999            0.941329          0.00945186
                   7            0.874272            0.931749           0.0120122
                   8             0.96302            0.935658           0.0111285
                   9            0.951186            0.937383           0.0100249
                  10            0.950848             0.93873          0.00911236
                  11              0.9447            0.939273          0.00830011
                  12            0.743954            0.922996           0.0173418
                  13            0.969872            0.926602           0.0163784
                  14            0.973838            0.929976           0.0155521
                  15            0.969468            0.932609           0.0147365
                  16            0.961314            0.934403           0.0139243
                  17            0.963304            0.936103           0.0132086
                  18            0.975914            0.938315           0.0126586
                  19            0.921442            0.937427           0.0120234
                  20            0.948226            0.937966           0.0114344
