                   1            -1.01139            -1.01139                   0
                   2            -1.01001             -1.0107         0.000485146
                   3            -1.00684            -1.00941          0.00109927
                   4             -1.0103            -1.00964         0.000846681
                   5             -1.0074            -1.00919         0.000787035
                   6             -1.0125            -1.00974         0.000827003
                   7            -1.00817            -1.00952         0.000738838
                   8            -1.01161            -1.00978         0.000691414
                   9            -1.00906             -1.0097         0.000619124
                  10            -1.01023            -1.00975         0.000559515
                  11            -1.00862            -1.00965         0.000517991
                  12            -1.00236            -1.00904         0.000751088
                  13            -1.01179            -1.00925         0.000722532
                  14            -1.01224            -1.00947         0.000701814
                  15            -1.01192            -1.00963         0.000673776
                  16            -1.01027            -1.00967         0.000632852
                  17            -1.01061            -1.00973         0.000598016
                  18            -1.01224            -1.00986         0.000580863
                  19            -1.00456            -1.00959         0.000613805
                  20            -1.00884            -1.00955         0.000584255
