                   1             9.00118             9.00118                   0
                   2             8.30982              8.6555            0.244433
                   3             7.88041             8.39714            0.266563
                   4             7.49516             8.17164            0.279472
                   5             7.74867             8.08705            0.236033
                   6             7.96428             8.06659            0.197579
                   7             8.61993             8.14564             0.18449
                   8             7.34147             8.04511            0.186818
                   9             7.72437             8.00948            0.169425
                  10             8.11388             8.01992            0.152804
                  11             7.46155             7.96916            0.147102
                  12             8.23432             7.99125            0.136493
                  13              7.8372              7.9794            0.126507
                  14             8.07014             7.98588            0.117637
                  15             8.07663             7.99193             0.10995
                  16             8.50147             8.02378            0.107591
                  17             8.34911             8.04292             0.10295
                  18             8.85227             8.08788            0.106599
                  19             8.02981             8.08482            0.101032
                  20             8.98696             8.12993             0.10557
