                   1             0.43792             0.43792                   0
                   2            0.428424            0.433172          0.00335753
                   3            0.426593            0.430979          0.00286642
                   4            0.418411            0.427837          0.00346787
                   5            0.417056            0.425681          0.00337877
                   6            0.434994            0.427233          0.00315205
                   7            0.440635            0.429148           0.0032313
                   8             0.42793            0.428995          0.00283097
                   9            0.409683             0.42685          0.00322882
                  10            0.440195            0.428184          0.00316977
                  11            0.417602            0.427222          0.00302407
                  12            0.442758            0.428517          0.00303659
                  13            0.416235            0.427572           0.0029463
                  14            0.437516            0.428282          0.00282017
                  15            0.410544              0.4271          0.00286941
                  16            0.418292            0.426549          0.00274236
                  17            0.428582            0.426669          0.00258365
                  18            0.443074             0.42758          0.00259589
                  19            0.407351            0.426516          0.00266868
                  20             0.43993            0.427186          0.00261818
