                   1            0.019372            0.019372                   0
                   2            0.031498            0.025435          0.00428719
                   3           -0.017494           0.0111253           0.0120283
                   4            0.019732            0.013277          0.00921166
                   5            0.013534           0.0133284          0.00736947
                   6           -0.013458            0.008864          0.00737046
                   7            0.018706             0.01027          0.00645025
                   8           -0.012748          0.00739275          0.00625285
                   9            0.022172          0.00903489          0.00576969
                  10            0.022294           0.0103608           0.0053429
                  11           -0.001206          0.00930927          0.00495958
                  12            0.013696          0.00967483          0.00455973
                  13              0.0032          0.00917677           0.0042361
                  14           -0.040232          0.00564757          0.00519982
                  15            0.018468          0.00650227          0.00492291
                  16           -0.011298          0.00538975          0.00473927
                  17           -0.021314          0.00381894          0.00471362
                  18           -0.016902          0.00266778          0.00459017
                  19            0.008736          0.00298716          0.00435968
                  20            0.032154           0.0044455          0.00437882
