                   1             0.34714             0.34714                   0
                   2            0.335245            0.341192          0.00420546
                   3            0.330065            0.337483          0.00412694
                   4            0.332188             0.33616          0.00330072
                   5            0.336606            0.336249          0.00264178
                   6            0.334331            0.335929          0.00222074
                   7            0.343882            0.337065          0.00217477
                   8            0.336227            0.336961          0.00190545
                   9            0.343062            0.337639          0.00181033
                  10            0.343162            0.338191          0.00171149
                  11            0.332887            0.337709          0.00162241
                  12            0.345646             0.33837          0.00161642
                  13             0.33723            0.338282          0.00149445
                  14             0.33929            0.338354          0.00138944
                  15            0.334742            0.338114          0.00131751
                  16            0.334582            0.337893          0.00125352
                  17            0.337355            0.337861          0.00118018
                  18            0.335419            0.337726          0.00112239
                  19            0.329602            0.337298          0.00114184
                  20            0.340548             0.33746          0.00109625
