                   1            0.264918            0.264918                   0
                   2            0.222371            0.243644           0.0150425
                   3            0.248305            0.245198           0.0101083
                   4            0.341207              0.2692           0.0221258
                   5            0.210524            0.257465           0.0205788
                   6            0.178047            0.244229           0.0209783
                   7            0.320003            0.255054           0.0205857
                   8            0.267719            0.256637           0.0180732
                   9             0.34764            0.266748           0.0186807
                  10            0.256256            0.265699           0.0168421
                  11            0.244255            0.263749           0.0154234
                  12             0.31314            0.267865            0.014677
                  13            0.250733            0.266547           0.0136071
                  14            0.209604             0.26248           0.0132291
                  15            0.251711            0.261762           0.0123666
                  16             0.27138            0.262363           0.0116083
                  17            0.255548            0.261962           0.0109324
                  18            0.207871            0.258957           0.0107301
                  19            0.361804             0.26437           0.0114496
                  20            0.266977            0.264501           0.0108778
