                   1           -0.983056           -0.983056                   0
                   2           -0.985524            -0.98429          0.00087257
                   3            -0.98364           -0.984073         0.000608019
                   4           -0.975016           -0.981809          0.00201329
                   5           -0.986608           -0.982769          0.00182514
                   6           -0.988544           -0.983731          0.00175651
                   7            -0.97738           -0.982824          0.00172407
                   8           -0.981308           -0.982635          0.00151894
                   9           -0.974816           -0.981766          0.00157917
                  10           -0.982852           -0.981874          0.00142499
                  11           -0.984204           -0.982086          0.00131108
                  12             -0.9787           -0.981804          0.00123182
                  13            -0.98362           -0.981944          0.00114496
                  14           -0.987104           -0.982312          0.00112094
                  15           -0.982932           -0.982354          0.00104697
                  16             -0.9822           -0.982344         0.000981577
                  17           -0.981968           -0.982322         0.000924086
                  18           -0.986932           -0.982578         0.000907547
                  19           -0.973764           -0.982114         0.000971131
                  20           -0.982468           -0.982132         0.000922736
