                   1             90.4627             90.4627                   0
                   2              92.426             91.4443            0.694117
                   3             90.0742             90.9876            0.594302
                   4             83.0099             88.9932             1.78381
                   5             93.4874              89.892             1.63792
                   6             95.6674             90.8546             1.62332
                   7             84.7128             89.9772             1.61117
                   8              87.303             89.6429             1.44404
                   9             81.7368             88.7645             1.52759
                  10             89.9285             88.8809             1.37926
                  11             91.6969             89.1369             1.27741
                  12             86.4116             88.9098             1.19098
                  13             89.4684             88.9527             1.10014
                  14             94.4219             89.3434             1.08871
                  15             89.1902             89.3332             1.01618
                  16             89.2388             89.3273            0.952683
                  17             89.5034             89.3376            0.896699
                  18             94.5335             89.6263            0.892134
                  19             81.5435             89.2009            0.941158
                  20             90.4324             89.2625            0.896112
