                   1            0.196087            0.196087                   0
                   2            0.197275            0.196681         0.000419996
                   3             0.20012            0.197827         0.000976934
                   4            0.198661            0.198036         0.000754599
                   5            0.198743            0.198177         0.000616783
                   6            0.200471            0.198559         0.000621314
                   7            0.202176            0.199076         0.000715798
                   8            0.198536            0.199009         0.000629493
                   9            0.201285            0.199262          0.00060826
                  10            0.196867            0.199022         0.000592704
                  11            0.198442            0.198969         0.000541162
                  12            0.199855            0.199043         0.000501078
                  13            0.206895            0.199647         0.000742087
                  14            0.197027             0.19946         0.000712291
                  15            0.202399            0.199656         0.000691233
                  16            0.198217            0.199566         0.000653858
                  17             0.19785            0.199465         0.000623143
                  18            0.199176            0.199449         0.000588731
                  19            0.199398            0.199446         0.000557751
                  20            0.196646            0.199306         0.000547161
