                   1             1.39705             1.39705                   0
                   2             1.38721             1.39213          0.00347939
                   3             1.40726             1.39717          0.00472806
                   4             1.36046             1.38799          0.00870396
                   5             1.36587             1.38357          0.00800953
                   6             1.40531             1.38719          0.00744948
                   7             1.39605             1.38846           0.0064919
                   8             1.36155             1.38509           0.0064938
                   9             1.38648             1.38525           0.0057741
                  10             1.36167             1.38289          0.00565756
                  11             1.38978             1.38352           0.0051778
                  12             1.39812             1.38473          0.00488723
                  13             1.41607             1.38714          0.00507088
                  14             1.39291             1.38756          0.00472535
                  15             1.38367              1.3873           0.0044174
                  16             1.41672             1.38914          0.00450795
                  17             1.43844             1.39204            0.005091
                  18             1.37809             1.39126          0.00486679
                  19             1.37285             1.39029           0.0047061
                  20              1.4347             1.39251          0.00496708
