                   1           -0.463806           -0.463806                   0
                   2            -0.46795           -0.465878          0.00146532
                   3            -0.46495           -0.465569          0.00100899
                   4           -0.465793           -0.465625         0.000758297
                   5             -0.4625              -0.465         0.000824879
                   6           -0.465849           -0.465141         0.000699425
                   7           -0.465792           -0.465234         0.000605646
                   8           -0.465614           -0.465282         0.000531797
                   9           -0.467396           -0.465517          0.00052204
                  10           -0.464565           -0.465421         0.000478423
                  11           -0.464243           -0.465314         0.000446759
                  12           -0.462606           -0.465089         0.000463052
                  13           -0.465569           -0.465126         0.000428904
                  14           -0.466177           -0.465201         0.000404787
                  15           -0.465958           -0.465251         0.000380937
                  16           -0.465271           -0.465252          0.00035713
                  17           -0.464686           -0.465219         0.000337671
                  18           -0.465306           -0.465224         0.000318945
                  19           -0.465001           -0.465212         0.000302375
                  20            -0.46589           -0.465246          0.00028915
