                   1            0.106241            0.106241                   0
                   2                   0           0.0531207            0.037562
                   3                   0           0.0354138           0.0289152
                   4                   0           0.0265603           0.0230019
                   5                   0           0.0212483            0.019005
                   6                   0           0.0177069           0.0161641
                   7                   0           0.0151773           0.0140515
                   8                   0           0.0132802           0.0124225
                   9                   0           0.0118046           0.0111295
                  10                   0           0.0106241           0.0100789
                  11                   0           0.0096583          0.00920883
                  12                   0          0.00885344          0.00847653
                  13                   0          0.00817241           0.0078518
                  14                   0          0.00758867          0.00731262
                  15                   0          0.00708275          0.00684259
                  16                   0          0.00664008          0.00642923
                  17                   0          0.00624949           0.0060629
                  18                   0           0.0059023            0.005736
                  19                   0          0.00559165          0.00544251
                  20                   0          0.00531207          0.00517756
