                   1            0.448594            0.448594                   0
                   2                   0            0.224297            0.158602
                   3                   0            0.149531            0.122092
                   4                   0            0.112148           0.0971234
                   5                   0           0.0897187           0.0802469
                   6                   0           0.0747656           0.0682513
                   7                   0           0.0640848            0.059331
                   8                   0           0.0560742           0.0524526
                   9                   0           0.0498437           0.0469931
                  10                   0           0.0448594           0.0425573
                  11                   0           0.0407812           0.0388834
                  12                   0           0.0373828           0.0357913
                  13                   0           0.0345072           0.0331534
                  14                   0           0.0320424           0.0308768
                  15                   0           0.0299062           0.0288922
                  16                   0           0.0280371           0.0271468
                  17                   0           0.0263879              0.0256
                  18                   0           0.0249219           0.0242197
                  19                   0           0.0236102           0.0229805
                  20                   0           0.0224297           0.0218617
