                   1             410.933             410.933                   0
                   2             416.667               413.8             2.02722
                   3             416.667             414.755             1.56055
                   4             416.667             415.233             1.24141
                   5             416.667              415.52              1.0257
                   6             416.667             415.711            0.872375
                   7             416.667             415.848            0.758357
                   8             416.667              415.95            0.670439
                   9             416.667              416.03            0.600657
                  10             416.667             416.093            0.543959
                  11             416.667             416.145               0.497
                  12             416.667             416.189            0.457477
                  13             416.667             416.226            0.423761
                  14             416.667             416.257            0.394661
                  15             416.667             416.284            0.369294
                  16             416.667             416.308            0.346985
                  17             416.667             416.329            0.327214
                  18             416.667             416.348            0.309571
                  19             416.667             416.365            0.293732
                  20             416.667              416.38            0.279432
