                   1             41.4719             41.4719                   0
                   2             42.3044             41.8882            0.294347
                   3             42.3594             42.0452            0.234429
                   4              36.019             40.5387              1.3165
                   5             43.2586             41.0827             1.16015
                   6             46.3271             41.9567             1.25354
                   7             36.5628             41.1862             1.28973
                   8             43.1929              41.437             1.15265
                   9             39.8335             41.2588             1.03826
                  10             40.5678             41.1897            0.936729
                  11             37.4223             40.8472            0.912039
                  12             41.5035             40.9019            0.837673
                  13             42.5816             41.0311            0.783138
                  14             46.3076              41.408            0.812846
                  15             39.7119             41.2949            0.766481
                  16             45.9306             41.5847            0.771393
                  17             48.6815             42.0021            0.831339
                  18             43.7837             42.1011            0.791023
                  19             39.2384             41.9504            0.763605
                  20             38.1571             41.7608            0.748609
