                   1           -0.547408           -0.547408                   0
                   2              -0.546           -0.546704         0.000497803
                   3           -0.546928           -0.546779         0.000337422
                   4           -0.547028           -0.546841          0.00025876
                   5           -0.546344           -0.546742         0.000225292
                   6            -0.54682           -0.546755         0.000188122
                   7           -0.546928           -0.546779         0.000162869
                   8           -0.548396           -0.546982         0.000236723
                   9           -0.548456           -0.547145         0.000261029
                  10           -0.547776           -0.547208         0.000242425
                  11            -0.54394           -0.546911         0.000358927
                  12            -0.54436           -0.546699         0.000386893
                  13           -0.543952           -0.546487         0.000410792
                  14           -0.547728           -0.546576         0.000390891
                  15           -0.547828           -0.546659         0.000373636
                  16            -0.54636           -0.546641         0.000350752
                  17            -0.54526            -0.54656         0.000339393
                  18           -0.549948           -0.546748         0.000369071
                  19           -0.546148           -0.546716         0.000350994
                  20           -0.546384             -0.5467         0.000333837
