                   1            0.262107            0.262107                   0
                   2            0.258163            0.260135          0.00139458
                   3            0.260683            0.260317         0.000941611
                   4            0.260383            0.260334         0.000706349
                   5            0.266556            0.261578          0.00124824
                   6            0.265327            0.262203          0.00118629
                   7            0.262273            0.262213          0.00101686
                   8             0.26169            0.262147         0.000891856
                   9            0.269641             0.26298          0.00111565
                  10            0.264471            0.263129            0.001014
                  11            0.264224            0.263229         0.000926684
                  12            0.270882            0.263866          0.00104614
                  13            0.269217            0.264278          0.00104351
                  14            0.260944             0.26404         0.000995774
                  15            0.263965            0.264035         0.000929401
                  16            0.264757             0.26408          0.00087241
                  17            0.265711            0.264176         0.000826353
                  18              0.2596            0.263922         0.000818611
                  19            0.260553            0.263744           0.0007945
                  20            0.262758            0.263695         0.000756304
