                   1             1.49487             1.49487                   0
                   2             1.46072              1.4778           0.0120765
                   3             1.50098             1.48553           0.0102298
                   4             1.46199             1.47964          0.00921011
                   5             1.45791             1.47529          0.00833104
                   6              1.4842             1.47678          0.00707347
                   7             1.49658             1.47961          0.00660453
                   8             1.46763             1.47811          0.00594623
                   9             1.48616               1.479           0.0053523
                  10             1.46912             1.47802          0.00490743
                  11             1.48091             1.47828          0.00446836
                  12             1.48277             1.47865          0.00411164
                  13              1.5146             1.48142          0.00463269
                  14             1.48722             1.48183          0.00432031
                  15              1.4824             1.48187          0.00403245
                  16             1.50946              1.4836          0.00413274
                  17             1.54311              1.4871          0.00516377
                  18             1.46201              1.4857          0.00506142
                  19             1.47736             1.48526          0.00481404
                  20              1.5177             1.48689          0.00483884
