                   1            0.206647            0.206647                   0
                   2            0.204184            0.205415         0.000870793
                   3            0.207992            0.206274         0.000910462
                   4            0.207454            0.206569         0.000729088
                   5            0.206747            0.206605         0.000584133
                   6            0.207877            0.206817          0.00052384
                   7            0.212719             0.20766         0.000900524
                   8            0.207432            0.207631         0.000788407
                   9            0.212189            0.208138         0.000847993
                  10            0.206912            0.208015          0.00077201
                  11            0.208585            0.208067         0.000703565
                  12            0.208942             0.20814         0.000648701
                  13            0.216215            0.208761         0.000845402
                  14             0.20725            0.208653         0.000791878
                  15            0.213323            0.208964         0.000797938
                  16            0.208143            0.208913         0.000749718
                  17            0.207084            0.208805         0.000713298
                  18            0.207932            0.208757         0.000675319
                  19            0.208635             0.20875         0.000639807
                  20             0.20666            0.208646         0.000616298
