                   1            0.027108            0.027108                   0
                   2            0.035734            0.031421          0.00304975
                   3            0.031308           0.0313833           0.0020334
                   4             0.03933             0.03337          0.00229911
                   5            0.036294           0.0339548          0.00191222
                   6            0.033446             0.03387          0.00159539
                   7            0.028024           0.0330349          0.00157093
                   8            0.026918           0.0322703          0.00154951
                   9            0.035718           0.0326533          0.00142391
                  10            0.022218           0.0316098          0.00161937
                  11            0.034492           0.0318718           0.0014932
                  12             0.03449             0.03209          0.00138461
                  13            0.024222           0.0314848          0.00140417
                  14            0.029924           0.0313733          0.00130829
                  15            0.035264           0.0316327          0.00124651
                  16             0.02727             0.03136          0.00119806
                  17            0.032424           0.0314226          0.00112922
                  18            0.031206           0.0314106          0.00106655
                  19            0.038234           0.0317697          0.00106917
                  20            0.039584           0.0321604          0.00108475
