                   1             0.19729             0.19729                   0
                   2            0.194769            0.196029          0.00089115
                   3             0.19717             0.19641         0.000670342
                   4            0.197769            0.196749           0.0005826
                   5            0.199539            0.197307         0.000682847
                   6            0.196816            0.197225         0.000573933
                   7            0.197445            0.197257         0.000492799
                   8            0.195136            0.196992         0.000497416
                   9            0.196149            0.196898         0.000450878
                  10            0.199761            0.197184         0.000488321
                  11            0.197806            0.197241          0.00044719
                  12             0.19653            0.197182         0.000413831
                  13            0.197366            0.197196          0.00038224
                  14            0.194786            0.197024         0.000391796
                  15            0.197714             0.19707          0.00036837
                  16            0.200021            0.197254         0.000388789
                  17            0.194735            0.197106         0.000393149
                  18            0.199267            0.197226         0.000389208
                  19            0.200244            0.197385         0.000399823
                  20            0.202514            0.197641         0.000454692
