                   1           -0.008074           -0.008074                   0
                   2           -0.003554           -0.005814          0.00159806
                   3           -0.000638         -0.00408867          0.00176622
                   4           -0.004936          -0.0043005          0.00133731
                   5            0.000982           -0.003244          0.00142742
                   6           -0.001886         -0.00301767          0.00120733
                   7           -0.000614         -0.00267429          0.00108258
                   8           -0.001226         -0.00249325         0.000962277
                   9             0.00857           -0.001264          0.00144042
                  10            0.000316           -0.001106          0.00130501
                  11             0.00371        -0.000668182          0.00125767
                  12           -0.007924         -0.00127283          0.00129005
                  13            0.002304        -0.000997692          0.00121981
                  14             7.4e-05        -0.000921143          0.00113508
                  15           -0.006166          -0.0012708          0.00111196
                  16            -0.00074         -0.00123763          0.00104295
                  17            -0.00092         -0.00121894         0.000981772
                  18            0.000296         -0.00113478         0.000930829
                  19           -0.000814         -0.00111789         0.000881991
                  20           -0.000356          -0.0010798         0.000838714
