                   1             1.39072             1.39072                   0
                   2             1.34465             1.36768           0.0162898
                   3             1.39095             1.37544           0.0125717
                   4             1.39339             1.37993           0.0101984
                   5             1.39038             1.38202          0.00837019
                   6             1.43439             1.39075           0.0105904
                   7             1.37283             1.38819          0.00938164
                   8             1.40947             1.39085          0.00857782
                   9             1.38729             1.39045          0.00763383
                  10             1.36465             1.38787          0.00729344
                  11             1.35855             1.38521          0.00710069
                  12              1.3956             1.38607           0.0065616
                  13              1.3638             1.38436           0.0062765
                  14             1.36594             1.38304          0.00596455
                  15             1.34243             1.38034          0.00615085
                  16             1.34964             1.37842          0.00605831
                  17             1.35789             1.37721          0.00582099
                  18             1.37316             1.37699          0.00550196
                  19              1.3491             1.37552          0.00540465
                  20             1.38733             1.37611           0.0051666
