                   1           -0.559304           -0.559304                   0
                   2           -0.560708           -0.560006         0.000496389
                   3           -0.557668           -0.559227          0.00071723
                   4            -0.55748            -0.55879         0.000657548
                   5           -0.556624           -0.558357         0.000653334
                   6           -0.555964           -0.557958         0.000654947
                   7           -0.557444           -0.557885         0.000565484
                   8            -0.55844           -0.557954         0.000499043
                   9           -0.556936           -0.557841         0.000456232
                  10           -0.555064           -0.557563         0.000487852
                  11           -0.557972             -0.5576         0.000444915
                  12           -0.555848           -0.557454         0.000431138
                  13           -0.557468           -0.557455         0.000397975
                  14            -0.55694           -0.557419         0.000371247
                  15           -0.559092            -0.55753         0.000362873
                  16           -0.558344           -0.557581          0.00034374
                  17           -0.556852           -0.557538         0.000326184
                  18           -0.557164           -0.557517         0.000308724
                  19           -0.558772           -0.557583         0.000299454
                  20           -0.557048           -0.557557         0.000285676
