                   1            0.277258            0.277258                   0
                   2            0.275182             0.27622         0.000734048
                   3            0.276021            0.276153         0.000492355
                   4            0.267066            0.273882          0.00200177
                   5              0.2646            0.272025          0.00230686
                   6             0.26706            0.271198          0.00206551
                   7            0.271569            0.271251          0.00177112
                   8            0.272916            0.271459          0.00156191
                   9            0.280272            0.272438          0.00166728
                  10            0.273026            0.272497          0.00150159
                  11             0.27387            0.272622          0.00137026
                  12            0.275066            0.272825          0.00127112
                  13            0.273622            0.272887          0.00117482
                  14            0.272564            0.272864          0.00109113
                  15             0.27753            0.273175          0.00106181
                  16            0.278314            0.273496          0.00104291
                  17            0.269148             0.27324          0.00101244
                  18            0.275931             0.27339         0.000967166
                  19            0.273213             0.27338         0.000916308
                  20            0.281563            0.273789         0.000957493
