                   1             13.6271             13.6271                   0
                   2             13.2347             13.4309            0.138724
                   3             13.4163              13.426           0.0925688
                   4             10.6803             12.7396            0.598509
                   5             11.6694             12.5256            0.515659
                   6             12.4521             12.5133            0.429861
                   7             13.2199             12.6143            0.380118
                   8               12.55             12.6062            0.332688
                   9             11.6187             12.4965            0.313294
                  10             12.8003             12.5269            0.283433
                  11             12.3943             12.5148            0.257923
                  12             13.7363             12.6166            0.255726
                  13             12.3155             12.5934            0.237102
                  14             13.3767             12.6494             0.22667
                  15             12.0884              12.612            0.214622
                  16              12.389             12.5981             0.20166
                  17             13.3985             12.6451            0.195217
                  18             14.2877             12.7364             0.20459
                  19             12.5462             12.7264            0.194067
                  20             14.0883             12.7945            0.195948
