                   1             177.322             177.322                   0
                   2             178.571             177.947            0.441664
                   3             178.571             178.155            0.339993
                   4             178.571             178.259            0.270463
                   5             178.571             178.322            0.223466
                   6             178.571             178.363            0.190062
                   7             178.571             178.393            0.165221
                   8             178.571             178.415            0.146067
                   9             178.571             178.433            0.130863
                  10             178.571             178.447            0.118511
                  11             178.571             178.458            0.108274
                  12             178.571             178.467           0.0996642
                  13             178.571             178.475           0.0923193
                  14             178.571             178.482           0.0859801
                  15             178.569             178.488           0.0804415
                  16             178.571             178.493           0.0755831
                  17             176.542             178.378            0.132116
                  18             178.571             178.389            0.125211
                  19             178.571             178.399            0.118988
                  20             178.571             178.407            0.113351
