                   1           -0.999092           -0.999092                   0
                   2                  -1           -0.999546         0.000321026
                   3                  -1           -0.999697         0.000247126
                   4                  -1           -0.999773         0.000196588
                   5                  -1           -0.999818         0.000162428
                   6                  -1           -0.999849         0.000138148
                   7                  -1            -0.99987         0.000120092
                   8                  -1           -0.999887          0.00010617
                   9                  -1           -0.999899          9.5119e-05
                  10                  -1           -0.999909         8.61404e-05
                  11           -0.999996           -0.999917         7.86701e-05
                  12                  -1           -0.999924          7.2417e-05
                  13                  -1            -0.99993          6.7082e-05
                  14                  -1           -0.999935         6.24773e-05
                  15           -0.999992           -0.999939         5.84282e-05
                  16                  -1           -0.999943          5.4902e-05
                  17           -0.998912           -0.999882         7.82841e-05
                  18                  -1           -0.999888         7.42095e-05
                  19                  -1           -0.999894         7.05356e-05
                  20                  -1             -0.9999         6.72065e-05
