                   1            0.001588            0.001588                   0
                   2            0.005544            0.003566          0.00139866
                   3            0.002224          0.00311867          0.00100142
                   4            0.001072            0.002607         0.000872039
                   5            0.002916           0.0026688         0.000699818
                   6            0.003076          0.00273667         0.000586463
                   7            0.000738          0.00245114          0.00056795
                   8            0.002232          0.00242375         0.000497617
                   9            0.002904          0.00247711         0.000445178
                  10            0.002592           0.0024886         0.000400808
                  11            0.000394          0.00229818         0.000407098
                  12            -0.00096          0.00202667         0.000454792
                  13            0.004988          0.00225446         0.000473432
                  14            0.001734          0.00221729         0.000441072
                  15           -0.005938           0.0016736         0.000667351
                  16           -0.003762          0.00133387         0.000706843
                  17           -0.004838         0.000970824         0.000752748
                  18           -0.000694         0.000878333         0.000716588
                  19            0.008092            0.001258         0.000772935
                  20            -0.00357           0.0010166         0.000771064
