                   1             1.59837             1.59837                   0
                   2             1.59283              1.5956          0.00195849
                   3             1.58479               1.592          0.00321848
                   4             1.56298             1.58474          0.00673028
                   5             1.61224             1.59024          0.00729307
                   6             1.60316             1.59239          0.00638727
                   7             1.60814             1.59464           0.0058573
                   8             1.58342             1.59324          0.00529035
                   9             1.62129             1.59636          0.00554519
                  10              1.6162             1.59834          0.00533383
                  11             1.59422             1.59797          0.00486205
                  12             1.58826             1.59716          0.00452369
                  13             1.57385             1.59537          0.00451707
                  14              1.6035             1.59595          0.00423163
                  15             1.59714             1.59603          0.00395026
                  16             1.58818             1.59554          0.00373372
                  17             1.60725             1.59622          0.00357716
                  18             1.61736              1.5974          0.00356593
                  19             1.58439             1.59671          0.00344336
                  20             1.56448              1.5951          0.00362888
