                   1            0.089854            0.089854                   0
                   2            0.099572            0.094713          0.00343583
                   3            0.078686           0.0893707          0.00492683
                   4            0.090536            0.089662          0.00370373
                   5             0.08299           0.0883276          0.00319433
                   6            0.068694           0.0850553          0.00400113
                   7             0.08647           0.0852574          0.00343464
                   8            0.073954           0.0838445           0.0032831
                   9            0.087608           0.0842627          0.00294482
                  10            0.101256            0.085962          0.00310213
                  11            0.096076           0.0868815          0.00295324
                  12             0.08898           0.0870563          0.00271231
                  13            0.099178           0.0879888          0.00265912
                  14            0.074952           0.0870576          0.00262718
                  15            0.093468           0.0874849          0.00248655
                  16            0.082366            0.087165          0.00235163
                  17            0.081648           0.0868405          0.00223558
                  18            0.076304           0.0862551          0.00218667
                  19            0.083542           0.0861123          0.00207624
                  20             0.09605           0.0866092          0.00203102
