                   1           -0.674681           -0.674681                   0
                   2           -0.676895           -0.675788         0.000782894
                   3            -0.67603           -0.675869         0.000526051
                   4           -0.674655           -0.675565         0.000474075
                   5           -0.674752           -0.675403         0.000406217
                   6            -0.67395            -0.67516         0.000404278
                   7           -0.675849           -0.675259         0.000358304
                   8           -0.673795           -0.675076         0.000357193
                   9           -0.676724           -0.675259         0.000361418
                  10           -0.674097           -0.675143         0.000343446
                  11            -0.67331           -0.674976         0.000350336
                  12              -0.676           -0.675061          0.00033136
                  13           -0.671952           -0.674822           0.0003826
                  14           -0.674803           -0.674821         0.000355274
                  15           -0.674477           -0.674798         0.000332326
                  16           -0.675643           -0.674851         0.000315728
                  17           -0.675153           -0.674869         0.000297655
                  18           -0.675566           -0.674907          0.00028363
                  19           -0.673671           -0.674842         0.000276067
                  20           -0.677925           -0.674996         0.000302246
