                   1             4.55471             4.55471                   0
                   2             4.55706             4.55588         0.000831282
                   3             4.43909             4.51695           0.0317916
                   4             4.25409             4.45124           0.0617051
                   5             4.35244             4.43148           0.0524325
                   6             4.26219             4.40326           0.0507202
                   7             4.55773             4.42533           0.0480357
                   8             4.22579             4.40039           0.0480726
                   9             4.47579             4.40877            0.043455
                  10             4.47371             4.41526           0.0395919
                  11             4.22152             4.39765           0.0397176
                  12             4.65754              4.4193           0.0418987
                  13             4.43977             4.42088           0.0387053
                  14             4.33406             4.41468           0.0364341
                  15             4.48544             4.41939           0.0343092
                  16             4.43821             4.42057            0.032185
                  17             4.36734             4.41744           0.0304437
                  18             4.34064             4.41317           0.0290498
                  19             4.33477             4.40905           0.0278124
                  20             4.73319             4.42525            0.030784
