                   1            0.042366            0.042366                   0
                   2            0.195248            0.118807           0.0540519
                   3           -0.160156           0.0258193           0.0840415
                   4            0.014314            0.022943           0.0630803
                   5            0.079024           0.0341592           0.0514517
                   6            0.093376           0.0440287           0.0438128
                   7            0.044098           0.0440386           0.0375538
                   8           -0.004568           0.0379628           0.0333475
                   9            0.098826           0.0447253           0.0303202
                  10           -0.036134           0.0366394           0.0283458
                  11           -0.096588           0.0245278           0.0282382
                  12            0.075448           0.0287712           0.0262019
                  13           -0.002684           0.0263515           0.0242978
                  14           -0.070908           0.0194044           0.0235344
                  15             0.02839           0.0200035           0.0219731
                  16            -0.18455          0.00721887           0.0240329
                  17           -0.035044          0.00473282           0.0227474
                  18           -0.035296            0.002509           0.0215921
                  19            0.023528          0.00361526            0.020484
                  20           -0.068486            1.02e-05           0.0197745
