                   1            -0.47593            -0.47593                   0
                   2           -0.480164           -0.478047          0.00149702
                   3           -0.477715           -0.477936          0.00100209
                   4           -0.478042           -0.477963         0.000751914
                   5           -0.475641           -0.477499         0.000730973
                   6           -0.477908           -0.477567         0.000612328
                   7           -0.477763           -0.477595         0.000525494
                   8           -0.478316           -0.477685         0.000467465
                   9           -0.479243           -0.477858         0.000446434
                  10           -0.477152           -0.477787         0.000407341
                  11           -0.476126           -0.477636         0.000397327
                  12           -0.473959            -0.47733         0.000467716
                  13           -0.477297           -0.477327         0.000431745
                  14           -0.479581           -0.477488         0.000429872
                  15           -0.478029           -0.477524         0.000402725
                  16           -0.478066           -0.477558         0.000378973
                  17           -0.476993           -0.477525         0.000358136
                  18           -0.478206           -0.477563         0.000340232
                  19           -0.478045           -0.477588         0.000323269
                  20           -0.478575           -0.477638         0.000310849
