                   1            -1.01135            -1.01135                   0
                   2            -1.01255            -1.01195         0.000422779
                   3            -1.01189            -1.01193         0.000282237
                   4            -1.01187            -1.01191         0.000212061
                   5            -1.01194            -1.01192         0.000169701
                   6            -1.01719             -1.0128         0.000814474
                   7            -1.01459            -1.01305         0.000737235
                   8            -1.01351            -1.01311         0.000647296
                   9            -1.01106            -1.01288         0.000614338
                  10            -1.01366            -1.01296         0.000557821
                  11             -1.0128            -1.01295         0.000507305
                  12            -1.01457            -1.01308         0.000482735
                  13            -1.01394            -1.01315         0.000450053
                  14            -1.00653            -1.01267         0.000618124
                  15            -1.01266            -1.01267         0.000576916
                  16            -1.01671            -1.01293         0.000593542
                  17            -1.00801            -1.01264         0.000625099
                  18            -1.01367            -1.01269         0.000593024
                  19            -1.01361            -1.01274          0.00056378
                  20            -1.01358            -1.01278         0.000537151
