                   1              354.65              354.65                   0
                   2             357.143             355.896            0.881409
                   3             357.143             356.312            0.678509
                   4             357.143              356.52             0.53975
                   5             357.143             356.644            0.445961
                   6             357.143             356.727            0.379298
                   7             357.143             356.787            0.329724
                   8             357.143             356.831            0.291498
                   9             357.143             356.866            0.261158
                  10             357.143             356.894            0.236507
                  11             357.143             356.916            0.216089
                  12             357.143             356.935            0.198905
                  13             357.143             356.951            0.184246
                  14             357.143             356.965            0.171594
                  15             357.143             356.977            0.160564
                  16             357.143             356.987            0.150865
                  17             357.143             356.996            0.142269
                  18             357.143             357.004            0.134598
                  19             357.143             357.012            0.127711
                  20             357.143             357.018            0.121494
