                   1              9.2337              9.2337                   0
                   2             8.96311              9.0984           0.0956694
                   3             8.20453             8.80045            0.251503
                   4             8.11951             8.63021            0.239406
                   5             8.56781             8.61773             0.19185
                   6             8.01919             8.51797            0.183991
                   7             8.86339             8.56732            0.164191
                   8             7.62158              8.4491            0.181297
                   9             8.61642             8.46769            0.162103
                  10             8.77175              8.4981            0.148717
                  11             8.36661             8.48615            0.135677
                  12              8.2932             8.47007             0.12532
                  13             8.15451             8.44579            0.118007
                  14             7.98886             8.41316            0.114002
                  15             9.19637             8.46537            0.117754
                  16             8.78502             8.48535            0.112076
                  17             8.15348             8.46583             0.10717
                  18             8.88695             8.48922            0.103738
                  19              8.2835             8.47839            0.098842
                  20             9.27887             8.51842            0.101681
