                   1            0.116462            0.116462                   0
                   2             0.10904            0.112751          0.00262407
                   3             0.13606            0.120521          0.00658069
                   4            0.121642            0.120801          0.00494149
                   5            0.097592            0.116159          0.00573278
                   6            0.124258            0.117509          0.00493366
                   7            0.126868            0.118846          0.00440629
                   8            0.103688            0.116951          0.00424338
                   9            0.122864            0.117608          0.00382241
                  10            0.120764            0.117924          0.00345317
                  11             0.11484            0.117643          0.00315061
                  12            0.143014            0.119758          0.00352679
                  13             0.12684            0.120302          0.00329731
                  14            0.111562            0.119678          0.00312033
                  15             0.14097            0.121098          0.00321902
                  16            0.126184            0.121416          0.00303349
                  17            0.120432            0.121358           0.0028556
                  18            0.126862            0.121663          0.00271328
                  19            0.116798            0.121407          0.00258253
                  20             0.12355            0.121515          0.00245562
