                   1           0.0398299           0.0398299                   0
                   2        -1.92747e-13            0.019915            0.014082
                   3        -1.92747e-13           0.0132766           0.0108403
                   4        -1.92747e-13          0.00995748          0.00862343
                   5        -1.92747e-13          0.00796598          0.00712499
                   6        -1.92747e-13          0.00663832          0.00605993
                   7        -1.92747e-13          0.00568999           0.0052679
                   8        -1.92747e-13          0.00497874          0.00465718
                   9        -1.92747e-13          0.00442554          0.00417244
                  10        -1.92747e-13          0.00398299           0.0037786
                  11        -1.92747e-13           0.0036209          0.00345239
                  12        -1.92747e-13          0.00331916          0.00317785
                  13        -1.92747e-13          0.00306384          0.00294364
                  14        -1.92747e-13          0.00284499           0.0027415
                  15        -1.92747e-13          0.00265533          0.00256529
                  16        -1.92747e-13          0.00248937          0.00241032
                  17        -1.92747e-13          0.00234294          0.00227298
                  18        -1.92747e-13          0.00221277          0.00215043
                  19        -1.92747e-13          0.00209631           0.0020404
                  20        -1.92747e-13           0.0019915          0.00194107
