                   1            -1.01978            -1.01978                   0
                   2               -1.02            -1.01989         7.61978e-05
                   3               -1.02            -1.01993         5.86571e-05
                   4               -1.02            -1.01995         4.66614e-05
                   5               -1.02            -1.01996         3.85534e-05
                   6               -1.02            -1.01996         3.27903e-05
                   7               -1.02            -1.01997         2.85047e-05
                   8               -1.02            -1.01997         2.52001e-05
                   9               -1.02            -1.01998         2.25771e-05
                  10               -1.02            -1.01998          2.0446e-05
                  11               -1.02            -1.01998         1.86809e-05
                  12               -1.02            -1.01998         1.71954e-05
                  13               -1.02            -1.01998         1.59281e-05
                  14               -1.02            -1.01998         1.48343e-05
                  15               -1.02            -1.01999         1.38808e-05
                  16               -1.02            -1.01999         1.30423e-05
                  17               -1.02            -1.01999         1.22991e-05
                  18               -1.02            -1.01999          1.1636e-05
                  19               -1.02            -1.01999         1.10406e-05
                  20               -1.02            -1.01999         1.05031e-05
