                   1            0.999224            0.999224                   0
                   2                   1            0.999612         0.000274357
                   3                   1            0.999741           0.0002112
                   4                   1            0.999806         0.000168009
                   5                   1            0.999845         0.000138815
                   6                   1            0.999871         0.000118065
                   7                   1            0.999889         0.000102634
                   8                   1            0.999903         9.07352e-05
                   9                   1            0.999914         8.12911e-05
                  10                   1            0.999922         7.36178e-05
                  11                   1            0.999929         6.72625e-05
                  12                   1            0.999935         6.19136e-05
                  13                   1             0.99994         5.73505e-05
                  14                   1            0.999945         5.34123e-05
                  15                   1            0.999948         4.99791e-05
                  16                   1            0.999951         4.69599e-05
                  17                   1            0.999954         4.42842e-05
                  18                   1            0.999957         4.18965e-05
                  19                   1            0.999959         3.97528e-05
                  20                   1            0.999961         3.78176e-05
