                   1           -0.651292           -0.651292                   0
                   2            -0.65044           -0.650866         0.000301227
                   3             -0.6511           -0.650944         0.000210675
                   4            -0.65118           -0.651003         0.000166062
                   5           -0.650604           -0.650923          0.00015081
                   6           -0.649676           -0.650715         0.000227599
                   7           -0.651508           -0.650829          0.00022147
                   8           -0.651072           -0.650859         0.000195866
                   9           -0.649412           -0.650698         0.000230844
                  10           -0.649232           -0.650552         0.000250025
                  11           -0.646648           -0.650197         0.000407614
                  12            -0.64942           -0.650132         0.000378751
                  13           -0.646888           -0.649882         0.000423923
                  14           -0.650936           -0.649958         0.000400266
                  15           -0.648628           -0.649869         0.000383273
                  16           -0.648752           -0.649799         0.000365622
                  17           -0.650776           -0.649857           0.0003486
                  18             -0.6507           -0.649904         0.000332366
                  19            -0.64986           -0.649901         0.000314881
                  20           -0.651028           -0.649958         0.000304135
