                   1            0.022094            0.022094                   0
                   2            0.004708            0.013401          0.00614688
                   3               4e-05          0.00894733          0.00547872
                   4            0.002428           0.0073175          0.00434471
                   5           -0.002912           0.0052716          0.00392804
                   6            -0.00575          0.00343467          0.00367789
                   7             0.00682          0.00391829          0.00318411
                   8           -0.008244            0.002398          0.00312805
                   9            0.012978          0.00357356          0.00299325
                  10            0.015058            0.004722           0.0029059
                  11           -0.003048          0.00401564          0.00272622
                  12            0.016362           0.0050445          0.00268618
                  13            0.006042          0.00512123          0.00248064
                  14           -0.002348          0.00458771          0.00236013
                  15            0.016838           0.0054044          0.00233983
                  16           -0.004376          0.00479312          0.00227203
                  17            -0.00219          0.00438235           0.0021752
                  18            -0.00875          0.00365278          0.00217326
                  19           -0.002254          0.00334189            0.002081
                  20            0.007082           0.0035289          0.00198533
