                   1            0.087342            0.087342                   0
                   2            0.094294            0.090818           0.0024579
                   3            0.081692            0.087776           0.0029756
                   4             0.09148            0.088702          0.00237141
                   5            0.081044           0.0871704          0.00234003
                   6            0.087146           0.0871663          0.00195003
                   7             0.08983           0.0875469          0.00170818
                   8             0.07963           0.0865572           0.0017581
                   9            0.100926           0.0881538          0.00216977
                  10            0.095878           0.0889262          0.00208575
                  11            0.072772           0.0874576          0.00235711
                  12            0.106614            0.089054          0.00264661
                  13              0.1084           0.0905422          0.00283066
                  14            0.073952           0.0893571           0.0028658
                  15            0.087382           0.0892255          0.00267777
                  16            0.093148           0.0894706           0.0025216
                  17            0.102104           0.0902138          0.00248036
                  18            0.086932           0.0900314          0.00234926
                  19             0.08791           0.0899198          0.00222826
                  20            0.074418           0.0891447          0.00224762
