                   1            0.497409            0.497409                   0
                   2            0.467977            0.482693            0.010406
                   3            0.489652            0.485013          0.00719128
                   4            0.440344            0.473845           0.0110733
                   5            0.474081            0.473893          0.00885877
                   6            0.452344            0.470301          0.00807755
                   7             0.48075            0.471794          0.00706017
                   8            0.481698            0.473032          0.00628526
                   9            0.454509            0.470974          0.00591426
                  10            0.488103            0.472687          0.00556535
                  11            0.488604            0.474134          0.00524415
                  12            0.479014             0.47454          0.00482288
                  13            0.475882            0.474644            0.004453
                  14            0.466197             0.47404           0.0041756
                  15            0.473957            0.474035          0.00389723
                  16            0.454981            0.472844          0.00383128
                  17            0.462303            0.472224          0.00365574
                  18            0.478985            0.472599          0.00347188
                  19            0.460089            0.471941          0.00335101
                  20             0.50214            0.473451          0.00350718
