                   1              177.94              177.94                   0
                   2             178.571             178.256            0.223269
                   3             178.571             178.361            0.171873
                   4             178.571             178.414            0.136724
                   5             178.571             178.445            0.112966
                   6             178.571             178.466           0.0960797
                   7             178.571             178.481           0.0835222
                   8             178.571             178.492           0.0738393
                   9             178.571             178.501           0.0661538
                  10             178.571             178.508           0.0599094
                  11             178.571             178.514           0.0547374
                  12             178.571             178.519           0.0503846
                  13             178.571             178.523           0.0466712
                  14             178.571             178.526           0.0434663
                  15             178.322             178.513           0.0426521
                  16             178.571             178.516            0.040144
                  17             178.564             178.519           0.0378799
                  18             178.571             178.522           0.0358866
                  19             178.571             178.525           0.0340917
                  20             178.571             178.527           0.0324672
