                   1            0.994214            0.994214                   0
                   2                   1            0.997107          0.00204566
                   3                   1            0.998071          0.00157475
                   4                   1            0.998553          0.00125271
                   5                   1            0.998843          0.00103503
                   6                   1            0.999036         0.000880312
                   7                   1            0.999173         0.000765256
                   8                   1            0.999277         0.000676538
                   9                   1            0.999357         0.000606121
                  10                   1            0.999421         0.000548908
                  11                   1            0.999474         0.000501521
                  12                   1            0.999518         0.000461639
                  13                   1            0.999555         0.000427616
                  14                   1            0.999587         0.000398252
                  15            0.999166            0.999559         0.000372688
                  16                   1            0.999586         0.000350415
                  17            0.999978            0.999609         0.000330559
                  18                   1            0.999631         0.000312906
                  19                   1             0.99965          0.00029704
                  20                   1            0.999668         0.000282701
