                   1            0.043582            0.043582                   0
                   2            0.040872            0.042227          0.00095813
                   3             0.05082           0.0450913          0.00242438
                   4            0.053056           0.0470825          0.00250594
                   5            0.051122           0.0478904            0.002131
                   6            0.054014            0.048911           0.0020054
                   7            0.048106            0.048796          0.00172221
                   8            0.042602           0.0480218          0.00167194
                   9             0.04851            0.048076          0.00148704
                  10            0.056496            0.048918           0.0015586
                  11            0.044882           0.0485511          0.00145945
                  12             0.05331           0.0489477          0.00139067
                  13             0.04129           0.0483586          0.00140291
                  14            0.054404           0.0487904          0.00136755
                  15            0.046056           0.0486081          0.00128847
                  16             0.05339            0.048907          0.00124212
                  17             0.05126           0.0490454          0.00117674
                  18            0.051698           0.0491928          0.00112055
                  19            0.056928           0.0495999          0.00113312
                  20             0.04339           0.0492894           0.0011182
