                   1             2.42892             2.42892                   0
                   2             2.54131             2.48512           0.0397357
                   3             2.41293             2.46105           0.0329818
                   4             2.44478             2.45698            0.024986
                   5             2.54229             2.47405           0.0251482
                   6             2.46259             2.47214           0.0210292
                   7             2.46425             2.47101           0.0180552
                   8             2.41593             2.46412           0.0170606
                   9             2.43849             2.46128           0.0154009
                  10             2.49741             2.46489           0.0142784
                  11             2.44737              2.4633           0.0130689
                  12             2.45221             2.46237           0.0120125
                  13              2.4918             2.46464           0.0112997
                  14             2.48567             2.46614            0.010592
                  15             2.46208             2.46587           0.0098893
                  16             2.57915             2.47295           0.0115302
                  17             2.48082             2.47341           0.0108612
                  18             2.46807             2.47311           0.0102619
                  19             2.48087             2.47352          0.00972992
                  20             2.46515              2.4731          0.00925243
