                   1             2.75761             2.75761                   0
                   2             2.64983             2.70372           0.0381048
                   3             2.71607             2.70784           0.0256246
                   4             2.65474             2.69456           0.0223947
                   5             2.72167             2.69998           0.0185606
                   6             2.69367             2.69893            0.015497
                   7             2.79059             2.71203           0.0179833
                   8             2.75767             2.71773            0.016616
                   9             2.74396             2.72065           0.0150231
                  10             2.76832             2.72541           0.0142572
                  11             2.62775             2.71654           0.0154808
                  12             2.78529             2.72227           0.0152141
                  13             2.70392             2.72085           0.0141091
                  14             2.74393              2.7225           0.0131972
                  15              2.7692             2.72562           0.0126793
                  16              2.7733              2.7286           0.0122321
                  17             2.77116              2.7311            0.011766
                  18             2.74974             2.73214           0.0111578
                  19              2.6465             2.72763           0.0114447
                  20             2.82405             2.73245           0.0118445
