                   1            0.304684            0.304684                   0
                   2            0.305101            0.304893         0.000147668
                   3             0.30723            0.305672         0.000643642
                   4            0.301472            0.304622          0.00102942
                   5            0.304241            0.304546         0.000826344
                   6            0.308236            0.305161         0.000888473
                   7            0.311162            0.306018          0.00110001
                   8            0.304104            0.305779         0.000988184
                   9            0.313997            0.306692          0.00122995
                  10            0.311482            0.307171          0.00119659
                  11            0.307126            0.307167          0.00108781
                  12             0.31877            0.308134          0.00136065
                  13            0.310811             0.30834          0.00127147
                  14            0.308862            0.308377           0.0011812
                  15            0.305138            0.308161          0.00112201
                  16            0.308859            0.308205          0.00105274
                  17            0.312082            0.308433          0.00101522
                  18            0.302317            0.308093          0.00101409
                  19            0.299706            0.307652          0.00105241
                  20             0.30851            0.307694          0.00100067
