                   1            -0.59908            -0.59908                   0
                   2           -0.597616           -0.598348         0.000517602
                   3           -0.597464           -0.598053         0.000420663
                   4           -0.598916           -0.598269         0.000366637
                   5           -0.597612           -0.598138          0.00031598
                   6            -0.59754           -0.598038         0.000278572
                   7           -0.597784           -0.598002         0.000241128
                   8            -0.59948           -0.598187         0.000272751
                   9            -0.59842           -0.598212         0.000243676
                  10            -0.59704           -0.598095         0.000245902
                  11           -0.595776           -0.597884          0.00030064
                  12           -0.595452           -0.597682         0.000337061
                  13             -0.5959           -0.597545         0.000337849
                  14           -0.597988           -0.597576         0.000315198
                  15            -0.59862           -0.597646         0.000301767
                  16           -0.596424            -0.59757          0.00029241
                  17           -0.596984           -0.597535          0.00027723
                  18           -0.600932           -0.597724         0.000319672
                  19           -0.598144           -0.597746         0.000303612
                  20           -0.598316           -0.597774         0.000289766
