                   1            0.000502            0.000502                   0
                   2            0.004824            0.002663          0.00152806
                   3            0.004466            0.003264          0.00113073
                   4            0.006196            0.003997          0.00105932
                   5           -0.005612           0.0020752          0.00191646
                   6            0.000988            0.001894           0.0016056
                   7            0.003252            0.002088           0.0013879
                   8           -0.001836           0.0015975          0.00129819
                   9            0.003948          0.00185867          0.00117993
                  10            0.001964           0.0018692          0.00106198
                  11            0.004834          0.00213873         0.000999055
                  12            0.008698          0.00268533          0.00105478
                  13            0.006578          0.00298477          0.00101526
                  14             -0.0073          0.00225014          0.00117894
                  15              0.0012          0.00218013          0.00110242
                  16            0.005426            0.002383          0.00105202
                  17            0.006432          0.00262118          0.00101674
                  18           -0.006558          0.00211122           0.0010806
                  19            0.001296          0.00206832          0.00102457
                  20            0.005288           0.0022293         0.000985912
