                   1            0.218184            0.218184                   0
                   2            0.214413            0.216299          0.00133302
                   3            0.218393            0.216997           0.0010558
                   4             0.22004            0.217758          0.00103015
                   5            0.221249            0.218456          0.00103408
                   6            0.221868            0.219025          0.00100599
                   7            0.221137            0.219326         0.000906394
                   8            0.223098            0.219798         0.000907491
                   9            0.227359            0.220638           0.0011305
                  10            0.220913            0.220665          0.00101779
                  11            0.219189            0.220531         0.000934063
                  12             0.22177            0.220634         0.000861906
                  13            0.228648            0.221251         0.000991834
                  14            0.217474            0.220981          0.00095697
                  15             0.22671            0.221363         0.000966395
                  16            0.221302            0.221359         0.000906003
                  17            0.221747            0.221382         0.000852996
                  18            0.220255            0.221319         0.000807903
                  19            0.219588            0.221228         0.000770504
                  20            0.219113            0.221123         0.000739202
