                   1             0.38984             0.38984                   0
                   2            0.384663            0.387252          0.00183045
                   3            0.380388            0.384964          0.00223121
                   4            0.378419            0.383328          0.00219279
                   5            0.383913            0.383445          0.00175735
                   6            0.380732            0.382992           0.0015215
                   7            0.389701            0.383951          0.00157736
                   8            0.378464            0.383265          0.00152201
                   9            0.383115            0.383248          0.00135299
                  10            0.387377            0.383661          0.00127913
                  11            0.372293            0.382628          0.00152421
                  12            0.391367            0.383356          0.00156151
                  13             0.38387            0.383395           0.0014419
                  14            0.389855            0.383857           0.0014108
                  15            0.391441            0.384363          0.00140443
                  16            0.375817            0.383828          0.00141458
                  17             0.38919            0.384144          0.00136607
                  18            0.382719            0.384065          0.00129247
                  19            0.385539            0.384142          0.00122677
                  20            0.387813            0.384326          0.00117908
