                   1             4.86044             4.86044                   0
                   2             5.10863             4.98453           0.0877476
                   3             4.92386             4.96431           0.0607843
                   4             4.68027              4.8933           0.0765508
                   5             4.83461             4.88156           0.0621342
                   6             4.91959              4.8879           0.0521008
                   7             5.11016             4.91965           0.0534646
                   8              4.6888             4.89079           0.0540101
                   9             4.89634             4.89141           0.0480125
                  10             4.90572             4.89284           0.0432325
                  11             4.76951             4.88163           0.0407303
                  12             5.15468             4.90438           0.0432272
                  13             4.92091             4.90566           0.0399207
                  14             5.07657             4.91786           0.0388912
                  15             5.12826             4.93189           0.0387453
                  16             5.04239              4.9388           0.0369341
                  17             5.03721             4.94459           0.0352122
                  18             5.03746             4.94974           0.0336319
                  19             4.96054             4.95031           0.0318666
                  20             5.28685             4.96714           0.0344305
