                   1            0.234069            0.234069                   0
                   2            0.229598            0.231834          0.00158098
                   3            0.232833            0.232167          0.00108852
                   4            0.235289            0.232947          0.00105987
                   5            0.237752            0.233908          0.00120736
                   6             0.23591            0.234242          0.00105124
                   7            0.235829            0.234469         0.000925204
                   8            0.236368            0.234706         0.000839457
                   9            0.242253            0.235545          0.00108709
                  10            0.235881            0.235578         0.000978904
                  11            0.233863            0.235422         0.000902242
                  12            0.236873            0.235543         0.000835118
                  13            0.243216            0.236133         0.000956959
                  14            0.232197            0.235852         0.000928993
                  15            0.240833            0.236184         0.000924505
                  16            0.235409            0.236136         0.000867992
                  17            0.236463            0.236155         0.000817147
                  18             0.23391             0.23603         0.000781215
                  19            0.231467             0.23579         0.000776146
                  20            0.233595             0.23568         0.000745062
