                   1              1.7441              1.7441                   0
                   2             1.67214             1.70812           0.0254439
                   3             1.74965             1.72197            0.020384
                   4             1.69261             1.71463           0.0165565
                   5             1.74491             1.72068           0.0143099
                   6             1.74247             1.72431           0.0123773
                   7             1.78769             1.73337           0.0135206
                   8             1.78493             1.73981            0.013278
                   9             1.73992             1.73982           0.0118027
                  10             1.76003             1.74184           0.0107939
                  11              1.7696             1.74437           0.0101033
                  12             1.74686             1.74458          0.00926349
                  13             1.74042             1.74426          0.00855642
                  14              1.7685             1.74599          0.00811856
                  15             1.77935             1.74821          0.00787613
                  16             1.82544             1.75304          0.00873874
                  17              1.8296             1.75754          0.00931304
                  18              1.7653             1.75797          0.00880563
                  19             1.74779             1.75744          0.00835846
                  20             1.78086             1.75861          0.00802214
