                   1            0.599056            0.599056                   0
                   2             0.55596            0.577508           0.0152367
                   3            0.534844            0.563287           0.0154276
                   4             0.59102             0.57022           0.0130359
                   5             0.59201            0.574578           0.0111334
                   6            0.573794            0.574447          0.00927859
                   7            0.569056            0.573677          0.00798498
                   8            0.657304             0.58413           0.0120179
                   9            0.565498             0.58206           0.0108594
                  10            0.527282            0.576582           0.0110692
                  11            0.540744            0.573324           0.0105315
                  12            0.337258            0.553652           0.0211646
                  13            0.552362            0.553553           0.0195368
                  14             0.55063            0.553344           0.0181425
                  15            0.580342            0.555144            0.017022
                  16            0.507182            0.552146           0.0162199
                  17            0.586888             0.55419            0.015394
                  18            0.504112            0.551408           0.0147881
                  19            0.523626            0.549946           0.0140818
                  20            0.438434             0.54437           0.0144394
