                   1             46.7659             46.7659                   0
                   2             42.5511             44.6585             1.49017
                   3             45.0142             44.7771            0.998155
                   4             43.2929              44.406            0.814664
                   5             45.8377             44.6923            0.700243
                   6             44.3509             44.6354            0.585843
                   7             42.6686             44.3545            0.565534
                   8             45.6935             44.5218             0.51902
                   9             42.9887             44.3515            0.488506
                  10             40.5867              43.975            0.566442
                  11              42.974              43.884            0.522207
                  12             35.8801              43.217            0.798089
                  13             42.6561             43.1739            0.737863
                  14             44.2122              43.248            0.688877
                  15             45.0597             43.3688            0.653453
                  16             40.9945             43.2204            0.629237
                  17             45.6572             43.3638            0.608331
                  18             41.0637              43.236            0.587801
                  19             41.0814             43.1226            0.567698
                  20             40.0899             42.9709            0.559198
