1   0   0   0
1   0.0256496   0   0
1   0.0512993   0   0
1   0.0769489   0   0
1   0.102599   0   0
1   0.128248   0   0
1   0.153898   0   0
1   0.179547   0   0
1   0.205197   0   0
1   0.230847   0   0
1   0.256496   0   0
1   0.282146   0   0
1   0.307796   0   0
1   0.333445   0   0
1   0.359095   0   0
1   0.384745   0   0
1   0.410394   0   0
1   0.436044   0   0
1   0.461694   0   0
1   0.487343   0   0
1   0.512993   0   0
1   0.538642   0   0
1   0.564292   0   0
1   0.589942   0   0
1   0.615591   0   0
1   0.641241   0   0
1   0.666891   0   0
1   0.69254   0   0
1   0.71819   0   0
1   0.74384   0   0
1   0.769489   0   0
1   0.795139   0   0
1   0.820788   0.000113672   0
1   0.846438   0.00239263   0
1   0.872088   0.0170113   0
1   0.897737   0.0549898   0
1   0.923387   0.126158   0
1   0.949037   0.194136   0
1   0.974686   0.246924   0
1   1.00034   0.27941   0
1   1.02599   0.279073   0
1   1.05164   0.262174   0
1   1.07728   0.247709   0
1   1.10293   0.225423   0
1   1.12858   0.201421   0
1   1.15423   0.180132   0
1   1.17988   0.160569   0
1   1.20553   0.14358   0
1   1.23118   0.129581   0
1   1.25683   0.114544   0
1   1.28248   0.103389   0
1   1.30813   0.0950048   0
1   1.33378   0.087642   0
1   1.35943   0.0815247   0
1   1.38508   0.076881   0
1   1.41073   0.0759819   0
1   1.43638   0.071897   0
1   1.46203   0.0691837   0
1   1.48768   0.0693011   0
1   1.51333   0.0686316   0
1   1.53898   0.0701869   0
1   1.56463   0.0708033   0
1   1.59028   0.0734097   0
1   1.61593   0.0751711   0
1   1.64158   0.0781007   0
1   1.66723   0.08195   0
1   1.69288   0.0851022   0
1   1.71853   0.0886535   0
1   1.74418   0.0924303   0
1   1.76983   0.0974506   0
1   1.79547   0.101413   0
1   1.82112   0.106689   0
1   1.84677   0.110129   0
1   1.87242   0.116122   0
1   1.89807   0.118875   0
1   1.92372   0.122143   0
1   1.94937   0.124904   0
1   1.97502   0.127906   0
1   2.00067   0.128214   0
1   2.02632   0.130367   0
1   2.05197   0.127483   0
1   2.07762   0.126946   0
1   2.10327   0.124896   0
1   2.12892   0.120917   0
1   2.15457   0.119228   0
1   2.18022   0.116276   0
1   2.20587   0.112814   0
1   2.23152   0.111349   0
1   2.25717   0.107211   0
1   2.28282   0.103941   0
1   2.30847   0.10126   0
1   2.33412   0.0998657   0
1   2.35977   0.0963174   0
1   2.38542   0.0954781   0
1   2.41107   0.0947185   0
1   2.43672   0.0933054   0
1   2.46237   0.0937871   0
1   2.48802   0.0931316   0
1   2.51366   0.0921897   0
1   2.53931   0.0909502   0



2   0   0   0
2   0.0256496   0   0
2   0.0512993   0   0
2   0.0769489   0   0
2   0.102599   0   0
2   0.128248   0   0
2   0.153898   0   0
2   0.179547   0   0
2   0.205197   0   0
2   0.230847   0   0
2   0.256496   0   0
2   0.282146   0   0
2   0.307796   0   0
2   0.333445   0   0
2   0.359095   0   0
2   0.384745   0   0
2   0.410394   0   0
2   0.436044   0   0
2   0.461694   0   0
2   0.487343   0   0
2   0.512993   0   0
2   0.538642   0   0
2   0.564292   0   0
2   0.589942   0   0
2   0.615591   0   0
2   0.641241   0   0
2   0.666891   0   0
2   0.69254   0   0
2   0.71819   0   0
2   0.74384   0   0
2   0.769489   0   0
2   0.795139   0   0
2   0.820788   0.000382352   5.48034e-05
2   0.846438   0.00510623   0.000113477
2   0.872088   0.0348388   0.000288562
2   0.897737   0.115384   0.00191081
2   0.923387   0.257428   0.00180755
2   0.949037   0.4009   0.00446495
2   0.974686   0.502412   0.00302797
2   1.00034   0.561003   0.000771711
2   1.02599   0.560189   0.00072231
2   1.05164   0.526331   0.000701366
2   1.07728   0.490621   0.00169645
2   1.10293   0.44334   0.00265337
2   1.12858   0.393058   0.00345922
2   1.15423   0.351976   0.00293042
2   1.17988   0.314016   0.00251838
2   1.20553   0.280469   0.00236557
2   1.23118   0.253389   0.00204098
2   1.25683   0.223685   0.00191053
2   1.28248   0.205643   0.00040102
2   1.30813   0.189351   0.000232814
2   1.33378   0.1765   0.000429857
2   1.35943   0.164262   0.00042877
2   1.38508   0.155045   0.000453459
2   1.41073   0.151312   0.000230535
2   1.43638   0.146078   0.000807581
2   1.46203   0.142742   0.00154663
2   1.48768   0.141498   0.00102396
2   1.51333   0.140979   0.00131359
2   1.53898   0.141176   0.000283628
2   1.56463   0.143087   0.00052345
2   1.59028   0.147398   0.000204512
2   1.61593   0.150824   0.000170365
2   1.64158   0.155742   0.000162341
2   1.66723   0.165668   0.000625189
2   1.69288   0.171406   0.000425006
2   1.71853   0.178227   0.000325262
2   1.74418   0.186224   0.000481977
2   1.76983   0.196264   0.00048179
2   1.79547   0.205064   0.000791236
2   1.82112   0.214291   0.000323104
2   1.84677   0.220789   0.000187964
2   1.87242   0.231644   0.000212174
2   1.89807   0.237372   0.000133506
2   1.92372   0.244611   0.000115098
2   1.94937   0.248638   0.000413482
2   1.97502   0.254089   0.000609139
2   2.00067   0.256287   5.01028e-05
2   2.02632   0.25731   0.00121027
2   2.05197   0.254371   0.00021023
2   2.07762   0.25269   0.000424731
2   2.10327   0.249889   3.45887e-05
2   2.12892   0.241843   3.32117e-06
2   2.15457   0.23968   0.000432944
2   2.18022   0.233016   0.000164188
2   2.20587   0.225871   8.61384e-05
2   2.23152   0.2199   0.000989503
2   2.25717   0.21394   0.000170491
2   2.28282   0.2082   0.000112259
2   2.30847   0.203713   0.000421734
2   2.33412   0.198797   0.000330514
2   2.35977   0.193734   0.00038881
2   2.38542   0.191421   0.000164223
2   2.41107   0.189484   1.64223e-05
2   2.43672   0.185504   0.000391425
2   2.46237   0.186128   0.000511416
2   2.48802   0.185548   0.000252925
2   2.51366   0.183651   0.000257363
2   2.53931   0.179638   0.000799917



3   0   0   0
3   0.0256496   0   0
3   0.0512993   0   0
3   0.0769489   0   0
3   0.102599   0   0
3   0.128248   0   0
3   0.153898   0   0
3   0.179547   0   0
3   0.205197   0   0
3   0.230847   0   0
3   0.256496   0   0
3   0.282146   0   0
3   0.307796   0   0
3   0.333445   0   0
3   0.359095   0   0
3   0.384745   0   0
3   0.410394   0   0
3   0.436044   0   0
3   0.461694   0   0
3   0.487343   0   0
3   0.512993   0   0
3   0.538642   0   0
3   0.564292   0   0
3   0.589942   0   0
3   0.615591   0   0
3   0.641241   0   0
3   0.666891   0   0
3   0.69254   0   0
3   0.71819   0   0
3   0.74384   0   0
3   0.769489   0   0
3   0.795139   0   0
3   0.820788   0.000547693   3.72061e-05
3   0.846438   0.0078879   9.79435e-05
3   0.872088   0.0537117   0.000439895
3   0.897737   0.17752   0.00175645
3   0.923387   0.389026   0.00143812
3   0.949037   0.606431   0.00328209
3   0.974686   0.763365   0.00333336
3   1.00034   0.843667   0.000781563
3   1.02599   0.839295   0.000551563
3   1.05164   0.790051   0.000491335
3   1.07728   0.73193   0.00156991
3   1.10293   0.657808   0.0026403
3   1.12858   0.586922   0.00241753
3   1.15423   0.523329   0.00232544
3   1.17988   0.465382   0.00227513
3   1.20553   0.415859   0.00205573
3   1.23118   0.375248   0.00189296
3   1.25683   0.331284   0.00171931
3   1.28248   0.30613   0.000689415
3   1.30813   0.284162   0.00015955
3   1.33378   0.265579   0.000364849
3   1.35943   0.247286   0.000375099
3   1.38508   0.235696   0.000903739
3   1.41073   0.228736   0.000505225
3   1.43638   0.220923   0.000728916
3   1.46203   0.215128   0.00106747
3   1.48768   0.21494   0.00100141
3   1.51333   0.211778   0.00087978
3   1.53898   0.213272   0.000451769
3   1.56463   0.215564   0.000431678
3   1.59028   0.221003   0.000138701
3   1.61593   0.225965   0.000135382
3   1.64158   0.235307   0.000473495
3   1.66723   0.2473   0.00052988
3   1.69288   0.258676   0.000511839
3   1.71853   0.2681   0.000299574
3   1.74418   0.280615   0.000473826
3   1.76983   0.293362   0.00042702
3   1.79547   0.30828   0.000559388
3   1.82112   0.321477   0.000215685
3   1.84677   0.332034   0.000262951
3   1.87242   0.347071   0.000177671
3   1.89807   0.356538   0.00015805
3   1.92372   0.367642   0.000211911
3   1.94937   0.373823   0.000362752
3   1.97502   0.38045   0.000446656
3   2.00067   0.385661   0.000336731
3   2.02632   0.384523   0.000897249
3   2.05197   0.381687   0.000144587
3   2.07762   0.37978   0.00034831
3   2.10327   0.374033   0.000219247
3   2.12892   0.362615   4.0966e-05
3   2.15457   0.358205   0.000459889
3   2.18022   0.348153   0.000389
3   2.20587   0.338638   7.34909e-05
3   2.23152   0.327174   0.000982533
3   2.25717   0.319907   0.000295467
3   2.28282   0.311924   0.000126955
3   2.30847   0.304922   0.000331758
3   2.33412   0.298601   0.000246514
3   2.35977   0.290711   0.000260921
3   2.38542   0.287158   0.000109737
3   2.41107   0.28359   0.00017334
3   2.43672   0.278229   0.000261053
3   2.46237   0.277213   0.000637383
3   2.48802   0.277612   0.000256505
3   2.51366   0.274691   0.000274201
3   2.53931   0.268353   0.00061206



4   0   0   0
4   0.0256496   0   0
4   0.0512993   0   0
4   0.0769489   0   0
4   0.102599   0   0
4   0.128248   0   0
4   0.153898   0   0
4   0.179547   0   0
4   0.205197   0   0
4   0.230847   0   0
4   0.256496   0   0
4   0.282146   0   0
4   0.307796   0   0
4   0.333445   0   0
4   0.359095   0   0
4   0.384745   0   0
4   0.410394   0   0
4   0.436044   0   0
4   0.461694   0   0
4   0.487343   0   0
4   0.512993   0   0
4   0.538642   0   0
4   0.564292   0   0
4   0.589942   0   0
4   0.615591   0   0
4   0.641241   0   0
4   0.666891   0   0
4   0.69254   0   0
4   0.71819   0   0
4   0.74384   0   0
4   0.769489   0   0
4   0.795139   0   0
4   0.820788   0.000744036   2.80636e-05
4   0.846438   0.0104848   7.37922e-05
4   0.872088   0.071475   0.000331323
4   0.897737   0.239308   0.0014339
4   0.923387   0.524   0.00157455
4   0.949037   0.813894   0.00271768
4   0.974686   1.0248   0.00292168
4   1.00034   1.12522   0.000590479
4   1.02599   1.11972   0.000437573
4   1.05164   1.05574   0.000626607
4   1.07728   0.971482   0.00151804
4   1.10293   0.871832   0.00228278
4   1.12858   0.776387   0.00225281
4   1.15423   0.691418   0.00222126
4   1.17988   0.615663   0.00200314
4   1.20553   0.550421   0.00177449
4   1.23118   0.497437   0.00155185
4   1.25683   0.443449   0.00134323
4   1.28248   0.406873   0.000588678
4   1.30813   0.379155   0.000133333
4   1.33378   0.35479   0.00031112
4   1.35943   0.33034   0.000312217
4   1.38508   0.314165   0.000678128
4   1.41073   0.305519   0.000396384
4   1.43638   0.294745   0.000548094
4   1.46203   0.287795   0.000827002
4   1.48768   0.287293   0.000766497
4   1.51333   0.283043   0.000675692
4   1.53898   0.285943   0.000481569
4   1.56463   0.289127   0.000491425
4   1.59028   0.296788   0.000470053
4   1.61593   0.303064   0.000397856
4   1.64158   0.314751   0.000416868
4   1.66723   0.330777   0.000457104
4   1.69288   0.345659   0.00041747
4   1.71853   0.358945   0.000391174
4   1.74418   0.375749   0.000495533
4   1.76983   0.3926   0.000448597
4   1.79547   0.411257   0.000422156
4   1.82112   0.43003   0.000342349
4   1.84677   0.443541   0.000266805
4   1.87242   0.463288   0.000175386
4   1.89807   0.475117   0.000131803
4   1.92372   0.489382   0.000236167
4   1.94937   0.498167   0.000277987
4   1.97502   0.505478   0.000511889
4   2.00067   0.513292   0.000321955
4   2.02632   0.510539   0.000819271
4   2.05197   0.508271   0.000176929
4   2.07762   0.504923   0.000408503
4   2.10327   0.496994   0.0004063
4   2.12892   0.483757   6.62024e-05
4   2.15457   0.476202   0.00045981
4   2.18022   0.462886   0.000408028
4   2.20587   0.450053   0.000321879
4   2.23152   0.436515   0.00073943
4   2.25717   0.425216   0.000362883
4   2.28282   0.415802   9.74516e-05
4   2.30847   0.406292   0.000255599
4   2.33412   0.397439   0.000238429
4   2.35977   0.38872   0.000309122
4   2.38542   0.38246   0.000122241
4   2.41107   0.377404   0.000202298
4   2.43672   0.372116   0.00031576
4   2.46237   0.369958   0.000483695
4   2.48802   0.370438   0.000202298
4   2.51366   0.366803   0.000237453
4   2.53931   0.358017   0.000461343



5   0   0   0
5   0.0256496   0   0
5   0.0512993   0   0
5   0.0769489   0   0
5   0.102599   0   0
5   0.128248   0   0
5   0.153898   0   0
5   0.179547   0   0
5   0.205197   0   0
5   0.230847   0   0
5   0.256496   0   0
5   0.282146   0   0
5   0.307796   0   0
5   0.333445   0   0
5   0.359095   0   0
5   0.384745   0   0
5   0.410394   0   0
5   0.436044   0   0
5   0.461694   0   0
5   0.487343   0   0
5   0.512993   0   0
5   0.538642   0   0
5   0.564292   0   0
5   0.589942   0   0
5   0.615591   0   0
5   0.641241   0   0
5   0.666891   0   0
5   0.69254   0   0
5   0.71819   0   0
5   0.74384   0   0
5   0.769489   0   0
5   0.795139   0   0
5   0.820788   0.000826707   2.9082e-05
5   0.846438   0.0129552   6.49019e-05
5   0.872088   0.0907973   0.0003713
5   0.897737   0.303003   0.00133958
5   0.923387   0.661398   0.00170204
5   0.949037   1.02201   0.0023273
5   0.974686   1.28769   0.00262517
5   1.00034   1.40396   0.000658639
5   1.02599   1.40107   0.000432419
5   1.05164   1.32059   0.000527202
5   1.07728   1.21339   0.00122657
5   1.10293   1.08818   0.00184878
5   1.12858   0.968812   0.00182689
5   1.15423   0.856307   0.00227775
5   1.17988   0.762986   0.00198973
5   1.20553   0.683014   0.00167902
5   1.23118   0.617853   0.00142788
5   1.25683   0.55263   0.0011159
5   1.28248   0.50673   0.000576708
5   1.30813   0.471089   0.000521594
5   1.33378   0.442459   0.00030943
5   1.35943   0.413489   0.000269409
5   1.38508   0.393853   0.00058004
5   1.41073   0.382372   0.000328247
5   1.43638   0.370544   0.000578831
5   1.46203   0.361056   0.000702019
5   1.48768   0.360843   0.000686574
5   1.51333   0.356089   0.000677839
5   1.53898   0.358396   0.000422363
5   1.56463   0.363411   0.000531827
5   1.59028   0.372185   0.000432955
5   1.61593   0.382095   0.000665227
5   1.64158   0.397105   0.000735742
5   1.66723   0.413795   0.000370259
5   1.69288   0.433264   0.000396085
5   1.71853   0.450615   0.00046642
5   1.74418   0.471312   0.000491763
5   1.76983   0.490769   0.000358894
5   1.79547   0.51422   0.00033878
5   1.82112   0.537517   0.000273904
5   1.84677   0.553178   0.000308949
5   1.87242   0.578024   0.000239651
5   1.89807   0.594146   0.00011445
5   1.92372   0.61154   0.000191893
5   1.94937   0.622418   0.000228399
5   1.97502   0.633413   0.000496084
5   2.00067   0.639895   0.000401384
5   2.02632   0.636116   0.000751684
5   2.05197   0.634918   0.000160271
5   2.07762   0.630557   0.000343785
5   2.10327   0.621532   0.000329139
5   2.12892   0.604197   0.00010392
5   2.15457   0.593104   0.000531928
5   2.18022   0.577503   0.000381572
5   2.20587   0.560895   0.000394659
5   2.23152   0.542905   0.000768012
5   2.25717   0.529345   0.000485379
5   2.28282   0.517061   0.000487905
5   2.30847   0.505436   0.000480331
5   2.33412   0.495515   0.000298599
5   2.35977   0.485125   0.000283593
5   2.38542   0.478626   0.000138842
5   2.41107   0.472144   0.000176209
5   2.43672   0.465966   0.000292204
5   2.46237   0.463116   0.000405057
5   2.48802   0.46356   0.000186045
5   2.51366   0.45922   0.00022912
5   2.53931   0.449028   0.000457128



6   0   0   0
6   0.0256496   0   0
6   0.0512993   0   0
6   0.0769489   0   0
6   0.102599   0   0
6   0.128248   0   0
6   0.153898   0   0
6   0.179547   0   0
6   0.205197   0   0
6   0.230847   0   0
6   0.256496   0   0
6   0.282146   0   0
6   0.307796   0   0
6   0.333445   0   0
6   0.359095   0   0
6   0.384745   0   0
6   0.410394   0   0
6   0.436044   0   0
6   0.461694   0   0
6   0.487343   0   0
6   0.512993   0   0
6   0.538642   0   0
6   0.564292   0   0
6   0.589942   0   0
6   0.615591   0   0
6   0.641241   0   0
6   0.666891   0   0
6   0.69254   0   0
6   0.71819   0   0
6   0.74384   0   0
6   0.769489   0   0
6   0.795139   0   0
6   0.820788   0.00102305   2.46897e-05
6   0.846438   0.0157855   6.51946e-05
6   0.872088   0.110193   0.000362095
6   0.897737   0.366325   0.00119062
6   0.923387   0.798699   0.00161098
6   0.949037   1.23182   0.00210659
6   0.974686   1.54778   0.00222208
6   1.00034   1.68791   0.000730296
6   1.02599   1.67776   0.000645877
6   1.05164   1.58276   0.000529658
6   1.07728   1.45343   0.00109808
6   1.10293   1.30226   0.00163281
6   1.12858   1.15776   0.00168916
6   1.15423   1.02411   0.00196985
6   1.17988   0.912288   0.00173225
6   1.20553   0.817644   0.00143102
6   1.23118   0.737787   0.00131229
6   1.25683   0.661253   0.00097391
6   1.28248   0.606793   0.000518732
6   1.30813   0.564777   0.000442081
6   1.33378   0.530921   0.000257899
6   1.35943   0.496428   0.000227501
6   1.38508   0.472296   0.000485933
6   1.41073   0.459988   0.000323982
6   1.43638   0.446691   0.000573479
6   1.46203   0.43539   0.000668254
6   1.48768   0.433968   0.000590377
6   1.51333   0.429938   0.000692293
6   1.53898   0.431011   0.000379643
6   1.56463   0.437637   0.0005016
6   1.59028   0.448562   0.000466192
6   1.61593   0.460753   0.00065064
6   1.64158   0.478732   0.000698981
6   1.66723   0.498791   0.00045933
6   1.69288   0.521605   0.000418203
6   1.71853   0.542846   0.000503857
6   1.74418   0.566613   0.000439206
6   1.76983   0.588981   0.00029921
6   1.79547   0.616847   0.000284233
6   1.82112   0.644552   0.000239142
6   1.84677   0.66448   0.000276715
6   1.87242   0.692554   0.000258132
6   1.89807   0.711563   0.000235009
6   1.92372   0.73275   0.00023126
6   1.94937   0.74703   0.000191343
6   1.97502   0.758042   0.0005182
6   2.00067   0.765363   0.000507708
6   2.02632   0.762942   0.000629312
6   2.05197   0.760606   0.000238202
6   2.07762   0.754469   0.000440526
6   2.10327   0.743708   0.000424654
6   2.12892   0.723706   0.000220082
6   2.15457   0.70986   0.000526322
6   2.18022   0.691698   0.000374977
6   2.20587   0.672992   0.000329116
6   2.23152   0.651604   0.000640261
6   2.25717   0.635126   0.000404704
6   2.28282   0.619624   0.000426587
6   2.30847   0.606636   0.000400643
6   2.33412   0.596399   0.000367891
6   2.35977   0.583456   0.000308849
6   2.38542   0.576196   0.00030351
6   2.41107   0.567765   0.000233326
6   2.43672   0.560218   0.000291983
6   2.46237   0.556742   0.000370377
6   2.48802   0.557119   0.000201577
6   2.51366   0.552411   0.000280095
6   2.53931   0.540066   0.000424531



7   0   0   0
7   0.0256496   0   0
7   0.0512993   0   0
7   0.0769489   0   0
7   0.102599   0   0
7   0.128248   0   0
7   0.153898   0   0
7   0.179547   0   0
7   0.205197   0   0
7   0.230847   0   0
7   0.256496   0   0
7   0.282146   0   0
7   0.307796   0   0
7   0.333445   0   0
7   0.359095   0   0
7   0.384745   0   0
7   0.410394   0   0
7   0.436044   0   0
7   0.461694   0   0
7   0.487343   0   0
7   0.512993   0   0
7   0.538642   0   0
7   0.564292   0   0
7   0.589942   0   0
7   0.615591   0   0
7   0.641241   0   0
7   0.666891   0   0
7   0.69254   0   0
7   0.71819   0   0
7   0.74384   0   0
7   0.769489   0   0
7   0.795139   3.30009e-05   4.3647e-06
7   0.820788   0.00113672   2.24581e-05
7   0.846438   0.0186353   6.29319e-05
7   0.872088   0.12792   0.000321664
7   0.897737   0.431777   0.0011747
7   0.923387   0.938105   0.00161206
7   0.949037   1.44488   0.00207725
7   0.974686   1.80762   0.00192074
7   1.00034   1.97113   0.000674381
7   1.02599   1.9563   0.000571713
7   1.05164   1.84385   0.000578468
7   1.07728   1.69256   0.00102717
7   1.10293   1.51749   0.0014201
7   1.12858   1.34851   0.00147724
7   1.15423   1.19287   0.00170754
7   1.17988   1.06118   0.00154232
7   1.20553   0.952443   0.001242
7   1.23118   0.859878   0.00113073
7   1.25683   0.770839   0.000838836
7   1.28248   0.709078   0.000470013
7   1.30813   0.65744   0.000425684
7   1.33378   0.617862   0.00030111
7   1.35943   0.578167   0.000235609
7   1.38508   0.549681   0.000452217
7   1.41073   0.535874   0.000296171
7   1.43638   0.519395   0.000543009
7   1.46203   0.506538   0.000602666
7   1.48768   0.503837   0.000601552
7   1.51333   0.500475   0.00061158
7   1.53898   0.502563   0.000327543
7   1.56463   0.511519   0.000447677
7   1.59028   0.524107   0.000412837
7   1.61593   0.539836   0.000634671
7   1.64158   0.558819   0.000600424
7   1.66723   0.583914   0.000473652
7   1.69288   0.610148   0.000416867
7   1.71853   0.634963   0.000483495
7   1.74418   0.664255   0.000566999
7   1.76983   0.689517   0.000405184
7   1.79547   0.723292   0.000539158
7   1.82112   0.754466   0.000387871
7   1.84677   0.779176   0.000573615
7   1.87242   0.809987   0.000345648
7   1.89807   0.832774   0.000400517
7   1.92372   0.856569   0.000299065
7   1.94937   0.872452   0.000203987
7   1.97502   0.884167   0.000445086
7   2.00067   0.891273   0.000486887
7   2.02632   0.888828   0.000564981
7   2.05197   0.885003   0.000374157
7   2.07762   0.877458   0.000524875
7   2.10327   0.865088   0.000498126
7   2.12892   0.842218   0.000336351
7   2.15457   0.824995   0.000616305
7   2.18022   0.805014   0.000413468
7   2.20587   0.782679   0.000432422
7   2.23152   0.758938   0.000573782
7   2.25717   0.739575   0.000393576
7   2.28282   0.722338   0.000372997
7   2.30847   0.706813   0.000364696
7   2.33412   0.694243   0.000376571
7   2.35977   0.679817   0.00028929
7   2.38542   0.671559   0.000274807
7   2.41107   0.662087   0.000204021
7   2.43672   0.653275   0.000253676
7   2.46237   0.649164   0.000321169
7   2.48802   0.648772   0.000234659
7   2.51366   0.643479   0.000274139
7   2.53931   0.629965   0.000364183



8   0   0   0
8   0.0256496   0   0
8   0.0512993   0   0
8   0.0769489   0   0
8   0.102599   0   0
8   0.128248   0   0
8   0.153898   0   0
8   0.179547   0   0
8   0.205197   0   0
8   0.230847   0   0
8   0.256496   0   0
8   0.282146   0   0
8   0.307796   0   0
8   0.333445   0   0
8   0.359095   0   0
8   0.384745   0   0
8   0.410394   0   0
8   0.436044   0   0
8   0.461694   0   0
8   0.487343   0   0
8   0.512993   0   0
8   0.538642   0   0
8   0.564292   0   0
8   0.589942   0   0
8   0.615591   0   0
8   0.641241   0   0
8   0.666891   0   0
8   0.69254   0   0
8   0.71819   0   0
8   0.74384   0   0
8   0.769489   0   0
8   0.795139   3.30009e-05   3.85869e-06
8   0.820788   0.00130206   1.96538e-05
8   0.846438   0.0210863   6.03491e-05
8   0.872088   0.145096   0.000309347
8   0.897737   0.492561   0.00103321
8   0.923387   1.06973   0.00143802
8   0.949037   1.65207   0.00181984
8   0.974686   2.06752   0.00169182
8   1.00034   2.25377   0.000602611
8   1.02599   2.23939   0.000654805
8   1.05164   2.11115   0.000681324
8   1.07728   1.93671   0.000940047
8   1.10293   1.73335   0.00124723
8   1.12858   1.53819   0.00133807
8   1.15423   1.36496   0.00150698
8   1.17988   1.21097   0.00136604
8   1.20553   1.08563   0.00113773
8   1.23118   0.981269   0.00100379
8   1.25683   0.880577   0.000735343
8   1.28248   0.811024   0.000418212
8   1.30813   0.752248   0.00038665
8   1.33378   0.706597   0.000269118
8   1.35943   0.66246   0.00028623
8   1.38508   0.630086   0.000452622
8   1.41073   0.61322   0.00027523
8   1.43638   0.593296   0.000476413
8   1.46203   0.579591   0.000533478
8   1.48768   0.576363   0.000530259
8   1.51333   0.571068   0.000545469
8   1.53898   0.574215   0.000287092
8   1.56463   0.583564   0.00040981
8   1.59028   0.596661   0.000451593
8   1.61593   0.61465   0.000617318
8   1.64158   0.637085   0.000556339
8   1.66723   0.665696   0.000456373
8   1.69288   0.69522   0.000439147
8   1.71853   0.724702   0.000438007
8   1.74418   0.757639   0.000526584
8   1.76983   0.789022   0.000373408
8   1.79547   0.826315   0.000473106
8   1.82112   0.863544   0.000371729
8   1.84677   0.891712   0.00052195
8   1.87242   0.925319   0.000305696
8   1.89807   0.954628   0.000486556
8   1.92372   0.97924   0.000264088
8   1.94937   0.997449   0.000183406
8   1.97502   1.01225   0.000441263
8   2.00067   1.01927   0.000433278
8   2.02632   1.01925   0.000637789
8   2.05197   1.01361   0.000414621
8   2.07762   1.00341   0.000464686
8   2.10327   0.988531   0.000436174
8   2.12892   0.962606   0.000294424
8   2.15457   0.942751   0.000539396
8   2.18022   0.920554   0.000367208
8   2.20587   0.894135   0.000380649
8   2.23152   0.867282   0.000502138
8   2.25717   0.844218   0.000364059
8   2.28282   0.825339   0.000327128
8   2.30847   0.806634   0.000346412
8   2.33412   0.792276   0.0003556
8   2.35977   0.776438   0.00025968
8   2.38542   0.766753   0.000255695
8   2.41107   0.75651   0.00017951
8   2.43672   0.746281   0.000225073
8   2.46237   0.740777   0.000310294
8   2.48802   0.741037   0.000211005
8   2.51366   0.734227   0.000276622
8   2.53931   0.719035   0.000336505



9   0   0   0
9   0.0256496   0   0
9   0.0512993   0   0
9   0.0769489   0   0
9   0.102599   0   0
9   0.128248   0   0
9   0.153898   0   0
9   0.179547   0   0
9   0.205197   0   0
9   0.230847   0   0
9   0.256496   0   0
9   0.282146   0   0
9   0.307796   0   0
9   0.333445   0   0
9   0.359095   0   0
9   0.384745   0   0
9   0.410394   0   0
9   0.436044   0   0
9   0.461694   0   0
9   0.487343   0   0
9   0.512993   0   0
9   0.538642   0   0
9   0.564292   0   0
9   0.589942   0   0
9   0.615591   0   0
9   0.641241   0   0
9   0.666891   0   0
9   0.69254   0   0
9   0.71819   0   0
9   0.74384   0   0
9   0.769489   0   0
9   0.795139   3.30009e-05   3.45706e-06
9   0.820788   0.00147774   1.75224e-05
9   0.846438   0.0244224   9.08802e-05
9   0.872088   0.164152   0.000291353
9   0.897737   0.555286   0.000926333
9   0.923387   1.20474   0.00128546
9   0.949037   1.85527   0.0016543
9   0.974686   2.3226   0.00154439
9   1.00034   2.53916   0.00065941
9   1.02599   2.51888   0.000583803
9   1.05164   2.37433   0.000610292
9   1.07728   2.17926   0.000836986
9   1.10293   1.9491   0.00111278
9   1.12858   1.7281   0.001215
9   1.15423   1.53226   0.00138398
9   1.17988   1.3622   0.00121434
9   1.20553   1.22146   0.0010114
9   1.23118   1.10393   0.000892262
9   1.25683   0.992435   0.000679884
9   1.28248   0.912769   0.000373727
9   1.30813   0.846874   0.000349299
9   1.33378   0.795079   0.00023978
9   1.35943   0.744465   0.000267949
9   1.38508   0.710322   0.000431001
9   1.41073   0.68933   0.000251176
9   1.43638   0.669248   0.000463158
9   1.46203   0.653163   0.000488565
9   1.48768   0.648315   0.000471443
9   1.51333   0.643621   0.000500115
9   1.53898   0.646349   0.000257926
9   1.56463   0.65725   0.000372454
9   1.59028   0.671655   0.000403723
9   1.61593   0.691429   0.000548754
9   1.64158   0.716125   0.000498444
9   1.66723   0.747778   0.000422574
9   1.69288   0.779799   0.000460031
9   1.71853   0.813392   0.000437187
9   1.74418   0.852484   0.000468304
9   1.76983   0.889021   0.000361702
9   1.79547   0.92802   0.000452104
9   1.82112   0.971098   0.000332938
9   1.84677   1.00215   0.000476185
9   1.87242   1.0401   0.000287094
9   1.89807   1.0745   0.000436277
9   1.92372   1.10253   0.000252305
9   1.94937   1.12353   0.000219506
9   1.97502   1.13999   0.000412293
9   2.00067   1.14765   0.000398312
9   2.02632   1.14775   0.00057834
9   2.05197   1.14097   0.00037493
9   2.07762   1.12942   0.000417507
9   2.10327   1.1128   0.000394722
9   2.12892   1.08431   0.000298839
9   2.15457   1.06117   0.000483295
9   2.18022   1.03525   0.000328702
9   2.20587   1.00518   0.000346754
9   2.23152   0.976394   0.000452362
9   2.25717   0.950533   0.000333956
9   2.28282   0.926553   0.00035553
9   2.30847   0.906384   0.000328027
9   2.33412   0.889742   0.000356276
9   2.35977   0.873878   0.000234329
9   2.38542   0.861491   0.000255073
9   2.41107   0.849852   0.000204541
9   2.43672   0.838826   0.000214546
9   2.46237   0.832673   0.00028542
9   2.48802   0.832266   0.000238141
9   2.51366   0.825839   0.000246499
9   2.53931   0.807931   0.000316358



10   0   0   0
10   0.0256496   0   0
10   0.0512993   0   0
10   0.0769489   0   0
10   0.102599   0   0
10   0.128248   0   0
10   0.153898   0   0
10   0.179547   0   0
10   0.205197   0   0
10   0.230847   0   0
10   0.256496   0   0
10   0.282146   0   0
10   0.307796   0   0
10   0.333445   0   0
10   0.359095   0   0
10   0.384745   0   0
10   0.410394   0   0
10   0.436044   0   0
10   0.461694   0   0
10   0.487343   0   0
10   0.512993   0   0
10   0.538642   0   0
10   0.564292   0   0
10   0.589942   0   0
10   0.615591   0   0
10   0.641241   0   0
10   0.666891   0   0
10   0.69254   0   0
10   0.71819   0   0
10   0.74384   0   0
10   0.769489   0   0
10   0.795139   3.30009e-05   3.13074e-06
10   0.820788   0.00159141   1.64824e-05
10   0.846438   0.027204   8.20468e-05
10   0.872088   0.183988   0.000302825
10   0.897737   0.618564   0.000847071
10   0.923387   1.33958   0.0011606
10   0.949037   2.0669   0.00157735
10   0.974686   2.58467   0.00144095
10   1.00034   2.82416   0.000653002
10   1.02599   2.80164   0.000592087
10   1.05164   2.6388   0.000552751
10   1.07728   2.41984   0.000767709
10   1.10293   2.16109   0.0010919
10   1.12858   1.91699   0.00113283
10   1.15423   1.70077   0.0012564
10   1.17988   1.51126   0.0011145
10   1.20553   1.35564   0.000921871
10   1.23118   1.22522   0.000813493
10   1.25683   1.10282   0.000611989
10   1.28248   1.01237   0.000377816
10   1.30813   0.938672   0.000382583
10   1.33378   0.881778   0.000266187
10   1.35943   0.827134   0.0002412
10   1.38508   0.788405   0.00039604
10   1.41073   0.76669   0.000237516
10   1.43638   0.743864   0.000417541
10   1.46203   0.726533   0.000446152
10   1.48768   0.721734   0.000444148
10   1.51333   0.716141   0.000460114
10   1.53898   0.71973   0.000275519
10   1.56463   0.731837   0.000366391
10   1.59028   0.746677   0.000365266
10   1.61593   0.769743   0.000513673
10   1.64158   0.795795   0.0004487
10   1.66723   0.830191   0.000385645
10   1.69288   0.865886   0.00041739
10   1.71853   0.904261   0.000396235
10   1.74418   0.946638   0.000424885
10   1.76983   0.988268   0.000328533
10   1.79547   1.03075   0.000408546
10   1.82112   1.07837   0.000305474
10   1.84677   1.11363   0.00042874
10   1.87242   1.15575   0.000258492
10   1.89807   1.19409   0.000393095
10   1.92372   1.22654   0.000268412
10   1.94937   1.24962   0.000230279
10   1.97502   1.26839   0.000405754
10   2.00067   1.27542   0.000359248
10   2.02632   1.27599   0.000524903
10   2.05197   1.26647   0.000358203
10   2.07762   1.25439   0.000379013
10   2.10327   1.23517   0.000375431
10   2.12892   1.20476   0.000268969
10   2.15457   1.17867   0.000436684
10   2.18022   1.14867   0.000333203
10   2.20587   1.11654   0.000313577
10   2.23152   1.08386   0.000418465
10   2.25717   1.05562   0.000304726
10   2.28282   1.02984   0.000321531
10   2.30847   1.00619   0.00030745
10   2.33412   0.987021   0.000354003
10   2.35977   0.970673   0.000212847
10   2.38542   0.956586   0.000237136
10   2.41107   0.944082   0.000185047
10   2.43672   0.93173   0.000195172
10   2.46237   0.925247   0.00025693
10   2.48802   0.925056   0.000216406
10   2.51366   0.916917   0.000231086
10   2.53931   0.897393   0.000286222



