                   1             2.11913             2.11913                   0
                   2             2.13711             2.12812          0.00635789
                   3             2.11845             2.12489          0.00498903
                   4             2.06049             2.10879           0.0144372
                   5             2.11872             2.11078           0.0116854
                   6             2.11739             2.11188          0.00978969
                   7             2.07082             2.10602          0.00999524
                   8             2.10952             2.10645          0.00875544
                   9             2.04678             2.09982           0.0099826
                  10             2.10665             2.10051          0.00900768
                  11             2.14234             2.10431          0.00895569
                  12               2.035             2.09853          0.00989829
                  13             2.11847             2.10007          0.00925492
                  14             2.10015             2.10007          0.00859386
                  15             2.07941             2.09869          0.00813062
                  16             2.16443              2.1028          0.00859817
                  17             2.07421             2.10112          0.00825525
                  18             2.07458             2.09965           0.0079272
                  19             2.07825             2.09852          0.00758955
                  20             2.11719             2.09945          0.00726727
