                   1             2.81416             2.81416                   0
                   2             2.61175             2.71295           0.0715621
                   3             2.73109               2.719           0.0479628
                   4             2.69203             2.71226           0.0364429
                   5             2.71432             2.71267           0.0291567
                   6             2.66616             2.70492           0.0253065
                   7             2.76999             2.71421           0.0233362
                   8             2.70841             2.71349           0.0204305
                   9              2.8404             2.72759           0.0225069
                  10             2.80328             2.73516           0.0214914
                  11             2.64126             2.72662           0.0211652
                  12             2.79383             2.73222           0.0201288
                  13             2.69297              2.7292           0.0188055
                  14             2.71844             2.72844            0.017478
                  15              2.8193             2.73449           0.0173308
                  16             2.79339             2.73817            0.016634
                  17             2.72236             2.73724           0.0156815
                  18             2.70764              2.7356           0.0148963
                  19             2.62905             2.72999           0.0151311
                  20             2.87005               2.737           0.0159129
