                   1           -0.976369           -0.976369                   0
                   2           -0.985789           -0.981079          0.00333063
                   3           -0.977015           -0.979724          0.00248062
                   4           -0.978441           -0.979403           0.0018811
                   5           -0.987368           -0.980996          0.00207231
                   6           -0.986495           -0.981913          0.00191891
                   7           -0.981921           -0.981914          0.00164478
                   8           -0.973087           -0.980811          0.00177098
                   9           -0.984787           -0.981252          0.00162837
                  10           -0.971023            -0.98023          0.00175769
                  11           -0.981373           -0.980333          0.00160097
                  12           -0.978929           -0.980216          0.00147182
                  13           -0.977721           -0.980024          0.00137107
                  14           -0.984552           -0.980348          0.00131071
                  15           -0.984151           -0.980601          0.00124762
                  16            -0.96993           -0.979934          0.00133607
                  17           -0.982476           -0.980084          0.00126582
                  18           -0.977092           -0.979918          0.00120636
                  19           -0.964478           -0.979105          0.00138986
                  20            -0.97124           -0.978712          0.00137488
