                   1             0.74803             0.74803                   0
                   2            0.819452            0.783741           0.0252515
                   3            0.695356            0.754279           0.0293608
                   4             0.77125            0.758522            0.022325
                   5             0.79619            0.766056           0.0190888
                   6            0.844158            0.779073           0.0198557
                   7            0.818242            0.784668           0.0177901
                   8            0.687974            0.772581           0.0192391
                   9            0.840332            0.780109           0.0185156
                  10            0.616974            0.763796           0.0227422
                  11            0.794236            0.766563           0.0208425
                  12            0.704666            0.761405           0.0197335
                  13            0.752054            0.760686           0.0182287
                  14            0.817386            0.764736           0.0173707
                  15            0.794964            0.766751           0.0163291
                  16            0.669104            0.760648           0.0164095
                  17            0.789796            0.762363           0.0155335
                  18            0.669806            0.757221           0.0154983
                  19            0.556106            0.746636           0.0179366
                  20            0.703624            0.744485           0.0171682
