                   1           -0.470584           -0.470584                   0
                   2            -0.47444           -0.472512           0.0013633
                   3            -0.47266           -0.472561          0.00090976
                   4           -0.473096           -0.472695          0.00069207
                   5           -0.470752           -0.472306         0.000653715
                   6           -0.472648           -0.472363         0.000547236
                   7           -0.472968            -0.47245         0.000475828
                   8           -0.473528           -0.472584         0.000435021
                   9           -0.474084           -0.472751         0.000417373
                  10           -0.472488           -0.472725         0.000376464
                  11           -0.471092           -0.472576         0.000370349
                  12           -0.468712           -0.472254         0.000458599
                  13           -0.472424           -0.472267         0.000423508
                  14           -0.474312           -0.472413          0.00041768
                  15           -0.473116            -0.47246         0.000392452
                  16           -0.472192           -0.472444         0.000368282
                  17           -0.471644           -0.472396         0.000349608
                  18           -0.473524           -0.472459          0.00033575
                  19           -0.472364           -0.472454         0.000318117
                  20           -0.473684           -0.472516         0.000308097
