                   1             2.68299             2.68299                   0
                   2             2.54827             2.61563           0.0476292
                   3             2.65626             2.62917           0.0336236
                   4              2.5423             2.60746             0.03146
                   5             2.65014             2.61599           0.0263006
                   6             2.59444              2.6124           0.0221612
                   7             2.69425             2.62409           0.0218634
                   8             2.66576              2.6293           0.0197411
                   9              2.6522             2.63184           0.0177109
                  10             2.70385             2.63904           0.0173418
                  11             2.55619             2.63151           0.0173239
                  12             2.69851              2.6371           0.0167557
                  13             2.59306             2.63371           0.0158054
                  14             2.65821             2.63546            0.014773
                  15             2.69905              2.6397           0.0143836
                  16             2.71011              2.6441           0.0141418
                  17             2.65392             2.64468           0.0133218
                  18             2.63939             2.64438           0.0125849
                  19             2.59441             2.64175           0.0121943
                  20             2.72968             2.64615           0.0123517
