                   1           -0.593276           -0.593276                   0
                   2           -0.592168           -0.592722         0.000391737
                   3           -0.591688           -0.592377         0.000383927
                   4           -0.592544           -0.592419         0.000290198
                   5            -0.59112           -0.592159         0.000328473
                   6           -0.590696           -0.591915         0.000352825
                   7           -0.591212           -0.591815         0.000316405
                   8           -0.593236           -0.591993         0.000322894
                   9           -0.592736           -0.592075         0.000297397
                  10           -0.591576           -0.592025         0.000271813
                  11           -0.589368           -0.591784         0.000337799
                  12           -0.589716           -0.591611         0.000350852
                  13           -0.589332           -0.591436         0.000365054
                  14           -0.592408           -0.591505         0.000345518
                  15           -0.592204           -0.591552         0.000325607
                  16           -0.591736           -0.591564         0.000305459
                  17           -0.591236           -0.591544         0.000288098
                  18           -0.594568           -0.591712         0.000317311
                  19           -0.592088           -0.591732         0.000301226
                  20           -0.592396           -0.591765         0.000287988
