                   1            0.304633            0.304633                   0
                   2            0.292304            0.298469          0.00435892
                   3            0.301266            0.299401          0.00300404
                   4            0.300084            0.299572          0.00225787
                   5            0.298632            0.299384          0.00181411
                   6            0.304664            0.300264          0.00171193
                   7            0.301868            0.300493          0.00148262
                   8            0.306245            0.301212          0.00146126
                   9            0.310024            0.302191          0.00159349
                  10            0.306058            0.302578          0.00148033
                  11            0.302189            0.302542          0.00134618
                  12            0.307239            0.302934          0.00128964
                  13            0.304467            0.303052          0.00119582
                  14            0.303352            0.303073           0.0011106
                  15            0.306472              0.3033          0.00105942
                  16             0.30761            0.303569          0.00102688
                  17            0.306084            0.303717         0.000977073
                  18            0.304834            0.303779         0.000924759
                  19            0.303522            0.303766         0.000876186
                  20            0.307969            0.303976         0.000857214
