                   1           -0.484471           -0.484471                   0
                   2           -0.488871           -0.486671          0.00155563
                   3           -0.486786           -0.486709          0.00103756
                   4           -0.486865           -0.486748         0.000778903
                   5            -0.48428           -0.486255         0.000763648
                   6           -0.486197           -0.486245         0.000636434
                   7           -0.486437           -0.486272         0.000546104
                   8           -0.486269           -0.486272         0.000477841
                   9           -0.487801           -0.486442         0.000453938
                  10           -0.485526            -0.48635         0.000417683
                  11           -0.484524           -0.486184         0.000411397
                  12           -0.482995           -0.485918         0.000454931
                  13           -0.486003           -0.485925         0.000419983
                  14            -0.48718           -0.486015         0.000399444
                  15           -0.486888           -0.486073         0.000377034
                  16           -0.486491           -0.486099         0.000354372
                  17           -0.485139           -0.486042         0.000337994
                  18           -0.486526           -0.486069         0.000320282
                  19           -0.486606           -0.486098          0.00030467
                  20           -0.486997           -0.486143         0.000292736
