                   1            0.388147            0.388147                   0
                   2            0.377458            0.382803          0.00377894
                   3            0.374788            0.380131          0.00333243
                   4            0.375526             0.37898          0.00269085
                   5             0.37714            0.378612          0.00217768
                   6            0.374737            0.377966           0.0019081
                   7            0.379403            0.378171          0.00164652
                   8             0.37154            0.377342          0.00163612
                   9            0.381217            0.377773          0.00150991
                  10            0.378233            0.377819          0.00135962
                  11            0.370326            0.377138          0.00139626
                  12             0.37844            0.377246          0.00128412
                  13            0.380145            0.377469          0.00120454
                  14            0.375724            0.377345          0.00112493
                  15             0.38816            0.378066          0.00125999
                  16            0.365922            0.377307          0.00139119
                  17            0.379673            0.377446           0.0013163
                  18            0.380976            0.377642           0.0012577
                  19            0.380766            0.377806           0.0012022
                  20            0.375933            0.377713          0.00114573
