                   1             1.83211             1.83211                   0
                   2             1.73392             1.78302           0.0347136
                   3             1.85387             1.80663           0.0301239
                   4             1.78041             1.80008           0.0232952
                   5             1.82977             1.80602           0.0193783
                   6             1.84472             1.81247           0.0171887
                   7             1.87793             1.82182           0.0170885
                   8             1.88934             1.83026           0.0169088
                   9             1.84109             1.83146           0.0150728
                  10             1.85316             1.83363           0.0137209
                  11             1.87279             1.83719           0.0129271
                  12             1.86809             1.83977           0.0121034
                  13             1.80412             1.83703           0.0114787
                  14             1.82389             1.83609           0.0106971
                  15             1.86238             1.83784           0.0101265
                  16             1.90886             1.84228           0.0104212
                  17              1.9457             1.84836            0.011447
                  18             1.87774             1.84999           0.0109268
                  19             1.82789             1.84883           0.0104134
                  20             1.86458             1.84962          0.00992249
