                   1            0.433155            0.433155                   0
                   2            0.420126             0.42664          0.00460656
                   3             0.40616            0.419813          0.00636414
                   4            0.426671            0.421528          0.00499866
                   5            0.396638             0.41655          0.00598453
                   6            0.425352            0.418017          0.00516379
                   7            0.422672            0.418682          0.00446872
                   8            0.454372            0.423143          0.00571877
                   9            0.449643            0.426088          0.00579196
                  10            0.422627            0.425742          0.00522309
                  11            0.412897            0.424574          0.00487704
                  12            0.452842             0.42693          0.00500733
                  13            0.436439            0.427661          0.00467527
                  14            0.457023            0.429758           0.0047887
                  15             0.42323            0.429323          0.00448918
                  16            0.447524            0.430461          0.00435035
                  17            0.418092            0.429733          0.00415484
                  18             0.43199            0.429859          0.00392591
                  19            0.419006            0.429287           0.0037606
                  20             0.47764            0.431705          0.00427973
