                   1            0.388401            0.388401                   0
                   2            0.381617            0.385009          0.00239846
                   3             0.37992            0.383313          0.00211549
                   4            0.384121            0.383515          0.00159624
                   5            0.383597            0.383531          0.00127708
                   6            0.382595            0.383375          0.00107373
                   7             0.39056            0.384402          0.00132284
                   8            0.382933            0.384218          0.00117015
                   9            0.384209            0.384217          0.00104013
                  10            0.376916            0.383487          0.00116448
                  11            0.379939            0.383164           0.0011024
                  12            0.383389            0.383183          0.00101069
                  13            0.391631            0.383833          0.00112257
                  14            0.379654            0.383534          0.00108134
                  15            0.385051            0.383636          0.00101397
                  16            0.373191            0.382983          0.00114156
                  17            0.384646            0.383081          0.00107859
                  18            0.383864            0.383124          0.00101955
                  19            0.385456            0.383247         0.000973247
                  20             0.38277            0.383223         0.000924877
