                   1            0.223303            0.223303                   0
                   2            0.223563            0.223433         9.20546e-05
                   3            0.226067            0.224311         0.000719368
                   4            0.219866              0.2232          0.00110337
                   5            0.224632            0.223486         0.000919134
                   6            0.220268             0.22295         0.000909054
                   7            0.225762            0.223352         0.000863421
                   8            0.222545            0.223251         0.000761355
                   9            0.224132            0.223349         0.000683026
                  10            0.228384            0.223852         0.000778492
                  11            0.225227            0.223977         0.000717682
                  12            0.227521            0.224273         0.000716047
                  13            0.221803            0.224083         0.000685701
                  14            0.224279            0.224097         0.000636867
                  15            0.227024            0.224292         0.000623595
                  16            0.227598            0.224498          0.00061791
                  17            0.223241            0.224424          0.00058597
                  18             0.22247            0.224316         0.000563389
                  19             0.22553             0.22438         0.000537345
                  20            0.226374            0.224479         0.000519643
