                   1            0.431761            0.431761                   0
                   2            0.417096            0.424428          0.00518465
                   3            0.406572            0.418476          0.00596364
                   4            0.449618            0.426262          0.00809103
                   5             0.38569            0.418147           0.0097248
                   6            0.395749            0.414414          0.00879133
                   7            0.412229            0.414102          0.00754097
                   8            0.453258            0.418997          0.00803119
                   9            0.424566            0.419615          0.00716264
                  10            0.410393            0.418693          0.00650547
                  11            0.421712            0.418968          0.00591985
                  12            0.447759            0.421367           0.0058927
                  13            0.409773            0.420475          0.00550649
                  14            0.458047            0.423159          0.00572997
                  15            0.434142            0.423891          0.00539455
                  16            0.418298            0.423541           0.0050687
                  17            0.391392             0.42165          0.00511118
                  18            0.452891            0.423386          0.00511342
                  19            0.431352            0.423805          0.00486145
                  20            0.416168            0.423423          0.00463335
