                   1            -1.01978            -1.01978                   0
                   2            -1.01994            -1.01986         5.77989e-05
                   3            -1.01986            -1.01986         3.85407e-05
                   4            -1.01997            -1.01989         3.68133e-05
                   5            -1.01989            -1.01989         2.94509e-05
                   6            -1.01999            -1.01991         2.91879e-05
                   7            -1.01994            -1.01991         2.53731e-05
                   8               -1.02            -1.01992         2.45735e-05
                   9            -1.01996            -1.01993         2.22865e-05
                  10               -1.02            -1.01993         2.11314e-05
                  11            -1.01999            -1.01994         1.98804e-05
                  12            -1.01995            -1.01994         1.82374e-05
                  13            -1.01998            -1.01994         1.71556e-05
                  14            -1.01849            -1.01984         0.000101148
                  15            -1.01982            -1.01984         9.44121e-05
                  16            -1.01977            -1.01983         8.86086e-05
                  17            -1.01987            -1.01984         8.34199e-05
                  18            -1.01986            -1.01984            7.88e-05
                  19            -1.01983            -1.01984         7.46543e-05
                  20            -1.01998            -1.01984         7.12454e-05
