                   1            0.999358            0.999358                   0
                   2            0.999932            0.999645          0.00020294
                   3             0.99979            0.999693         0.000140931
                   4            0.999958             0.99976         0.000120232
                   5            0.999772            0.999762         9.62114e-05
                   6            0.999994            0.999801         8.76022e-05
                   7            0.999866             0.99981         7.55832e-05
                   8                   1            0.999834          6.9767e-05
                   9             0.99997            0.999849         6.36364e-05
                  10            0.999998            0.999864         5.89939e-05
                  11            0.999996            0.999876         5.48413e-05
                  12            0.999956            0.999882         5.06766e-05
                  13            0.999984             0.99989          4.7376e-05
                  14            0.991562            0.999295         0.000574925
                  15            0.999606            0.999316          0.00053697
                  16            0.999446            0.999324          0.00050347
                  17            0.999798            0.999352         0.000474625
                  18            0.999768            0.999375         0.000448819
                  19            0.999364            0.999375         0.000425197
                  20            0.999978            0.999405         0.000405006
