                   1             37.2895             37.2895                   0
                   2             34.8677             36.0786            0.856243
                   3             38.2084             36.7885            0.813542
                   4             35.9106             36.5691            0.639077
                   5             37.3232             36.7199            0.528762
                   6             40.1081             37.2846            0.678154
                   7             34.5105             36.8883            0.687387
                   8             40.1726             37.2988            0.713606
                   9             37.7173             37.3453            0.635829
                  10             37.2564             37.3364            0.572309
                  11             31.5803             36.8131            0.720853
                  12             39.6564             37.0501            0.698637
                  13             37.1652             37.0589            0.644952
                  14             42.4007             37.4405            0.702743
                  15             36.3055             37.3648            0.659955
                  16             38.0127             37.4053            0.619949
                  17              39.941             37.5545            0.601156
                  18             40.9108             37.7409            0.595975
                  19             33.6988             37.5282            0.601382
                  20             35.4823             37.4259            0.579948
