                   1            0.396082            0.396082                   0
                   2            0.390649            0.393366          0.00192095
                   3            0.389654            0.392128          0.00163104
                   4            0.390525            0.391727          0.00127161
                   5            0.396005            0.392583          0.00127297
                   6            0.399971            0.393814          0.00154552
                   7            0.383534            0.392346          0.00189829
                   8            0.393803            0.392528          0.00166972
                   9            0.395043            0.392807           0.0015074
                  10            0.385158            0.392042          0.00153857
                  11            0.388333            0.391705          0.00143517
                  12            0.392459            0.391768          0.00131695
                  13            0.400124            0.392411          0.00136349
                  14            0.384062            0.391814          0.00139041
                  15            0.393483            0.391926          0.00130216
                  16            0.394672            0.392097          0.00123204
                  17            0.406837            0.392964          0.00143251
                  18             0.39751            0.393217          0.00137501
                  19             0.39844            0.393492          0.00132983
                  20            0.394645            0.393549          0.00126459
