                   1             4.92838             4.92838                   0
                   2              5.1537             5.04104           0.0796633
                   3             5.31565             5.13257           0.0916868
                   4             5.24622             5.16099           0.0730349
                   5             5.37966             5.20472            0.070314
                   6              5.4743             5.24965           0.0715238
                   7             5.04622             5.22059           0.0669506
                   8             5.16043             5.21307           0.0590025
                   9             5.46481             5.24104           0.0587038
                  10             5.03485             5.22042           0.0563383
                  11             5.33626             5.23095           0.0521915
                  12             5.17292             5.22612           0.0480658
                  13             5.14125             5.21959           0.0448096
                  14             5.40048             5.23251           0.0434318
                  15              5.3151             5.23801           0.0408838
                  16              5.4129             5.24894           0.0397628
                  17             5.49232             5.26326           0.0399179
                  18             5.23696              5.2618            0.037727
                  19             5.64157             5.28179           0.0406932
                  20             5.31517             5.28346           0.0386928
