                   1             0.08984             0.08984                   0
                   2            0.104436            0.097138          0.00516047
                   3             0.09236           0.0955453          0.00367788
                   4            0.093142           0.0949445          0.00280706
                   5            0.094654           0.0948864          0.00224625
                   6            0.107504           0.0969893          0.00268126
                   7            0.108454           0.0986271          0.00275337
                   8            0.100902           0.0989115          0.00242384
                   9            0.125528            0.101869          0.00352368
                  10            0.095286            0.101211          0.00323222
                  11            0.087312           0.0999471          0.00317575
                  12            0.096896           0.0996928          0.00292127
                  13            0.098224           0.0995798          0.00269874
                  14            0.083818            0.098454          0.00273073
                  15            0.102362           0.0987145          0.00256108
                  16            0.104308           0.0990641          0.00242475
                  17            0.123006            0.100472          0.00265986
                  18             0.09137           0.0999668          0.00255971
                  19              0.1282            0.101453          0.00282355
                  20            0.096526            0.101206          0.00269309
