                   1            0.286972            0.286972                   0
                   2            0.285787            0.286379         0.000418922
                   3            0.285715            0.286158         0.000332641
                   4            0.283808            0.285571         0.000566608
                   5            0.283573            0.285171          0.00057724
                   6            0.282348              0.2847         0.000644895
                   7            0.286226            0.284918         0.000588463
                   8            0.286049             0.28506         0.000531613
                   9            0.296194            0.286297          0.00125847
                  10            0.288366            0.286504          0.00114951
                  11            0.290281            0.286847          0.00109511
                  12            0.292169            0.287291          0.00108996
                  13            0.285733            0.287171          0.00101269
                  14            0.287469            0.287192         0.000940576
                  15            0.287032            0.287182         0.000877932
                  16            0.286997             0.28717         0.000823137
                  17            0.288346            0.287239         0.000777617
                  18            0.286918            0.287221         0.000734621
                  19            0.288336             0.28728         0.000698295
                  20            0.291601            0.287496         0.000695997
