                   1               6e-05               6e-05                   0
                   2             0.00873            0.004395          0.00306531
                   3            0.004054          0.00428133          0.00204564
                   4            -0.00862            0.001056          0.00318684
                   5           -0.012726          -0.0017004          0.00354655
                   6           -0.005738         -0.00237333          0.00301862
                   7            0.004224         -0.00143086          0.00273056
                   8              -0.007           -0.002127          0.00247639
                   9            0.001276         -0.00174889          0.00222992
                  10           -0.009362          -0.0025102          0.00213293
                  11           -0.000102         -0.00229127          0.00195023
                  12           -0.001334          -0.0022115          0.00178934
                  13            0.016164           -0.000798          0.00213832
                  14             0.00618        -0.000299571          0.00204284
                  15           -0.002148          -0.0004228          0.00191037
                  16           -0.008488        -0.000926875          0.00185628
                  17            -0.00427         -0.00112353          0.00175748
                  18             -0.0086         -0.00153889          0.00170822
                  19           -0.001636           -0.001544          0.00161832
                  20            0.003364          -0.0012986           0.0015559
