                   1             24.5944             24.5944                   0
                   2             26.7208             25.6576            0.751775
                   3              23.357             24.8907            0.802011
                   4             25.2997              24.993            0.607989
                   5              25.019             24.9982            0.486413
                   6             23.1913              24.697            0.489774
                   7             25.1557             24.7625            0.424167
                   8             26.2861              24.953            0.411688
                   9             24.5913             24.9128            0.367901
                  10             24.7294             24.8945            0.331567
                  11             24.2935             24.8398            0.305893
                  12             23.7483             24.7489            0.293615
                  13             24.5022             24.7299            0.271641
                  14             21.7717             24.5186            0.324165
                  15               24.69               24.53            0.302755
                  16             23.2824              24.452            0.293703
                  17             23.5765             24.4005            0.280906
                  18             23.5769             24.3548            0.269001
                  19             23.0451             24.2859            0.263527
                  20             25.0984             24.3265            0.253463
