                   1             110.846             110.846                   0
                   2             109.724             110.285            0.396571
                   3             111.054             110.542            0.337137
                   4             109.722             110.337            0.308886
                   5             110.287             110.327            0.247271
                   6             113.121             110.792            0.472479
                   7             112.474             111.033            0.462061
                   8             109.824             110.882            0.428286
                   9             109.589             110.738            0.404059
                  10             111.294             110.794            0.367454
                  11             110.191             110.739             0.33811
                  12             112.315              110.87            0.334463
                  13             110.676             110.855            0.309069
                  14             108.513             110.688            0.329184
                  15             111.636             110.751            0.313254
                  16             112.341              110.85            0.309045
                  17             109.877             110.793            0.296126
                  18             110.672             110.786            0.279751
                  19             111.705             110.835            0.269175
                  20             109.929              110.79            0.259495
