                   1            0.364183            0.364183                   0
                   2             0.36032            0.362251          0.00136581
                   3            0.352146            0.358883          0.00289703
                   4            0.353491            0.357535          0.00246658
                   5            0.356836            0.357395          0.00197722
                   6            0.352447             0.35657          0.00181152
                   7             0.36563            0.357865          0.00196127
                   8             0.35869            0.357968          0.00171882
                   9            0.358041            0.357976          0.00152786
                  10            0.364817             0.35866          0.00152052
                  11            0.348371            0.357725          0.00164502
                  12            0.365042            0.358334          0.00161701
                  13            0.357151            0.358243          0.00149519
                  14             0.35975            0.358351          0.00139226
                  15            0.358478            0.358359          0.00129947
                  16            0.359103            0.358406          0.00121908
                  17            0.361783            0.358605          0.00116344
                  18             0.36205            0.358796          0.00111444
                  19            0.353619            0.358524          0.00108859
                  20            0.364834            0.358839          0.00107892
