                   1            0.453403            0.453403                   0
                   2            0.467867            0.460635          0.00511383
                   3            0.447766            0.456345          0.00488773
                   4            0.449161            0.454549          0.00398217
                   5            0.460486            0.455736           0.0033581
                   6            0.461225            0.456651          0.00292035
                   7            0.451359            0.455895          0.00259917
                   8            0.455305            0.455821          0.00227532
                   9            0.470306            0.457431           0.0025284
                  10            0.467606            0.458448          0.00247185
                  11            0.444569            0.457187          0.00254892
                  12            0.467909             0.45808          0.00248821
                  13            0.450538              0.4575          0.00236349
                  14            0.445548            0.456646          0.00234378
                  15            0.475207            0.457884          0.00249285
                  16            0.468012            0.458517          0.00241608
                  17            0.451097             0.45808          0.00231305
                  18            0.452385            0.457764          0.00220608
                  19            0.441158             0.45689          0.00225647
                  20             0.46469             0.45728          0.00217709
