                   1           -0.791154           -0.791154                   0
                   2           -0.790239           -0.790696         0.000323346
                   3           -0.788365           -0.789919         0.000670112
                   4           -0.791743           -0.790375         0.000639133
                   5           -0.792052           -0.790711         0.000592804
                   6           -0.791385           -0.790823         0.000504542
                   7           -0.788288           -0.790461         0.000547207
                   8           -0.790567           -0.790474         0.000478968
                   9           -0.787085           -0.790098         0.000554333
                  10            -0.78554           -0.789642         0.000660192
                  11           -0.791847           -0.789842         0.000629871
                  12           -0.790291            -0.78988         0.000578489
                  13           -0.787432           -0.789691         0.000563805
                  14           -0.789994           -0.789713         0.000523948
                  15           -0.791984           -0.789864          0.00051042
                  16           -0.788375           -0.789771         0.000486935
                  17           -0.791495           -0.789873         0.000468725
                  18           -0.788774           -0.789812         0.000446641
                  19           -0.786943           -0.789661          0.00044792
                  20           -0.794184           -0.789887         0.000479241
