                   1              2.2199              2.2199                   0
                   2             2.10546             2.16268           0.0404606
                   3              2.2304             2.18525           0.0326688
                   4             2.16461             2.18009           0.0249058
                   5             2.16726             2.17753           0.0200564
                   6             2.20423             2.18198           0.0172005
                   7             2.20065             2.18464           0.0149486
                   8             2.18178             2.18429           0.0130843
                   9             2.30335             2.19752           0.0170542
                  10              2.2343              2.2012           0.0157404
                  11             2.16478             2.19788           0.0146535
                  12             2.23279             2.20079            0.013718
                  13             2.13737             2.19591           0.0135024
                  14             2.16976             2.19405           0.0126665
                  15             2.22945             2.19641             0.01204
                  16             2.25103             2.19982           0.0117615
                  17             2.26182             2.20347           0.0116213
                  18             2.18122             2.20223           0.0110413
                  19             2.17944             2.20103           0.0105251
                  20             2.30411             2.20619           0.0111898
