                   1            0.370699            0.370699                   0
                   2            0.370806            0.370752         3.77516e-05
                   3            0.360739            0.367415          0.00272541
                   4             0.36235            0.366148          0.00231961
                   5            0.363707             0.36566           0.0019064
                   6            0.361385            0.364948          0.00171663
                   7            0.373639            0.366189          0.00186717
                   8            0.360811            0.365517          0.00175064
                   9            0.368253            0.365821           0.0015823
                  10            0.370185            0.366257          0.00148304
                  11            0.352743            0.365029          0.00178599
                  12            0.373672            0.365749          0.00177649
                  13            0.363442            0.365572          0.00164867
                  14             0.36667             0.36565          0.00153277
                  15            0.372047            0.366077          0.00148873
                  16            0.363042            0.365887          0.00140772
                  17            0.368128            0.366019          0.00133107
                  18            0.362923            0.365847          0.00126819
                  19            0.359107            0.365492          0.00125006
                  20            0.369814            0.365708          0.00120609
