                   1             2.07666             2.07666                   0
                   2             2.07488             2.07577         0.000629111
                   3             2.02628             2.05928           0.0134756
                   4             2.08925             2.06677           0.0120106
                   5             2.03619             2.06065           0.0110561
                   6             1.98801             2.04855           0.0143894
                   7             2.09053             2.05454           0.0135262
                   8             2.07265             2.05681           0.0120233
                   9             1.95106             2.04506           0.0153925
                  10             2.02609             2.04316           0.0139697
                  11              2.0763             2.04617           0.0130205
                  12             1.99348             2.04178           0.0126544
                  13             2.08742             2.04529           0.0121581
                  14             2.01272             2.04297           0.0115101
                  15              2.0209              2.0415           0.0108364
                  16             2.08509             2.04422            0.010496
                  17             2.05407              2.0448           0.0098946
                  18             2.03917             2.04449          0.00934985
                  19             2.08175             2.04645          0.00906114
                  20             2.01344              2.0448          0.00875709
