                   1            0.262031            0.262031                   0
                   2            0.261301            0.261666         0.000258126
                   3             0.25665            0.259994          0.00137595
                   4            0.258947            0.259732          0.00105654
                   5            0.264345            0.260655          0.00118127
                   6            0.252996            0.259378          0.00152535
                   7            0.258389            0.259237          0.00131398
                   8            0.260006            0.259333          0.00115325
                   9            0.263595            0.259807          0.00111813
                  10            0.258996            0.259726          0.00100925
                  11            0.262033            0.259935         0.000939042
                  12            0.261605            0.260074         0.000871034
                  13            0.256799            0.259822          0.00083969
                  14            0.259037            0.259766         0.000781586
                  15            0.261735            0.259898         0.000740414
                  16            0.261964            0.260027         0.000705313
                  17            0.258855            0.259958         0.000667181
                  18            0.263479            0.260153         0.000658165
                  19            0.259389            0.260113         0.000624754
                  20            0.265741            0.260395         0.000653814
