                   1            -1.01986            -1.01986                   0
                   2               -1.02            -1.01993          5.0148e-05
                   3               -1.02            -1.01995          3.8604e-05
                   4               -1.02            -1.01996         3.07093e-05
                   5               -1.02            -1.01997         2.53731e-05
                   6               -1.02            -1.01998         2.15803e-05
                   7               -1.02            -1.01998         1.87598e-05
                   8               -1.02            -1.01998         1.65849e-05
                   9               -1.02            -1.01998         1.48587e-05
                  10               -1.02            -1.01999         1.34561e-05
                  11               -1.02            -1.01999         1.22945e-05
                  12               -1.02            -1.01999         1.13168e-05
                  13               -1.02            -1.01999         1.04827e-05
                  14               -1.02            -1.01999         9.76289e-06
                  15               -1.02            -1.01999         9.13537e-06
                  16               -1.02            -1.01999          8.5835e-06
                  17               -1.02            -1.01999         8.09441e-06
                  18               -1.02            -1.01999         7.65798e-06
                  19               -1.02            -1.01999         7.26616e-06
                  20               -1.02            -1.01999         6.91243e-06
