                   1            0.244977            0.244977                   0
                   2            0.242003             0.24349          0.00105139
                   3            0.243718            0.243566         0.000703676
                   4            0.243663             0.24359         0.000528176
                   5            0.249111            0.244695          0.00107422
                   6            0.247047            0.245087         0.000964075
                   7            0.244963            0.245069         0.000826513
                   8            0.241976            0.244682         0.000808583
                   9            0.253123             0.24562          0.00113947
                  10            0.246963            0.245755          0.00103341
                  11            0.246375            0.245811         0.000940998
                  12            0.248851            0.246064         0.000896046
                  13            0.251288            0.246466         0.000912792
                  14            0.240105            0.246012         0.000953996
                  15            0.251137            0.246353         0.000949615
                  16            0.243765            0.246192          0.00090394
                  17            0.248278            0.246314         0.000859056
                  18            0.240191            0.245974           0.0008761
                  19            0.242192            0.245775         0.000852299
                  20            0.242571            0.245615         0.000824604
