                   1             0.03637             0.03637                   0
                   2            0.044576            0.040473          0.00290126
                   3             0.03678            0.039242          0.00217974
                   4            0.042964           0.0401725          0.00182262
                   5            0.029776           0.0380932          0.00236323
                   6            0.041214           0.0386133          0.00202579
                   7             0.03837           0.0385786          0.00173669
                   8             0.04149           0.0389425          0.00155727
                   9            0.042308           0.0393164          0.00142843
                  10            0.039382            0.039323           0.0012856
                  11            0.041922           0.0395593          0.00119024
                  12            0.049466           0.0403848          0.00134728
                  13             0.03956           0.0403214          0.00124513
                  14            0.029958           0.0395811          0.00135853
                  15            0.038894           0.0395353          0.00126873
                  16             0.04098           0.0396256          0.00119265
                  17            0.039588           0.0396234          0.00112249
                  18             0.03095           0.0391416          0.00115895
                  19            0.040316           0.0392034           0.0010996
                  20            0.042856            0.039386          0.00105968
