                   1              6.9933              6.9933                   0
                   2              6.9124             6.95285           0.0286021
                   3             6.72419             6.87663           0.0650908
                   4             7.15585             6.94644           0.0777031
                   5             6.96413             6.94997           0.0622429
                   6             6.84053             6.93173           0.0544766
                   7             6.54084             6.87589           0.0696646
                   8             7.03779             6.89613           0.0638282
                   9             7.01343             6.90916           0.0580516
                  10             6.60749             6.87899           0.0595714
                  11             6.91158             6.88196           0.0542294
                  12             7.35559             6.92143           0.0624431
                  13             6.80929              6.9128           0.0582325
                  14             7.10013             6.92618            0.055589
                  15             7.27821             6.94965           0.0566208
                  16             6.92437             6.94807            0.053104
                  17             6.83469              6.9414           0.0503973
                  18             6.83177             6.93531           0.0479641
                  19             6.92278             6.93465           0.0454442
                  20             7.28847             6.95234           0.0464881
