                   1            0.070744            0.070744                   0
                   2        -3.42661e-13            0.035372           0.0250118
                   3        -3.42661e-13           0.0235813           0.0192541
                   4        -3.42661e-13            0.017686           0.0153165
                   5        -3.42661e-13           0.0141488           0.0126551
                   6        -3.42661e-13           0.0117907           0.0107633
                   7        -3.42661e-13           0.0101063           0.0093566
                   8        -3.42661e-13          0.00884299          0.00827186
                   9        -3.42661e-13          0.00786044          0.00741089
                  10        -3.42661e-13           0.0070744          0.00671136
                  11        -3.42661e-13          0.00643127          0.00613197
                  12        -3.42661e-13          0.00589533          0.00564435
                  13        -3.42661e-13          0.00544184          0.00522835
                  14        -3.42661e-13          0.00505314          0.00486933
                  15        -3.42661e-13          0.00471626          0.00455634
                  16        -3.42661e-13           0.0044215           0.0042811
                  17        -3.42661e-13          0.00416141          0.00403716
                  18        -3.42661e-13          0.00393022          0.00381949
                  19        -3.42661e-13          0.00372337          0.00362406
                  20        -3.42661e-13           0.0035372          0.00344763
