                   1             2.17571             2.17571                   0
                   2             2.05356             2.11464           0.0431873
                   3             2.17093              2.1334           0.0326136
                   4             2.08684             2.12176           0.0264556
                   5             2.12166             2.12174           0.0211645
                   6              2.1619             2.12843           0.0186656
                   7             2.16117             2.13311           0.0165747
                   8             2.11659             2.13105           0.0146309
                   9             2.23134             2.14219           0.0167191
                  10             2.17805             2.14578           0.0154269
                  11             2.10854             2.14239            0.014391
                  12             2.15782             2.14368           0.0132491
                  13             2.05992             2.13723           0.0137073
                  14             2.11702             2.13579           0.0128041
                  15             2.17133             2.13816           0.0121677
                  16             2.19328              2.1416           0.0118849
                  17             2.19647             2.14483           0.0116157
                  18             2.11975             2.14344           0.0110536
                  19             2.10923             2.14164           0.0106174
                  20             2.23316             2.14621           0.0110287
