                   1            0.046246            0.046246                   0
                   2            0.050244            0.048245          0.00141351
                   3            0.046872           0.0477873          0.00101373
                   4            0.049558             0.04823         0.000851477
                   5            0.033824           0.0453488          0.00266553
                   6             0.04319            0.044989          0.00224543
                   7            0.042136           0.0445814          0.00196129
                   8            0.042456           0.0443157          0.00173403
                   9            0.048464           0.0447767          0.00160145
                  10             0.04488            0.044787          0.00144134
                  11            0.046978           0.0449862            0.001324
                  12             0.05166           0.0455423          0.00132533
                  13            0.045164           0.0455132           0.0012237
                  14            0.033396           0.0446477          0.00140953
                  15            0.045728           0.0447197           0.0013174
                  16             0.04466            0.044716          0.00123507
                  17            0.044668           0.0447132          0.00116242
                  18            0.034022           0.0441192          0.00124034
                  19            0.045046            0.044168          0.00117602
                  20            0.055052           0.0447122          0.00123674
