                   1           -0.657784           -0.657784                   0
                   2           -0.657588           -0.657686         6.92965e-05
                   3           -0.658492           -0.657955         0.000224177
                   4           -0.657012           -0.657719         0.000264429
                   5           -0.657856           -0.657746         0.000212958
                   6           -0.657248           -0.657663         0.000192987
                   7           -0.658436           -0.657774         0.000194438
                   8            -0.65806           -0.657809         0.000173395
                   9           -0.656628           -0.657678         0.000197673
                  10            -0.65654           -0.657564         0.000208112
                  11           -0.653784           -0.657221         0.000378375
                  12            -0.65756           -0.657249         0.000347898
                  13            -0.65252           -0.656885         0.000474634
                  14           -0.658248           -0.656983         0.000450603
                  15            -0.65514            -0.65686         0.000436985
                  16           -0.656512           -0.656838         0.000410214
                  17           -0.658032           -0.656908          0.00039205
                  18             -0.6573            -0.65693         0.000370873
                  19           -0.656656           -0.656916         0.000351634
                  20           -0.657932           -0.656966         0.000337705
