                   1            0.359895            0.359895                   0
                   2            0.358106               0.359          0.00063248
                   3            0.345548            0.354516           0.0036855
                   4            0.349141            0.353172          0.00299912
                   5            0.351244            0.352787          0.00242396
                   6            0.347581            0.351919           0.0021697
                   7            0.363131            0.353521          0.00237855
                   8            0.354985            0.353704          0.00208826
                   9            0.353033            0.353629          0.00185756
                  10            0.359532             0.35422           0.0017631
                  11            0.340716            0.352992          0.00198473
                  12            0.360775            0.353641          0.00192239
                  13            0.352777            0.353574          0.00177566
                  14            0.354714            0.353656           0.0016507
                  15            0.353904            0.353672          0.00154073
                  16             0.35345            0.353658           0.0014445
                  17            0.354402            0.353702          0.00136019
                  18            0.352981            0.353662          0.00128521
                  19            0.351993            0.353574          0.00122057
                  20            0.356061            0.353698          0.00116586
