                   1            0.331133            0.331133                   0
                   2            0.324331            0.327732          0.00240485
                   3            0.320958            0.325474           0.0024433
                   4            0.320621            0.324261          0.00211233
                   5             0.32485            0.324379          0.00169315
                   6            0.325925            0.324636          0.00143044
                   7             0.33329            0.325873          0.00167724
                   8            0.327045            0.326019          0.00147397
                   9            0.334681            0.326982          0.00159375
                  10            0.333004            0.327584          0.00154396
                  11            0.321529            0.327033           0.0014985
                  12            0.334547             0.32766          0.00149875
                  13            0.328858            0.327752          0.00138629
                  14            0.325295            0.327576          0.00129833
                  15            0.321121            0.327146          0.00128111
                  16            0.325435            0.327039          0.00120549
                  17            0.329676            0.327194          0.00114452
                  18            0.322222            0.326918          0.00111377
                  19            0.321083            0.326611          0.00109667
                  20            0.327845            0.326673          0.00104357
