                   1           0.0704651           0.0704651                   0
                   2        -1.92747e-13           0.0352325           0.0249132
                   3        -1.92747e-13           0.0234884           0.0191782
                   4        -1.92747e-13           0.0176163           0.0152561
                   5        -1.92747e-13            0.014093           0.0126052
                   6        -1.92747e-13           0.0117442           0.0107209
                   7        -1.92747e-13           0.0100664          0.00931971
                   8        -1.92747e-13          0.00880814          0.00823926
                   9        -1.92747e-13          0.00782945          0.00738168
                  10        -1.92747e-13          0.00704651          0.00668491
                  11        -1.92747e-13          0.00640592           0.0061078
                  12        -1.92747e-13          0.00587209           0.0056221
                  13        -1.92747e-13          0.00542039          0.00520774
                  14        -1.92747e-13          0.00503322          0.00485013
                  15        -1.92747e-13          0.00469767          0.00453838
                  16        -1.92747e-13          0.00440407          0.00426422
                  17        -1.92747e-13          0.00414501          0.00402125
                  18        -1.92747e-13          0.00391473          0.00380443
                  19        -1.92747e-13          0.00370869          0.00360977
                  20        -1.92747e-13          0.00352325          0.00343404
