                   1           -0.815292           -0.815292                   0
                   2           -0.822992           -0.819142          0.00272236
                   3           -0.820188           -0.819491           0.0018371
                   4           -0.820384           -0.819714          0.00139133
                   5           -0.816152           -0.819002          0.00128255
                   6             -0.8185           -0.818918          0.00107151
                   7            -0.81878           -0.818898         0.000918619
                   8            -0.81784           -0.818766         0.000813261
                   9           -0.815568           -0.818411         0.000796753
                  10            -0.81826           -0.818396          0.00071722
                  11           -0.817556           -0.818319         0.000656067
                  12           -0.815964           -0.818123          0.00063007
                  13            -0.81504           -0.817886         0.000624642
                  14           -0.819824           -0.818024         0.000595169
                  15           -0.817352           -0.817979         0.000557176
                  16           -0.818672           -0.818023         0.000524031
                  17           -0.820848           -0.818189         0.000518889
                  18           -0.817216           -0.818135          0.00049287
                  19           -0.816432           -0.818045         0.000475008
                  20           -0.821012           -0.818194         0.000473854
