                   1            0.458739            0.458739                   0
                   2            0.433728            0.446233          0.00884296
                   3            0.421517            0.437995          0.00894464
                   4            0.422387            0.434093          0.00751149
                   5            0.443466            0.435967          0.00623875
                   6            0.455214            0.439175          0.00596691
                   7            0.440573            0.439375          0.00511784
                   8            0.415155            0.436347          0.00529844
                   9            0.450863             0.43796           0.0049491
                  10            0.447806            0.438945          0.00455108
                  11            0.436493            0.438722           0.0041428
                  12            0.447543            0.439457          0.00386224
                  13            0.451042            0.440348          0.00366652
                  14            0.436262            0.440056          0.00341622
                  15            0.440557             0.44009          0.00318864
                  16             0.43268            0.439627          0.00302279
                  17            0.440867              0.4397          0.00284586
                  18            0.443573            0.439915          0.00269588
                  19            0.439862            0.439912          0.00255399
                  20            0.457832            0.440808          0.00257867
