                   1             499.788             499.788                   0
                   2                 500             499.894            0.075123
                   3                 500             499.929           0.0578297
                   4                 500             499.947           0.0460033
                   5                 500             499.958           0.0380096
                   6                 500             499.965           0.0323278
                   7                 500              499.97           0.0281026
                   8                 500             499.973           0.0248446
                   9                 500             499.976           0.0222587
                  10                 500             499.979           0.0201576
                  11                 500             499.981           0.0184174
                  12                 500             499.982           0.0169528
                  13                 500             499.984           0.0157034
                  14                 500             499.985           0.0146251
                  15                 500             499.986            0.013685
                  16                 500             499.987           0.0128583
                  17                 500             499.988           0.0121256
                  18                 500             499.988           0.0114719
                  19                 500             499.989           0.0108849
                  20                 500             499.989            0.010355
