                   1            0.218186            0.218186                   0
                   2        -1.11022e-12            0.109093           0.0771405
                   3        -1.11022e-12           0.0727287           0.0593828
                   4        -1.11022e-12           0.0545466           0.0472387
                   5        -1.11022e-12           0.0436372           0.0390303
                   6        -1.11022e-12           0.0363644            0.033196
                   7        -1.11022e-12           0.0311695           0.0288573
                   8        -1.11022e-12           0.0272733           0.0255118
                   9        -1.11022e-12           0.0242429           0.0228564
                  10        -1.11022e-12           0.0218186            0.020699
                  11        -1.11022e-12           0.0198351            0.018912
                  12        -1.11022e-12           0.0181822           0.0174081
                  13        -1.11022e-12           0.0167836           0.0161251
                  14        -1.11022e-12           0.0155847           0.0150178
                  15        -1.11022e-12           0.0145457           0.0140525
                  16        -1.11022e-12           0.0136366           0.0132036
                  17        -1.11022e-12           0.0128345           0.0124513
                  18        -1.11022e-12           0.0121215           0.0117799
                  19        -1.11022e-12           0.0114835           0.0111772
                  20        -1.11022e-12           0.0109093           0.0106331
