                   1            -1.01984            -1.01984                   0
                   2               -1.02            -1.01992         5.74171e-05
                   3               -1.02            -1.01995         4.41997e-05
                   4               -1.02            -1.01996         3.51606e-05
                   5               -1.02            -1.01997          2.9051e-05
                   6               -1.02            -1.01997         2.47084e-05
                   7               -1.02            -1.01998          2.1479e-05
                   8               -1.02            -1.01998         1.89889e-05
                   9               -1.02            -1.01998         1.70125e-05
                  10               -1.02            -1.01998         1.54066e-05
                  11               -1.02            -1.01999         1.40766e-05
                  12               -1.02            -1.01999         1.29572e-05
                  13               -1.02            -1.01999         1.20022e-05
                  14               -1.02            -1.01999          1.1178e-05
                  15               -1.02            -1.01999         1.04596e-05
                  16               -1.02            -1.01999          9.8277e-06
                  17               -1.02            -1.01999         9.26772e-06
                  18               -1.02            -1.01999         8.76802e-06
                  19               -1.02            -1.01999          8.3194e-06
                  20               -1.02            -1.01999          7.9144e-06
