                   1            0.311824            0.311824                   0
                   2            0.312443            0.312134         0.000218969
                   3            0.307491            0.310586          0.00127194
                   4            0.309818            0.310394         0.000968353
                   5            0.310467            0.310409         0.000774792
                   6            0.309301            0.310224         0.000667302
                   7            0.312121            0.310495         0.000624595
                   8            0.312622            0.310761         0.000600453
                   9            0.317968            0.311562         0.000924583
                  10            0.313606            0.311766         0.000854433
                  11             0.30902            0.311517         0.000812414
                  12            0.318678            0.312113         0.000938634
                  13            0.312769            0.312164         0.000867784
                  14            0.311156            0.312092         0.000808778
                  15            0.308688            0.311865         0.000786041
                  16             0.30984            0.311738         0.000747031
                  17             0.30886            0.311569         0.000722022
                  18            0.313039            0.311651          0.00068651
                  19            0.311651            0.311651         0.000650378
                  20            0.312672            0.311702         0.000619862
