                   1            -1.01812            -1.01812                   0
                   2            -1.01789            -1.01801         7.93232e-05
                   3            -1.01737            -1.01779         0.000181656
                   4             -1.0193            -1.01817         0.000353471
                   5            -1.01852            -1.01824         0.000289457
                   6            -1.01943            -1.01844         0.000301224
                   7            -1.01914            -1.01854         0.000274503
                   8            -1.01624            -1.01825         0.000360817
                   9            -1.01683            -1.01809         0.000353689
                  10            -1.01886            -1.01817         0.000326457
                  11            -1.01857             -1.0182         0.000298772
                  12            -1.01871            -1.01825         0.000276799
                  13            -1.01812            -1.01824         0.000255665
                  14            -1.01837            -1.01825         0.000237569
                  15            -1.01806            -1.01823         0.000222069
                  16            -1.01874            -1.01827         0.000210441
                  17            -1.01852            -1.01828         0.000198582
                  18            -1.01869             -1.0183         0.000188871
                  19            -1.01898            -1.01834         0.000182253
                  20            -1.01693            -1.01827         0.000186208
