                   1            0.991154            0.991154                   0
                   2            0.989336            0.990245          0.00064276
                   3            0.986818            0.989103          0.00102643
                   4            0.998826            0.991534          0.00224151
                   5            0.995614             0.99235          0.00193608
                   6            0.999282            0.993505          0.00192757
                   7             0.99791            0.994134          0.00175191
                   8            0.971568            0.991313          0.00305157
                   9            0.989348            0.991095          0.00272031
                  10             0.99598            0.991584          0.00249175
                  11            0.995898            0.991976          0.00229589
                  12            0.994978            0.992226          0.00211815
                  13            0.995228            0.992457          0.00196777
                  14            0.994304            0.992589          0.00183163
                  15            0.993422            0.992644          0.00171036
                  16            0.995654            0.992833          0.00161377
                  17            0.991048            0.992728          0.00152226
                  18            0.996666            0.992946          0.00145333
                  19            0.997966            0.993211          0.00140064
                  20             0.98423            0.992762          0.00140074
