                   1             123.916             123.916                   0
                   2             123.272             123.594            0.227649
                   3             122.901             123.363            0.241995
                   4             124.738             123.707            0.348604
                   5             124.102             123.786            0.287712
                   6             124.833              123.96             0.28785
                   7             124.556             124.045            0.258986
                   8             121.123              123.68             0.41002
                   9             122.893             123.592            0.373674
                  10             124.271              123.66            0.342404
                  11             124.143             123.704            0.314081
                  12             124.097             123.737            0.289605
                  13             123.971             123.755            0.267888
                  14             123.977             123.771            0.249224
                  15             123.679             123.765            0.232684
                  16             124.169              123.79            0.219511
                  17             123.711             123.785            0.206647
                  18             124.287             123.813            0.197037
                  19             124.552             123.852            0.190465
                  20             122.369             123.778            0.194852
