                   1           -0.494135           -0.494135                   0
                   2           -0.495412           -0.494774         0.000451601
                   3           -0.495371           -0.494973         0.000342174
                   4           -0.494297           -0.494804         0.000295437
                   5            -0.49263           -0.494369         0.000455091
                   6           -0.495381           -0.494538         0.000409344
                   7           -0.496531           -0.494822         0.000438862
                   8           -0.492063           -0.494477         0.000501542
                   9           -0.494425           -0.494472         0.000445849
                  10           -0.493506           -0.494375         0.000411579
                  11            -0.49441           -0.494378         0.000374174
                  12           -0.491874            -0.49417         0.000396962
                  13           -0.495002           -0.494234         0.000371555
                  14           -0.494174           -0.494229         0.000345039
                  15           -0.495977           -0.494346         0.000341131
                  16           -0.495453           -0.494415         0.000326758
                  17           -0.495029           -0.494451         0.000309528
                  18           -0.494209           -0.494438         0.000292625
                  19           -0.493807           -0.494404         0.000279101
                  20           -0.496405           -0.494504         0.000282501
