                   1             4.55996             4.55996                   0
                   2             4.63865              4.5993           0.0278196
                   3             4.48009             4.55957            0.037372
                   4              4.2202             4.47472           0.0786398
                   5             4.51366             4.48251           0.0632962
                   6             4.43519             4.47462            0.053236
                   7              4.6741             4.50312           0.0527087
                   8             4.38072             4.48782           0.0482897
                   9             4.44955             4.48357            0.043111
                  10             4.44094              4.4793           0.0390101
                  11             4.32155             4.46496           0.0380087
                  12             4.75306             4.48897           0.0417406
                  13              4.4945              4.4894            0.038532
                  14               4.656              4.5013           0.0375724
                  15             4.57744             4.50637           0.0354088
                  16             4.68245             4.51738            0.034864
                  17             4.45348             4.51362           0.0330151
                  18             4.41738             4.50827           0.0316109
                  19             4.47058             4.50629           0.0300093
                  20               4.896             4.52577           0.0342557
