                   1            0.012374            0.012374                   0
                   2            0.006572            0.009473          0.00205132
                   3             0.00204          0.00699533          0.00244187
                   4            0.011054             0.00801           0.0020313
                   5           -0.007508           0.0049064          0.00321662
                   6           -0.004114            0.003403          0.00301142
                   7             0.00492          0.00361971          0.00258901
                   8           -0.004608          0.00259125          0.00246119
                   9            0.013126          0.00376178          0.00245032
                  10            0.010794            0.004465          0.00230399
                  11             0.00585          0.00459091          0.00209797
                  12            0.014464          0.00541367          0.00207822
                  13            0.001216          0.00509077          0.00194328
                  14           -0.007474          0.00419329          0.00200101
                  15            0.001152          0.00399053          0.00187786
                  16            0.000476          0.00377087          0.00177329
                  17            0.001052          0.00361094          0.00167618
                  18           -0.004924          0.00313678          0.00164876
                  19           -0.001814          0.00287621          0.00158244
                  20            0.010576           0.0032612          0.00154944
