                   1              1.8112              1.8112                   0
                   2             1.75799              1.7846           0.0188107
                   3              1.8136             1.79426           0.0148182
                   4             1.78281              1.7914            0.011387
                   5             1.81005             1.79513          0.00970129
                   6              1.8424             1.80301           0.0108204
                   7             1.85994             1.81114           0.0119464
                   8             1.85424             1.81653           0.0116043
                   9             1.86359             1.82176           0.0114326
                  10             1.83399             1.82298           0.0103546
                  11             1.82504             1.82317          0.00941495
                  12              1.8398             1.82455          0.00873181
                  13             1.80465             1.82302          0.00819328
                  14             1.81432              1.8224           0.0076316
                  15             1.84527             1.82393          0.00727356
                  16             1.91214             1.82944          0.00866016
                  17             1.89553             1.83333          0.00898115
                  18             1.81302              1.8322          0.00855277
                  19             1.83282             1.83223          0.00810269
                  20             1.87653             1.83445          0.00799452
