                   1             3.89297             3.89297                   0
                   2             3.92431             3.90864            0.011081
                   3             3.92884             3.91538          0.00920908
                   4             4.10234             3.96212           0.0410641
                   5             4.07719             3.98513           0.0387682
                   6              3.8838             3.96824           0.0357968
                   7             3.93329             3.96325           0.0310292
                   8             4.03152             3.97178           0.0282997
                   9             4.21985             3.99935           0.0361676
                  10              3.8942             3.98883           0.0340449
                  11             3.75037             3.96715           0.0372172
                  12             4.22722             3.98883           0.0399304
                  13              3.9584             3.98649           0.0369273
                  14             4.04101             3.99038           0.0344944
                  15             4.06252             3.99519           0.0325283
                  16             3.95899             3.99293           0.0305738
                  17             4.07699             3.99787           0.0291725
                  18             3.94984              3.9952           0.0276736
                  19             4.03241             3.99716           0.0262863
                  20             4.00638             3.99762            0.024976
