                   1           -0.611764           -0.611764                   0
                   2           -0.609872           -0.610818         0.000668923
                   3           -0.609076           -0.610237         0.000650886
                   4           -0.611908           -0.610655         0.000607568
                   5           -0.610028            -0.61053         0.000498828
                   6           -0.609776           -0.610404         0.000431212
                   7           -0.610304            -0.61039         0.000369847
                   8           -0.611052           -0.610473         0.000332752
                   9           -0.610396           -0.610464         0.000295889
                  10           -0.608644           -0.610282         0.000317375
                  11            -0.60786           -0.610062         0.000356817
                  12           -0.608528           -0.609934         0.000349226
                  13           -0.607632           -0.609757         0.000364502
                  14           -0.609932           -0.609769         0.000338681
                  15           -0.609828           -0.609773         0.000316124
                  16           -0.608736           -0.609708         0.000302942
                  17           -0.610424           -0.609751         0.000288031
                  18           -0.612772           -0.609918         0.000317191
                  19           -0.610628           -0.609956         0.000302687
                  20            -0.61046           -0.609981         0.000288601
