                   1            0.017594            0.017594                   0
                   2             0.00511            0.011352          0.00441376
                   3            0.003814          0.00883933          0.00358711
                   4            0.007012           0.0083825          0.00271927
                   5           -0.002954           0.0061152          0.00297404
                   6            -0.00233          0.00470767          0.00279164
                   7            0.003114             0.00448           0.0024021
                   8           -0.002214          0.00364325          0.00224285
                   9            0.013364          0.00472333          0.00223865
                  10            0.009594           0.0052104          0.00206709
                  11            0.001588          0.00488109          0.00190523
                  12            0.012626           0.0055265          0.00185255
                  13           -0.000256          0.00508169          0.00176264
                  14            -0.00554            0.004323           0.0017926
                  15             0.00471           0.0043488          0.00167328
                  16           -0.002324          0.00393175          0.00161984
                  17            0.002328          0.00383741           0.0015273
                  18           -0.005792          0.00330244          0.00153328
                  19            0.002446          0.00325737          0.00145324
                  20            0.015206           0.0038548          0.00149836
