                   1            0.324686            0.324686                   0
                   2            0.321787            0.323237          0.00102493
                   3            0.322148            0.322874         0.000744729
                   4               0.327            0.323905          0.00105357
                   5             0.32584            0.324292         0.000911153
                   6            0.325205            0.324444          0.00077189
                   7            0.327504            0.324882         0.000775545
                   8             0.32489            0.324883         0.000678603
                   9            0.327143            0.325134         0.000648027
                  10            0.325224            0.325143         0.000583286
                  11            0.319132            0.324596         0.000743387
                  12            0.328928            0.324957          0.00076408
                  13            0.325478            0.324997         0.000706355
                  14            0.322769            0.324838         0.000673595
                  15            0.320512             0.32455         0.000687674
                  16            0.320776            0.324314         0.000683954
                  17            0.330102            0.324654          0.00072353
                  18             0.32677            0.324772         0.000692814
                  19            0.329651            0.325029         0.000702326
                  20            0.332524            0.325404         0.000760661
