                   1             2.83929             2.83929                   0
                   2             2.85481             2.84705          0.00548812
                   3             2.85874             2.85095          0.00484905
                   4             2.77468             2.83188           0.0169095
                   5              2.7036             2.80622           0.0266386
                   6             2.83648             2.81127           0.0226711
                   7             2.83733             2.81499           0.0197357
                   8             2.84129             2.81828           0.0175404
                   9             2.82078             2.81856           0.0155936
                  10             2.86798              2.8235           0.0147968
                  11             2.85132             2.82603            0.013666
                  12             2.81607              2.8252           0.0125523
                  13             2.85274             2.82732           0.0117642
                  14              2.8722             2.83052           0.0113523
                  15             2.87048             2.83318           0.0109035
                  16             2.79916             2.83106           0.0104273
                  17             2.80768             2.82968          0.00990423
                  18             2.78099             2.82698          0.00971641
                  19             2.85186             2.82829          0.00929289
                  20             2.88737             2.83124          0.00928593
