                   1             19.3485             19.3485                   0
                   2             20.8754             20.1119            0.539841
                   3             18.5612              19.595            0.554677
                   4             20.5069              19.823            0.460481
                   5             19.7205             19.8025            0.368841
                   6             18.8456              19.643              0.3401
                   7             19.8227             19.6687            0.292482
                   8             18.9909              19.584            0.267911
                   9             18.9332             19.5116            0.247709
                  10             18.1588             19.3764            0.257243
                  11             19.7662             19.4118            0.236285
                  12             19.6081             19.4282             0.21716
                  13             19.6099             19.4421            0.200905
                  14             18.0082             19.3397            0.211054
                  15             20.0962             19.3901             0.20292
                  16             18.3925             19.3278            0.199588
                  17             17.6487              19.229            0.210876
                  18             18.0749             19.1649            0.208681
                  19             19.9336             19.2054            0.201581
                  20             19.9027             19.2402            0.194494
