                   1            0.447513            0.447513                   0
                   2            0.434884            0.441198          0.00446507
                   3            0.432375            0.438257          0.00382453
                   4            0.423026            0.434449          0.00437066
                   5             0.44253            0.436066          0.00378357
                   6              0.4518            0.438688          0.00395876
                   7            0.424565             0.43667          0.00387334
                   8            0.424389            0.435135          0.00368086
                   9            0.440336            0.435713          0.00331693
                  10             0.43094            0.435236          0.00301938
                  11            0.439378            0.435612          0.00276828
                  12            0.448404            0.436678          0.00273515
                  13             0.46173            0.438605          0.00313084
                  14            0.426834            0.437765          0.00301801
                  15            0.449736            0.438563          0.00292043
                  16            0.423412            0.437616          0.00288734
                  17            0.413491            0.436197          0.00304634
                  18            0.431889            0.435957          0.00288648
                  19            0.459616            0.437203          0.00299111
                  20            0.450717            0.437878          0.00291689
