                   1           -0.869552           -0.869552                   0
                   2            -0.87472           -0.872136          0.00182716
                   3           -0.870312           -0.871528          0.00131538
                   4             -0.8752           -0.872446            0.001267
                   5           -0.873396           -0.872636          0.00102775
                   6            -0.86712           -0.871717           0.0011991
                   7           -0.870916           -0.871602          0.00103324
                   8           -0.873024            -0.87178          0.00091924
                   9           -0.869764           -0.871556         0.000843953
                  10           -0.868832           -0.871284         0.000802315
                  11            -0.87118           -0.871274         0.000729432
                  12           -0.871204           -0.871268          0.00066867
                  13            -0.87114           -0.871258         0.000617307
                  14             -0.8686           -0.871069         0.000601711
                  15            -0.87062           -0.871039          0.00056234
                  16            -0.87046           -0.871003         0.000528355
                  17            -0.87038           -0.870966         0.000498543
                  18           -0.868996           -0.870856         0.000482708
                  19            -0.87034           -0.870829         0.000458067
                  20           -0.872924           -0.870934         0.000446977
