                   1             0.00318             0.00318                   0
                   2            0.002552            0.002866         0.000222032
                   3            0.001966            0.002566           0.0002862
                   4            0.005724           0.0033555         0.000716629
                   5            0.007578              0.0042         0.000948273
                   6            0.007642          0.00477367            0.000948
                   7           -0.003784          0.00355114          0.00139332
                   8           -0.000614           0.0030305          0.00131283
                   9           -0.005218            0.002114          0.00145204
                  10            0.000866           0.0019892          0.00131219
                  11             -0.0014          0.00168109          0.00122854
                  12            0.001506           0.0016665          0.00112625
                  13            0.000294          0.00156092          0.00104455
                  14           -0.006216          0.00100543          0.00110784
                  15           -0.000944         0.000875467          0.00104158
                  16            0.004068            0.001075         0.000995413
                  17            0.005888          0.00135812         0.000976292
                  18            0.000762            0.001325         0.000922615
                  19            0.009542          0.00175747         0.000970136
                  20           -0.001144           0.0016124         0.000932413
