                   1            0.424411            0.424411                   0
                   2            0.411393            0.417902          0.00460236
                   3            0.404656            0.413486          0.00473404
                   4            0.418448            0.414727           0.0037095
                   5            0.433832            0.418548           0.0045262
                   6            0.426511            0.419875          0.00396164
                   7            0.411069            0.418617          0.00358986
                   8            0.403742            0.416758           0.0035905
                   9            0.425894            0.417773          0.00333196
                  10            0.423847             0.41838          0.00305362
                  11            0.419079            0.418444          0.00277668
                  12            0.416833             0.41831          0.00254854
                  13            0.419961            0.418437          0.00235566
                  14            0.422265             0.41871          0.00220321
                  15            0.419064            0.418734          0.00205646
                  16            0.411089            0.418256          0.00198265
                  17            0.416314            0.418142          0.00186931
                  18            0.428669            0.418726           0.0018547
                  19             0.42452            0.419031          0.00178197
                  20            0.427241            0.419442          0.00173951
