                   1             46.7563             46.7563                   0
                   2              45.352             46.0542            0.496497
                   3             49.4264             47.1782            0.975659
                   4             46.0275             46.8906            0.772996
                   5             48.2808             47.1686            0.666531
                   6              50.821             47.7773            0.785695
                   7             42.6111             47.0393            0.959387
                   8             52.5206             47.7245             1.05616
                   9             46.0877             47.5426            0.954335
                  10             49.2882             47.7172            0.874719
                  11             44.2113             47.3984            0.851286
                  12             47.5139             47.4081              0.7804
                  13             48.0886             47.4604            0.722123
                  14             51.4336             47.7442            0.724166
                  15              45.981             47.6267            0.685362
                  16             49.4417             47.7401            0.651848
                  17             51.7926             47.9785            0.655645
                  18             48.4847             48.0066            0.619823
                  19             47.8726             47.9995            0.587241
                  20             44.9413             47.8466            0.577444
