                   1           -0.939204           -0.939204                   0
                   2           -0.936552           -0.937878         0.000937624
                   3            -0.94028           -0.938679         0.000904492
                   4            -0.93668           -0.938179         0.000804633
                   5           -0.944088           -0.939361          0.00123761
                   6           -0.942976           -0.939963          0.00116885
                   7           -0.933184           -0.938995          0.00134451
                   8           -0.946504           -0.939933          0.00146797
                   9           -0.937464           -0.939659          0.00133026
                  10           -0.940836           -0.939777          0.00120243
                  11           -0.935504           -0.939388          0.00115415
                  12             -0.9395           -0.939398          0.00105801
                  13           -0.939148           -0.939378           0.0009768
                  14           -0.946032           -0.939854          0.00101609
                  15           -0.941724           -0.939978         0.000955968
                  16           -0.943876           -0.940222         0.000926737
                  17           -0.945452            -0.94053         0.000921874
                  18           -0.940212           -0.940512         0.000870828
                  19           -0.941368           -0.940557          0.00082616
                  20           -0.938584           -0.940458          0.00079072
