                   1           -0.977708           -0.977708                   0
                   2           -0.986872            -0.98229          0.00323996
                   3           -0.982828           -0.982469          0.00216493
                   4           -0.983524           -0.982733          0.00163968
                   5             -0.9821           -0.982606          0.00131662
                   6           -0.991096           -0.984021          0.00169475
                   7           -0.992296           -0.985203          0.00181876
                   8           -0.987484           -0.985488           0.0016136
                   9           -0.982352            -0.98514          0.00147147
                  10           -0.986644            -0.98529          0.00133198
                  11           -0.987784           -0.985517          0.00123003
                  12           -0.980576           -0.985105          0.00119446
                  13            -0.98926           -0.985425          0.00114454
                  14           -0.985196           -0.985409           0.0010629
                  15           -0.984308           -0.985335         0.000994571
                  16           -0.986544           -0.985411         0.000935275
                  17           -0.987364           -0.985526         0.000887288
                  18            -0.98538           -0.985518         0.000838031
                  19           -0.978052           -0.985125         0.000881238
                  20           -0.989812           -0.985359         0.000867782
