                   1             88.4176             88.4176                   0
                   2             97.2661             92.8419              3.1284
                   3              91.971             92.5516             2.09902
                   4             92.8704             92.6313             1.57578
                   5             91.3043             92.3659             1.28278
                   6             101.602             93.9052             1.76561
                   7             103.078             95.2156             1.93961
                   8             96.0716             95.3226             1.70011
                   9             93.5693             95.1278             1.52233
                  10             96.2267             95.2377             1.37406
                  11             98.4143             95.5265             1.27913
                  12             90.9052             95.1414             1.22914
                  13             99.2157             95.4548             1.17387
                  14             94.3467             95.3756             1.09269
                  15              93.864             95.2749             1.02448
                  16             96.0149             95.3211            0.961492
                  17             97.7243             95.4625            0.915266
                  18             95.6112             95.4707            0.864456
                  19             87.9764             95.0763            0.904481
                  20              99.524             95.2987            0.886175
