                   1           -0.000316           -0.000316                   0
                   2            0.002956             0.00132          0.00115683
                   3            0.002494          0.00171133         0.000834788
                   4            0.004094            0.002307         0.000811236
                   5           -0.008412           0.0001632          0.00202432
                   6            0.003622         0.000739667          0.00176711
                   7            0.005796            0.001462          0.00165573
                   8            -0.00192          0.00103925          0.00150176
                   9            -0.00069         0.000847111          0.00134714
                  10            0.002002           0.0009626          0.00121736
                  11            0.007202          0.00152982          0.00123177
                  12             0.00903          0.00215483          0.00127789
                  13            0.004474          0.00233323          0.00119198
                  14           -0.003238          0.00193529          0.00117138
                  15            0.000468          0.00183747          0.00109737
                  16            0.003818          0.00196125          0.00103574
                  17            0.007318          0.00227635          0.00102162
                  18           -0.005878          0.00182333          0.00106056
                  19            0.002374          0.00185232          0.00100514
                  20            0.004706            0.001995         0.000964956
