                   1           -0.745355           -0.745355                   0
                   2           -0.746352           -0.745854          0.00035262
                   3           -0.746491           -0.746066          0.00029214
                   4           -0.748816           -0.746754         0.000634504
                   5           -0.743942           -0.746191         0.000714552
                   6           -0.745199           -0.746026         0.000614288
                   7           -0.742665           -0.745546         0.000689064
                   8           -0.747376           -0.745775         0.000639772
                   9           -0.745442           -0.745738         0.000569755
                  10            -0.74409           -0.745573         0.000536071
                  11           -0.747628            -0.74576         0.000518863
                  12            -0.74546           -0.745735         0.000476224
                  13           -0.742936           -0.745519         0.000485839
                  14           -0.745266           -0.745501         0.000451473
                  15            -0.74552           -0.745503         0.000421377
                  16           -0.747364           -0.745619         0.000410782
                  17           -0.745671           -0.745622          0.00038663
                  18           -0.743799           -0.745521         0.000378178
                  19           -0.746439           -0.745569         0.000361349
                  20           -0.752355           -0.745908         0.000476679
