                   1            0.995452            0.995452                   0
                   2                   1            0.997726          0.00160796
                   3                   1            0.998484          0.00123781
                   4                   1            0.998863         0.000984671
                   5                   1             0.99909         0.000813571
                   6                   1            0.999242         0.000691956
                   7                   1             0.99935         0.000601519
                   8                   1            0.999432         0.000531783
                   9                   1            0.999495         0.000476433
                  10                   1            0.999545         0.000431461
                  11                   1            0.999587         0.000394213
                  12                   1            0.999621         0.000362865
                  13                   1             0.99965         0.000336121
                  14                   1            0.999675          0.00031304
                  15                   1            0.999697         0.000292919
                  16                   1            0.999716         0.000275224
                  17                   1            0.999732         0.000259542
                  18                   1            0.999747         0.000245548
                  19                   1            0.999761         0.000232984
                  20                   1            0.999773         0.000221642
