                   1            0.187071            0.187071                   0
                   2         -5.6644e-13           0.0935357           0.0661397
                   3         -5.6644e-13           0.0623571           0.0509144
                   4         -5.6644e-13           0.0467679           0.0405021
                   5         -5.6644e-13           0.0374143           0.0334644
                   6         -5.6644e-13           0.0311786            0.028462
                   7         -5.6644e-13           0.0267245           0.0247421
                   8         -5.6644e-13           0.0233839           0.0218737
                   9         -5.6644e-13           0.0207857            0.019597
                  10         -5.6644e-13           0.0187071           0.0177472
                  11         -5.6644e-13           0.0170065           0.0162151
                  12         -5.6644e-13           0.0155893           0.0149256
                  13         -5.6644e-13           0.0143901           0.0138256
                  14         -5.6644e-13           0.0133622           0.0128762
                  15         -5.6644e-13           0.0124714           0.0120485
                  16         -5.6644e-13            0.011692           0.0113207
                  17         -5.6644e-13           0.0110042           0.0106756
                  18         -5.6644e-13           0.0103929              0.0101
                  19         -5.6644e-13          0.00984586          0.00958326
                  20         -5.6644e-13          0.00935357          0.00911673
