                   1           -0.800445           -0.800445                   0
                   2           -0.803802           -0.802123          0.00118711
                   3           -0.800614            -0.80162         0.000891721
                   4           -0.798392           -0.800813          0.00096735
                   5           -0.801391           -0.800929         0.000780751
                   6           -0.798311           -0.800492         0.000762802
                   7           -0.802839           -0.800828         0.000723766
                   8            -0.79506           -0.800107         0.000925123
                   9           -0.798123           -0.799886         0.000848183
                  10           -0.801398           -0.800038         0.000776718
                  11           -0.796095           -0.799679         0.000784465
                  12           -0.800801           -0.799773         0.000724642
                  13           -0.798389           -0.799666         0.000676672
                  14           -0.800878           -0.799753          0.00063385
                  15           -0.802497           -0.799936          0.00061744
                  16           -0.799884           -0.799932         0.000578858
                  17           -0.800088           -0.799942          0.00054488
                  18           -0.800003           -0.799945         0.000514619
                  19           -0.798679           -0.799878         0.000491831
                  20           -0.805244           -0.800147         0.000535435
