                   1            0.470054            0.470054                   0
                   2             0.45858            0.464317          0.00405662
                   3            0.472361            0.466999          0.00347951
                   4            0.430868            0.457966          0.00824626
                   5            0.463338             0.45904          0.00666662
                   6            0.458973            0.459029          0.00555553
                   7            0.465452            0.459947          0.00483705
                   8            0.462802            0.460304          0.00424557
                   9            0.447244            0.458853          0.00401415
                  10              0.4795            0.460917          0.00410958
                  11             0.44667            0.459622           0.0039348
                  12            0.467158             0.46025          0.00365667
                  13            0.447361            0.459259          0.00350723
                  14            0.443493            0.458133          0.00343274
                  15             0.45878            0.458176          0.00320416
                  16            0.448572            0.457576           0.0030596
                  17            0.462539            0.457868          0.00289352
                  18            0.470454            0.458567          0.00281599
                  19            0.446894            0.457952          0.00273398
                  20            0.485045            0.459307          0.00291361
