                   1           -0.491908           -0.491908                   0
                   2           -0.496096           -0.494002          0.00148068
                   3           -0.494668           -0.494224          0.00100363
                   4           -0.494924           -0.494399         0.000767825
                   5            -0.49304           -0.494127         0.000660617
                   6             -0.4938           -0.494073         0.000552761
                   7           -0.495004           -0.494206         0.000489545
                   8           -0.494376           -0.494227         0.000428814
                   9           -0.495248            -0.49434          0.00039589
                  10           -0.493568           -0.494263         0.000363759
                  11           -0.492264           -0.494081         0.000373342
                  12           -0.490184           -0.493757         0.000462405
                  13           -0.493324           -0.493723         0.000428031
                  14           -0.495356            -0.49384         0.000413038
                  15            -0.49448           -0.493883           0.0003877
                  16           -0.494268           -0.493907         0.000364216
                  17           -0.492936            -0.49385         0.000347239
                  18            -0.49518           -0.493924         0.000335721
                  19            -0.49398           -0.493927         0.000318065
                  20           -0.494404            -0.49395         0.000303056
