                   1            0.269992            0.269992                   0
                   2            0.269337            0.269665         0.000231527
                   3            0.267804            0.269044         0.000529548
                   4            0.269289            0.269105          0.00040067
                   5            0.272029             0.26969         0.000613441
                   6            0.271739            0.270032         0.000598715
                   7            0.269717            0.269987         0.000514864
                   8            0.266173             0.26951         0.000633864
                   9            0.279462            0.270616          0.00118503
                  10            0.271756             0.27073            0.001072
                  11            0.270483            0.270707         0.000974784
                  12            0.277669            0.271287          0.00105211
                  13            0.275912            0.271643          0.00102957
                  14            0.267984            0.271382         0.000988647
                  15            0.271307            0.271377          0.00092275
                  16            0.272263            0.271432          0.00086674
                  17            0.272902            0.271519         0.000820053
                  18            0.262912            0.271041          0.00090319
                  19            0.267857            0.270873         0.000871061
                  20            0.268997            0.270779         0.000832541
