                   1           -0.554356           -0.554356                   0
                   2           -0.553599           -0.553978         0.000267569
                   3           -0.553901           -0.553952         0.000179616
                   4           -0.553206           -0.553765         0.000210403
                   5           -0.552694           -0.553551         0.000255133
                   6           -0.553964            -0.55362         0.000221709
                   7           -0.553059            -0.55354         0.000203995
                   8            -0.55457           -0.553669         0.000215305
                   9           -0.555633           -0.553887            0.000281
                  10           -0.553177           -0.553816         0.000261716
                  11           -0.550587           -0.553522         0.000367339
                  12           -0.551861           -0.553384         0.000361885
                  13           -0.551275           -0.553222         0.000368629
                  14            -0.55436           -0.553303         0.000351152
                  15           -0.554733           -0.553398         0.000340437
                  16            -0.55334           -0.553395         0.000319179
                  17           -0.552214           -0.553325         0.000307861
                  18           -0.556043           -0.553476         0.000325697
                  19           -0.553144           -0.553459         0.000309022
                  20           -0.553753           -0.553473         0.000293923
