                   1            0.378479            0.378479                   0
                   2            0.375673            0.377076         0.000992008
                   3            0.369766            0.374639          0.00209644
                   4            0.369928            0.373462          0.00187416
                   5            0.376033            0.373976          0.00156829
                   6            0.370346            0.373371          0.00141879
                   7            0.382938            0.374738          0.00175497
                   8            0.371661            0.374353          0.00157716
                   9            0.372605            0.374159          0.00141383
                  10            0.378542            0.374597          0.00133868
                  11            0.360602            0.373325          0.00171831
                  12            0.382625              0.3741          0.00174116
                  13            0.377651            0.374373          0.00162851
                  14            0.374793            0.374403          0.00151247
                  15            0.373975            0.374375           0.0014119
                  16            0.368945            0.374035          0.00136383
                  17             0.37577            0.374137          0.00128742
                  18            0.370799            0.373952          0.00122918
                  19            0.365916            0.373529           0.0012351
                  20            0.383881            0.374046          0.00127721
