                   1           -0.625377           -0.625377                   0
                   2           -0.626169           -0.625773         0.000279929
                   3           -0.626138           -0.625894         0.000211387
                   4           -0.626349           -0.626008          0.00018663
                   5           -0.624665           -0.625739         0.000282928
                   6           -0.625111           -0.625635         0.000254416
                   7           -0.626089             -0.6257         0.000226211
                   8           -0.624152           -0.625506          0.00026816
                   9           -0.625156           -0.625467         0.000241174
                  10           -0.623326           -0.625253         0.000297264
                  11            -0.62461           -0.625195         0.000275935
                  12           -0.622921           -0.625005          0.00031125
                  13           -0.624815           -0.624991         0.000287651
                  14           -0.626617           -0.625107          0.00028961
                  15           -0.626099           -0.625173         0.000277757
                  16           -0.626301           -0.625244         0.000269203
                  17           -0.625547           -0.625261         0.000253958
                  18           -0.625652           -0.625283         0.000240774
                  19           -0.625857           -0.625313          0.00022999
                  20           -0.626906           -0.625393         0.000231861
