                   1            0.331154            0.331154                   0
                   2            0.326661            0.328907          0.00158855
                   3            0.327521            0.328445          0.00112419
                   4            0.332066             0.32935          0.00115126
                   5            0.322993            0.328079          0.00146338
                   6            0.325138            0.327589          0.00129898
                   7            0.332379            0.328273          0.00128105
                   8            0.323471            0.327673          0.00125369
                   9            0.329995            0.327931          0.00114062
                  10            0.332943            0.328432          0.00113135
                  11            0.326364            0.328244          0.00104401
                  12            0.333499            0.328682          0.00104481
                  13            0.330053            0.328787         0.000969745
                  14             0.32589             0.32858         0.000922295
                  15            0.329755            0.328659         0.000864129
                  16            0.327471            0.328585         0.000813303
                  17            0.338724            0.329181         0.000959564
                  18            0.331987            0.329337         0.000918831
                  19            0.336241              0.3297          0.00093958
                  20            0.333669            0.329899         0.000913318
