                   1             3.40206             3.40206                   0
                   2             3.15999             3.28102           0.0855816
                   3             3.26827             3.27677             0.05716
                   4             3.19505             3.25634           0.0463776
                   5             3.16733             3.23854           0.0403744
                   6             3.37989              3.2621           0.0399317
                   7             3.26821             3.26297           0.0342367
                   8             3.24568             3.26081           0.0300253
                   9             3.39648             3.27589           0.0302376
                  10             3.38449             3.28675           0.0290989
                  11             3.34769             3.29229           0.0269758
                  12             3.24057             3.28798           0.0250697
                  13             3.15835             3.27801           0.0250459
                  14             3.41083             3.28749           0.0249893
                  15             3.22899             3.28359           0.0236258
                  16             3.29969              3.2846           0.0221706
                  17             3.20235             3.27976           0.0213879
                  18             3.48163             3.29098           0.0229525
                  19             3.29856             3.29138           0.0217479
                  20             3.32097             3.29285           0.0207108
