                   1           -0.730612           -0.730612                   0
                   2           -0.734816           -0.732714          0.00148634
                   3             -0.7335           -0.732976          0.00101372
                   4           -0.733184           -0.733028         0.000761623
                   5           -0.733664           -0.733155          0.00061983
                   6           -0.733124            -0.73315         0.000516546
                   7           -0.733832           -0.733247         0.000451849
                   8           -0.733232           -0.733246         0.000395372
                   9           -0.731924           -0.733099         0.000377724
                  10           -0.729432           -0.732732         0.000486382
                  11           -0.728352           -0.732334         0.000582791
                  12           -0.731244           -0.732243         0.000541255
                  13           -0.732544           -0.732266         0.000500115
                  14           -0.735008           -0.732462         0.000501275
                  15           -0.734628           -0.732606         0.000488212
                  16           -0.734404           -0.732719         0.000470449
                  17           -0.732944           -0.732732         0.000442962
                  18           -0.733724           -0.732787         0.000421767
                  19           -0.730748            -0.73268         0.000412998
                  20           -0.734564           -0.732774          0.00040295
