                   1            0.000736            0.000736                   0
                   2            0.004552            0.002644          0.00134916
                   3            0.004404          0.00323067          0.00101904
                   4            0.006058           0.0039375         0.000979201
                   5           -0.005124           0.0021252          0.00180033
                   6            0.001094          0.00195333          0.00150846
                   7            0.003868          0.00222686          0.00131753
                   8           -0.002064           0.0016905          0.00125728
                   9            0.003446          0.00188556          0.00113261
                  10            0.001814           0.0018784          0.00101937
                  11            0.004958          0.00215836         0.000964383
                  12            0.008608          0.00269583          0.00102288
                  13            0.004982          0.00287169         0.000959197
                  14           -0.005898          0.00224529          0.00107595
                  15            0.001126          0.00217067          0.00100681
                  16            0.005514          0.00237962         0.000965322
                  17            0.006236          0.00260647         0.000934812
                  18           -0.004556          0.00220856         0.000963853
                  19             0.00147          0.00216968         0.000913908
                  20            0.004962           0.0023093         0.000878812
