                   1             0.42069             0.42069                   0
                   2            0.396991             0.40884          0.00837877
                   3            0.392843            0.403508          0.00708226
                   4            0.402945            0.403367          0.00531309
                   5            0.399413            0.402576          0.00430893
                   6            0.408521            0.403567          0.00370293
                   7            0.405556            0.403851          0.00318482
                   8             0.40035            0.403414          0.00281663
                   9            0.413846            0.404573          0.00273179
                  10            0.402786            0.404394          0.00246445
                  11            0.404319            0.404387          0.00224042
                  12            0.413074            0.405111          0.00216752
                  13            0.405283            0.405124          0.00200083
                  14             0.39607            0.404478          0.00195965
                  15            0.407485            0.404678          0.00183924
                  16            0.396155            0.404145          0.00179977
                  17            0.416866            0.404894          0.00184291
                  18            0.413396            0.405366          0.00180004
                  19            0.414412            0.405842          0.00176715
                  20             0.41675            0.406388          0.00176094
