                   1            0.105346            0.105346                   0
                   2            0.101282            0.103314          0.00143684
                   3             0.08972           0.0987827          0.00382181
                   4             0.09094            0.096822          0.00333154
                   5            0.098694           0.0971964          0.00268619
                   6            0.090292           0.0960457          0.00247272
                   7            0.126476            0.100393          0.00454868
                   8             0.10028            0.100379          0.00398012
                   9             0.14043            0.104829          0.00548816
                  10             0.07535            0.101881          0.00567611
                  11             0.10722            0.102366          0.00518081
                  12            0.109184            0.102934          0.00478012
                  13            0.112988            0.103708          0.00447454
                  14            0.096144            0.103168          0.00418742
                  15            0.133106            0.105163          0.00435804
                  16            0.100568            0.104876          0.00409512
                  17            0.121784            0.105871          0.00397317
                  18            0.105276            0.105838          0.00375257
                  19            0.113616            0.106247          0.00357733
                  20            0.110964            0.106483          0.00340623
