                   1             6.05065             6.05065                   0
                   2             5.80105             5.92585           0.0882469
                   3             5.59697             5.81622            0.107112
                   4             5.67289             5.78039           0.0861196
                   5             5.77842             5.77999           0.0688966
                   6              5.8741             5.79568            0.059172
                   7             6.12981             5.84341           0.0672707
                   8             5.81795             5.84023           0.0589371
                   9             6.04312             5.86277           0.0565357
                  10             5.58387             5.83488           0.0573502
                  11             5.98028              5.8481           0.0536382
                  12             5.76536             5.84121           0.0496095
                  13             5.79608             5.83773           0.0459147
                  14             5.83864              5.8378           0.0426351
                  15             5.73109             5.83068           0.0403819
                  16              5.6896             5.82187           0.0388088
                  17             6.07601             5.83682           0.0392999
                  18             5.83627             5.83679           0.0371166
                  19             5.99717             5.84523           0.0361102
                  20             6.01197             5.85356            0.035254
