                   1             2.30213             2.30213                   0
                   2             2.27603             2.28908          0.00922932
                   3             2.25137             2.27651           0.0119657
                   4             2.22725              2.2642           0.0139381
                   5             2.29762             2.27088           0.0126524
                   6             2.23834             2.26546           0.0116481
                   7             2.21327               2.258           0.0121377
                   8             2.31977             2.26572           0.0128434
                   9             2.23788             2.26263            0.011783
                  10             2.26226             2.26259           0.0106047
                  11             2.26336             2.26266          0.00964089
                  12             2.31399             2.26694          0.00974027
                  13             2.28442             2.26829          0.00908335
                  14              2.2554             2.26736          0.00848107
                  15             2.26533             2.26723          0.00791675
                  16             2.27807             2.26791           0.0074509
                  17             2.29253             2.26935          0.00715198
                  18             2.25407             2.26851          0.00680486
                  19             2.30006             2.27017          0.00664629
                  20             2.29368             2.27134          0.00641713
