                   1            0.279811            0.279811                   0
                   2            0.280203            0.280007         0.000138741
                   3            0.276954             0.27899         0.000835997
                   4            0.272401            0.277342          0.00155825
                   5            0.271481             0.27617          0.00162891
                   6            0.276319            0.276195          0.00135762
                   7            0.274272             0.27592          0.00119113
                   8            0.276031            0.275934          0.00104232
                   9            0.285509            0.276998          0.00136547
                  10            0.277307            0.277029          0.00122927
                  11            0.278554            0.277167          0.00112531
                  12            0.278938            0.277315          0.00104116
                  13            0.279751            0.277502          0.00097779
                  14            0.275355            0.277349         0.000919902
                  15            0.279295            0.277479         0.000867671
                  16            0.277599            0.277486         0.000813474
                  17            0.276307            0.277417         0.000768574
                  18             0.28189            0.277665         0.000764993
                  19            0.277407            0.277652         0.000724851
                  20            0.284584            0.277998         0.000767012
