                   1             1.72819             1.72819                   0
                   2             1.71616             1.72218          0.00425303
                   3             1.77618             1.74018           0.0149682
                   4             1.75961             1.74504           0.0119886
                   5             1.71356             1.73874           0.0111215
                   6             1.79659             1.74838           0.0127806
                   7             1.78912              1.7542           0.0122081
                   8             1.72198             1.75017           0.0113271
                   9             1.75494              1.7507           0.0100809
                  10             1.76961              1.7526          0.00924844
                  11             1.72699             1.75027          0.00869563
                  12             1.77332             1.75219          0.00818048
                  13             1.77927             1.75427          0.00781187
                  14             1.78662             1.75658          0.00758798
                  15             1.71123             1.75356          0.00766074
                  16             1.71702             1.75128           0.0075146
                  17             1.77402             1.75261          0.00719066
                  18             1.72458             1.75106          0.00695776
                  19             1.70419             1.74859          0.00701514
                  20             1.76833             1.74958          0.00673345
