                   1             5.25843             5.25843                   0
                   2             5.75025             5.50434            0.173883
                   3             5.37848             5.46238            0.120877
                   4             5.08955             5.36918            0.121386
                   5             5.22578              5.3405             0.10044
                   6             5.31625             5.33646            0.083781
                   7             5.67192             5.38438           0.0844132
                   8             5.01513             5.33822           0.0855546
                   9              5.2763             5.33134           0.0763247
                  10             5.27026             5.32523           0.0689362
                  11             5.08894             5.30375           0.0659314
                  12             5.44809             5.31578           0.0615245
                  13             5.37897             5.32064           0.0569835
                  14              5.5008             5.33351           0.0543469
                  15             5.59176             5.35073           0.0533812
                  16             5.63878             5.36873           0.0529939
                  17             5.55507             5.37969           0.0509976
                  18             5.78099             5.40199           0.0528132
                  19             5.39143             5.40143           0.0500365
                  20             5.91465             5.42709            0.053713
