                   1            0.133466            0.133466                   0
                   2                   0           0.0667329           0.0471873
                   3                   0           0.0444886           0.0363248
                   4                   0           0.0333665           0.0288962
                   5                   0           0.0266932           0.0238751
                   6                   0           0.0222443           0.0203062
                   7                   0           0.0190666           0.0176522
                   8                   0           0.0166832           0.0156057
                   9                   0           0.0148295           0.0139814
                  10                   0           0.0133466           0.0126617
                  11         0.000330562           0.0121633           0.0115658
                  12                   0           0.0111497           0.0106463
                  13                   0            0.010292          0.00986183
                  14                   0          0.00955689          0.00918477
                  15                   0          0.00891976          0.00859452
                  16                   0          0.00836228          0.00807543
                  17                   0          0.00787038          0.00761537
                  18                   0          0.00743313          0.00720483
                  19                   0          0.00704192          0.00683624
                  20                   0          0.00668982          0.00650349
