                   1             2.24731             2.24731                   0
                   2             2.28332             2.26532           0.0127315
                   3             2.20438               2.245           0.0186304
                   4             2.22416             2.23979           0.0146837
                   5             2.22766             2.23737           0.0119458
                   6             2.22261             2.23491           0.0102048
                   7             2.18025              2.2271           0.0113471
                   8             2.20869              2.2248           0.0101593
                   9             2.14808             2.21627           0.0120891
                  10             2.16334             2.21098           0.0119833
                  11             2.20357             2.21031           0.0109129
                  12             2.23879             2.21268           0.0102583
                  13             2.16566             2.20906           0.0100866
                  14             2.19822             2.20829          0.00939584
                  15             2.17477             2.20605          0.00903126
                  16             2.14375             2.20216          0.00926832
                  17             2.19987             2.20202          0.00872411
                  18             2.18423             2.20104          0.00829523
                  19             2.17466             2.19965          0.00797395
                  20             2.28544             2.20394          0.00865237
