                   1           -0.004512           -0.004512                   0
                   2           -0.003676           -0.004094         0.000295571
                   3           -0.001246         -0.00314467         0.000799781
                   4           -0.000908          -0.0025855         0.000770911
                   5            -0.00361          -0.0027904         0.000643383
                   6           -0.011376         -0.00422133          0.00141201
                   7            -0.00377         -0.00415686          0.00121176
                   8           -0.001174           -0.003784          0.00111618
                   9            0.003584         -0.00296533          0.00125703
                  10           -0.018372           -0.004506           0.0018483
                  11           -0.009968         -0.00500255          0.00174569
                  12             0.00032           -0.004559          0.00165561
                  13           -0.001014         -0.00428631          0.00155055
                  14           -0.003366         -0.00422057          0.00144119
                  15            -0.00843          -0.0045012          0.00137216
                  16            0.002502          -0.0040635          0.00135441
                  17            0.007914         -0.00335894          0.00144643
                  18            0.005822         -0.00284889          0.00145322
                  19           -0.002716         -0.00284189          0.00137676
                  20            0.002394          -0.0025801          0.00133258
