                   1            0.280017            0.280017                   0
                   2              0.2782            0.279109         0.000642649
                   3            0.277857            0.278691          0.00054733
                   4             0.27932            0.278849         0.000432484
                   5            0.278223            0.278724         0.000363617
                   6            0.279532            0.278858         0.000327029
                   7            0.278853            0.278858         0.000280312
                   8             0.27544             0.27843         0.000468874
                   9            0.288469            0.279546          0.00113122
                  10            0.282405            0.279832          0.00105362
                  11            0.282584            0.280082         0.000987104
                  12            0.289653             0.28088          0.00118398
                  13            0.285669            0.281248          0.00114879
                  14            0.280628            0.281204          0.00106759
                  15            0.282277            0.281275         0.000998811
                  16            0.282052            0.281324         0.000937563
                  17            0.286807            0.281646         0.000936241
                  18            0.273973             0.28122         0.000976472
                  19             0.27798             0.28105         0.000939849
                  20            0.277927            0.280893         0.000905735
