                   1             54.2562             54.2562                   0
                   2             49.9249             52.0906             1.53134
                   3             55.5343             53.2385             1.38589
                   4             55.4778             53.7983             1.14693
                   5             56.7077             54.3802             1.05487
                   6             56.5598             54.7435            0.939523
                   7             52.2862             54.3924            0.868411
                   8             52.5806              54.166            0.788839
                   9             53.6553             54.1092            0.703228
                  10             50.6567              53.764            0.712636
                  11             54.2221             53.8056            0.649067
                  12             53.9358             53.8165            0.595068
                  13             53.9664              53.828            0.549406
                  14              55.811             53.9696            0.528105
                  15             59.5921             54.3445             0.61162
                  16             49.9866             54.0721            0.631133
                  17             53.8901             54.0614            0.594098
                  18             55.3153              54.131            0.565162
                  19             46.8352             53.7471            0.652962
                  20             55.2424             53.8218             0.62458
