                   1            -0.94722            -0.94722                   0
                   2            -0.94458             -0.9459         0.000933381
                   3             -0.9513             -0.9477          0.00159599
                   4           -0.948656           -0.947939          0.00121476
                   5           -0.952296            -0.94881          0.00124574
                   6           -0.952316           -0.949395          0.00116712
                   7            -0.94566           -0.948861          0.00111569
                   8           -0.945896           -0.948491          0.00103596
                   9           -0.947468           -0.948377         0.000927067
                  10           -0.945016           -0.948041         0.000893206
                  11            -0.94906           -0.948133         0.000816797
                  12           -0.948568            -0.94817         0.000749533
                  13            -0.94776           -0.948138         0.000692538
                  14           -0.950548            -0.94831         0.000664119
                  15           -0.953792           -0.948676         0.000713341
                  16           -0.943508           -0.948353         0.000738265
                  17           -0.947876           -0.948325          0.00069537
                  18           -0.949512           -0.948391         0.000659859
                  19           -0.940156           -0.947957         0.000754148
                  20           -0.948576           -0.947988         0.000717075
