                   1            0.271794            0.271794                   0
                   2            0.273899            0.272847         0.000744257
                   3            0.269421            0.271705           0.0010561
                   4             0.26464            0.269939          0.00172255
                   5            0.266579            0.269267          0.00150338
                   6            0.265812            0.268691           0.0013586
                   7            0.269085            0.268747          0.00116568
                   8            0.270314            0.268943          0.00103629
                   9            0.274291            0.269537          0.00107811
                  10              0.2682            0.269404         0.000978561
                  11            0.270549            0.269508         0.000895122
                  12            0.267834            0.269368         0.000831329
                  13            0.271456            0.269529         0.000782743
                  14            0.269847            0.269552         0.000727163
                  15            0.273631            0.269823          0.00072777
                  16            0.277743            0.270318         0.000833795
                  17            0.270502            0.270329         0.000784818
                  18            0.272902            0.270472         0.000754116
                  19            0.268877            0.270388         0.000719085
                  20            0.275849            0.270661         0.000733136
