                   1            0.033334            0.033334                   0
                   2            0.036986             0.03516          0.00129118
                   3            0.033094           0.0344713          0.00102817
                   4            0.026918            0.032583          0.00180803
                   5               0.025           0.0310664          0.00198298
                   6             0.03654           0.0319787          0.00185047
                   7            0.034926           0.0323997          0.00163331
                   8            0.029196           0.0319992          0.00147743
                   9            0.038112           0.0326784          0.00146107
                  10            0.031252           0.0325358          0.00132191
                  11            0.039616           0.0331795          0.00134937
                  12            0.043792           0.0340638          0.00149897
                  13            0.026664           0.0334946          0.00148782
                  14              0.0349            0.033595          0.00138493
                  15               0.037            0.033822          0.00131108
                  16            0.030482           0.0336132          0.00124564
                  17            0.036216           0.0337664          0.00118174
                  18            0.038552           0.0340322          0.00114561
                  19             0.03673           0.0341742          0.00109407
                  20             0.03786           0.0343585          0.00105478
