                   1             1.77971             1.77971                   0
                   2             1.77536             1.77754          0.00153886
                   3             1.78153             1.77887          0.00149543
                   4             1.82563             1.79056           0.0101858
                   5             1.71334             1.77512           0.0160381
                   6             1.76519             1.77346           0.0134501
                   7             1.76341             1.77203            0.011605
                   8             1.74526             1.76868           0.0106257
                   9             1.75427             1.76708          0.00956495
                  10             1.80678             1.77105          0.00939616
                  11             1.76932             1.77089          0.00854328
                  12             1.80126             1.77342          0.00819765
                  13             1.73771             1.77067          0.00801416
                  14             1.75591             1.76962          0.00751079
                  15             1.75148             1.76841          0.00710681
                  16             1.79869              1.7703          0.00690997
                  17             1.82443             1.77349          0.00719988
                  18             1.77683             1.77367          0.00680228
                  19             1.80447             1.77529          0.00663455
                  20             1.78636             1.77585          0.00632585
