                   1             0.99915             0.99915                   0
                   2            0.999704            0.999427         0.000195869
                   3            0.999444            0.999433         0.000130661
                   4            0.998218            0.999129         0.000280648
                   5            0.997628            0.998829         0.000350006
                   6            0.999578            0.998954         0.000313154
                   7            0.992118            0.997977          0.00094309
                   8            0.999918             0.99822          0.00085584
                   9            0.999924            0.998409         0.000781415
                  10            0.997686            0.998337         0.000706611
                  11            0.999884            0.998477         0.000656223
                  12             0.99749            0.998395         0.000606675
                  13            0.999962            0.998516         0.000571855
                  14            0.997312             0.99843         0.000537433
                  15             0.99936            0.998492          0.00050517
                  16            0.998826            0.998513         0.000474028
                  17            0.999704            0.998583         0.000451295
                  18            0.999734            0.998647         0.000430732
                  19             0.99861            0.998645         0.000408066
                  20             0.98674            0.998049         0.000697763
