                   1            -1.01968            -1.01968                   0
                   2             -1.0198            -1.01974         4.35154e-05
                   3            -1.01968            -1.01972         3.32452e-05
                   4            -1.01945            -1.01965         6.24177e-05
                   5            -1.01935            -1.01959         7.35686e-05
                   6            -1.01982            -1.01963         7.02456e-05
                   7            -1.01845            -1.01946         0.000167449
                   8            -1.01991            -1.01952         0.000155893
                   9            -1.01992            -1.01956          0.00014497
                  10            -1.01952            -1.01956         0.000130526
                  11             -1.0199            -1.01959         0.000122361
                  12            -1.01937            -1.01957         0.000113464
                  13            -1.01994             -1.0196         0.000108297
                  14             -1.0192            -1.01957          0.00010428
                  15            -1.01965            -1.01958         9.74667e-05
                  16            -1.01961            -1.01958         9.13963e-05
                  17            -1.01979            -1.01959         8.68357e-05
                  18            -1.01983             -1.0196         8.29991e-05
                  19            -1.01969            -1.01961         7.87507e-05
                  20            -1.01844            -1.01955         9.40363e-05
