                   1             138.713             138.713                   0
                   2             138.814             138.763           0.0356971
                   3             138.749             138.758           0.0241169
                   4             138.514             138.697           0.0558489
                   5             138.373             138.633           0.0731944
                   6             138.789             138.659           0.0654936
                   7             137.374             138.475            0.178895
                   8             138.867             138.524            0.163105
                   9             138.869             138.562            0.149411
                  10             138.454             138.552            0.134862
                  11             138.859              138.58            0.125459
                  12             138.399             138.565            0.115903
                  13             138.879             138.589            0.109478
                  14             138.286             138.567            0.103776
                  15              138.73             138.578           0.0974249
                  16             138.614              138.58           0.0913619
                  17             138.813             138.594           0.0870078
                  18             138.821             138.606           0.0830873
                  19             138.596             138.606           0.0787162
                  20             137.379             138.545           0.0957519
