                   1             146.458             146.458                   0
                   2             147.049             146.753            0.208659
                   3             145.649             146.385             0.33111
                   4             147.018             146.544            0.283567
                   5             146.915             146.618            0.236364
                   6             147.056             146.691            0.207948
                   7             147.048             146.742            0.184399
                   8             147.046              146.78             0.16522
                   9             146.487             146.747            0.150033
                  10             147.058             146.778            0.138215
                  11             146.969             146.796            0.126736
                  12             147.048             146.817            0.117907
                  13             147.057             146.835             0.11027
                  14             146.882             146.839            0.102443
                  15             146.752             146.833           0.0957757
                  16             146.854             146.834           0.0897986
                  17             147.025             146.845           0.0852131
                  18             147.016             146.855           0.0810035
                  19             147.043             146.865           0.0773405
                  20             147.041             146.873           0.0739762
