                   1            -1.01915            -1.01915                   0
                   2            -1.01994            -1.01955         0.000280368
                   3            -1.01877            -1.01929         0.000282199
                   4            -1.01988            -1.01944         0.000247564
                   5            -1.01979            -1.01951          0.00020805
                   6            -1.01998            -1.01959         0.000187918
                   7            -1.01996            -1.01964         0.000168283
                   8            -1.01995            -1.01968          0.00015169
                   9             -1.0194            -1.01965         0.000137927
                  10               -1.02            -1.01968         0.000128458
                  11            -1.01983             -1.0197         0.000117434
                  12            -1.01996            -1.01972         0.000109687
                  13            -1.01998            -1.01974         0.000103147
                  14            -1.01973            -1.01974         9.57828e-05
                  15            -1.01953            -1.01972         9.04084e-05
                  16            -1.01974            -1.01972         8.47631e-05
                  17            -1.01987            -1.01973         8.02081e-05
                  18            -1.01992            -1.01974         7.64296e-05
                  19            -1.01993            -1.01975         7.30433e-05
                  20            -1.01992            -1.01976         6.98829e-05
