                   1           -0.583715           -0.583715                   0
                   2           -0.582076           -0.582895           0.0005797
                   3           -0.581124           -0.582305         0.000617964
                   4           -0.582578           -0.582373         0.000467226
                   5           -0.580657            -0.58203         0.000483679
                   6           -0.581252             -0.5819         0.000420063
                   7           -0.580979           -0.581769          0.00038011
                   8           -0.583228           -0.581951          0.00037381
                   9           -0.582917           -0.582058         0.000347349
                  10            -0.58129           -0.581982         0.000321006
                  11           -0.579264           -0.581734         0.000375044
                  12           -0.581005           -0.581674         0.000348676
                  13           -0.579781           -0.581528         0.000350935
                  14           -0.581616           -0.581534         0.000325924
                  15            -0.58236           -0.581589          0.00030881
                  16           -0.581987           -0.581614         0.000290509
                  17           -0.581862           -0.581629         0.000273785
                  18           -0.584178            -0.58177         0.000292915
                  19           -0.581327           -0.581747         0.000278427
                  20           -0.582358           -0.581778         0.000266173
