                   1           -0.538272           -0.538272                   0
                   2           -0.539096           -0.538684         0.000291328
                   3           -0.535728           -0.537699         0.000827632
                   4           -0.535504            -0.53715         0.000781713
                   5           -0.534836           -0.536687         0.000749957
                   6           -0.534892           -0.536388         0.000682041
                   7           -0.536396           -0.536389         0.000584608
                   8           -0.534892           -0.536202         0.000540657
                   9           -0.535104            -0.53608         0.000494157
                  10           -0.534584            -0.53593         0.000466837
                  11           -0.536868           -0.536016         0.000432108
                  12           -0.533116           -0.535774         0.000458713
                  13           -0.537272           -0.535889         0.000437661
                  14           -0.535628           -0.535871         0.000406797
                  15           -0.537928           -0.536008         0.000402137
                  16           -0.539272           -0.536212          0.00042562
                  17            -0.53694           -0.536255         0.000402734
                  18           -0.535548           -0.536215         0.000382268
                  19           -0.537256            -0.53627         0.000366052
                  20           -0.535356           -0.536224         0.000350591
