                   1             2.05387             2.05387                   0
                   2              2.0808             2.06733          0.00952011
                   3             1.96732               2.034           0.0279512
                   4             1.95596             2.01449           0.0269246
                   5             1.99984             2.01156           0.0216985
                   6              1.9606             2.00306           0.0196737
                   7             1.97789             1.99947           0.0171887
                   8             2.01419             2.00131           0.0151383
                   9             1.94224             1.99475           0.0148106
                  10             1.94182             1.98945            0.014244
                  11             2.01617             1.99188           0.0131545
                  12             1.98288             1.99113           0.0120796
                  13             1.95296             1.98819           0.0115018
                  14             1.96298             1.98639           0.0108203
                  15             2.00086             1.98736           0.0101419
                  16             1.99244             1.98768          0.00951299
                  17             2.00118             1.98847          0.00898651
                  18             2.02656             1.99059          0.00873289
                  19              1.9671             1.98935          0.00836026
                  20             1.86342             1.98305            0.010037
