                   1            0.258193            0.258193                   0
                   2            0.258066            0.258129         4.50751e-05
                   3            0.255085            0.257115         0.000829017
                   4            0.253295             0.25616          0.00103472
                   5            0.256899            0.256308         0.000838282
                   6            0.249297            0.255139          0.00127507
                   7            0.254351            0.255026          0.00109788
                   8            0.258384            0.255446          0.00103777
                   9            0.258207            0.255753         0.000966741
                  10            0.256854            0.255863         0.000876319
                  11            0.256743            0.255943         0.000800294
                  12            0.258278            0.256138         0.000756881
                  13            0.254401            0.256004         0.000710345
                  14            0.258865            0.256208         0.000688371
                  15            0.254813            0.256115         0.000648731
                  16            0.257876            0.256225         0.000617444
                  17            0.253326            0.256055         0.000604226
                  18            0.255617             0.25603         0.000571148
                  19            0.253034            0.255873         0.000562435
                  20            0.258006            0.255979         0.000544336
