                   1           -0.536808           -0.536808                   0
                   2           -0.535908           -0.536358         0.000318198
                   3            -0.53644           -0.536385         0.000213303
                   4           -0.536816           -0.536493         0.000185167
                   5           -0.536456           -0.536486         0.000148281
                   6           -0.536396           -0.536471         0.000124317
                   7           -0.537488           -0.536616         0.000171636
                   8           -0.537784           -0.536762         0.000202993
                   9           -0.537952           -0.536894         0.000219313
                  10           -0.537664           -0.536971         0.000210458
                  11           -0.533716           -0.536675         0.000340906
                  12           -0.534124           -0.536463         0.000372947
                  13           -0.534836           -0.536338         0.000364646
                  14           -0.537796           -0.536442         0.000353167
                  15           -0.537924           -0.536541          0.00034317
                  16           -0.535652           -0.536485         0.000326184
                  17           -0.535476           -0.536426          0.00031235
                  18           -0.539092           -0.536574         0.000328248
                  19           -0.535996           -0.536543         0.000312378
                  20           -0.536856           -0.536559          0.00029715
