                   1            0.304768            0.304768                   0
                   2            0.305372             0.30507         0.000213546
                   3             0.26153            0.290557           0.0118509
                   4            0.261796            0.283366           0.0108524
                   5            0.240608            0.274815           0.0115707
                   6            0.267082            0.273526          0.00971375
                   7            0.298014            0.277024          0.00893382
                   8            0.291168            0.278792          0.00799011
                   9            0.252902            0.275916          0.00760256
                  10            0.298092            0.278133          0.00715844
                  11             0.25013            0.275587          0.00694561
                  12            0.252086            0.273629          0.00663718
                  13            0.234084            0.270587          0.00678801
                  14              0.2649            0.270181          0.00631529
                  15            0.275098            0.270509          0.00590278
                  16            0.174854             0.26453          0.00800819
                  17            0.251136            0.263742          0.00757578
                  18            0.260452             0.26356          0.00715711
                  19            0.242112            0.262431          0.00686886
                  20            0.328532            0.265736          0.00727725
