                   1             17.2757             17.2757                   0
                   2             18.3205             17.7981            0.369376
                   3             15.4786             17.0249            0.677604
                   4             14.7351             16.4525            0.709967
                   5               15.76              16.314            0.581324
                   6             15.3618             16.1553            0.505633
                   7              17.714              16.378            0.479934
                   8             16.9288             16.4468            0.424853
                   9             14.9154             16.2767            0.410307
                  10             17.4154             16.3905            0.384755
                  11             14.9038             16.2554            0.372761
                  12             15.2875             16.1747            0.350316
                  13             16.2427             16.1799            0.323407
                  14             17.5058             16.2747            0.313867
                  15             16.1028             16.2632            0.293151
                  16              14.966             16.1821            0.285821
                  17              16.412             16.1956            0.269327
                  18             17.3008              16.257            0.261269
                  19             14.8817             16.1847            0.257351
                  20             17.5204             16.2514            0.253001
