                   1           -0.666269           -0.666269                   0
                   2             -0.6704           -0.668334          0.00146083
                   3           -0.667436           -0.668035          0.00100414
                   4           -0.669794           -0.668474          0.00084389
                   5            -0.66561           -0.667902         0.000847507
                   6           -0.667119           -0.667771         0.000716222
                   7           -0.666673           -0.667614         0.000630851
                   8           -0.666685           -0.667498         0.000562589
                   9           -0.668056            -0.66756         0.000503477
                  10           -0.666407           -0.667445         0.000466151
                  11           -0.668558           -0.667546         0.000434627
                  12           -0.666175           -0.667432         0.000413153
                  13           -0.666424           -0.667354         0.000388572
                  14           -0.666995           -0.667329         0.000361661
                  15           -0.667817           -0.667361         0.000339012
                  16           -0.668195           -0.667413         0.000321799
                  17           -0.669263           -0.667522         0.000320736
                  18           -0.667291           -0.667509         0.000303175
                  19           -0.666113           -0.667436         0.000295993
                  20           -0.669312            -0.66753         0.000295686
