                   1            0.082036            0.082036                   0
                   2            0.083174            0.082605         0.000402344
                   3            0.068904            0.078038          0.00373857
                   4            0.067694            0.075452          0.00358853
                   5            0.077422            0.075846          0.00289238
                   6            0.074066           0.0755493          0.00242548
                   7            0.086122           0.0770597           0.0025055
                   8            0.079158            0.077322            0.002206
                   9            0.086762           0.0783709          0.00219613
                  10            0.073552            0.077889           0.0020287
                  11            0.048634           0.0752295          0.00313552
                  12            0.086826           0.0761958          0.00301948
                  13            0.086342           0.0769763          0.00288632
                  14            0.078278           0.0770693          0.00268165
                  15            0.082506           0.0774317          0.00252725
                  16             0.06784           0.0768322          0.00243936
                  17             0.07761            0.076878           0.0022963
                  18            0.066538           0.0763036          0.00223943
                  19             0.08082           0.0765413          0.00213414
                  20            0.070876            0.076258          0.00204615
