                   1             12.8486             12.8486                   0
                   2             13.7281             13.2883             0.31096
                   3             12.6457             13.0741            0.271236
                   4             11.2587             12.6203            0.442567
                   5             11.8007             12.4563            0.383205
                   6             11.9612             12.3738            0.328105
                   7             13.0336             12.4681            0.294458
                   8             12.8028             12.5099            0.260607
                   9             11.6777             12.4174             0.24751
                  10             13.8729              12.563             0.26208
                  11             12.7043             12.5758            0.238569
                  12             12.8185             12.5961            0.219544
                  13             11.9234             12.5443            0.208664
                  14             12.5718             12.5463            0.193768
                  15             12.5862             12.5489            0.180869
                  16             11.2072             12.4651            0.188001
                  17               12.96             12.4942            0.179182
                  18             13.0838              12.527            0.172196
                  19             11.7303              12.485            0.168161
                  20             14.1137             12.5665            0.178383
