                   1           -0.472853           -0.472853                   0
                   2           -0.474293           -0.473573         0.000509117
                   3           -0.473885           -0.473677         0.000349849
                   4           -0.473449            -0.47362         0.000266996
                   5           -0.471484           -0.473193         0.000437798
                   6           -0.474083           -0.473341         0.000389139
                   7           -0.473883           -0.473418         0.000341146
                   8           -0.472212           -0.473268         0.000330149
                   9           -0.472989           -0.473237         0.000294919
                  10           -0.473792           -0.473292           0.0002706
                  11           -0.472199           -0.473193         0.000263612
                  12            -0.47306           -0.473182         0.000241877
                  13           -0.473394           -0.473198         0.000223823
                  14           -0.474447           -0.473287         0.000224918
                  15           -0.475073           -0.473406         0.000239363
                  16            -0.47336           -0.473403          0.00022442
                  17           -0.474038           -0.473441         0.000214304
                  18           -0.471725           -0.473345         0.000222598
                  19           -0.472342           -0.473293         0.000217054
                  20           -0.473751           -0.473316         0.000207408
