                   1            0.080198            0.080198                   0
                   2             0.06519            0.072694          0.00530613
                   3            0.063818           0.0697353          0.00428359
                   4            0.066604           0.0689525          0.00328345
                   5            0.055052           0.0661724          0.00361704
                   6             0.06414           0.0658337          0.00303002
                   7            0.057544           0.0646494           0.0028191
                   8            0.053642           0.0632735           0.0027823
                   9             0.07125           0.0641598           0.0026105
                  10             0.07585           0.0653288          0.00259805
                  11            0.066534           0.0654384          0.00236417
                  12             0.06865            0.065706          0.00218226
                  13            0.062088           0.0654277          0.00203206
                  14            0.047508           0.0641477          0.00225428
                  15            0.066052           0.0642747          0.00210756
                  16             0.05611           0.0637644          0.00203668
                  17            0.065666           0.0638762          0.00191994
                  18            0.056752           0.0634804          0.00185363
                  19            0.061232           0.0633621          0.00175984
                  20            0.080002           0.0641941          0.00185814
