                   1             3.27916             3.27916                   0
                   2             3.05357             3.16636           0.0797576
                   3             3.13245             3.15506            0.053967
                   4              3.0792             3.13609           0.0436804
                   5             3.08159             3.12519           0.0362788
                   6             3.02708             3.10884           0.0337165
                   7             3.23515             3.12689            0.033381
                   8             3.13601             3.12803           0.0292279
                   9             3.25828              3.1425           0.0293453
                  10             3.18613             3.14686           0.0267332
                  11             3.05809             3.13879           0.0254918
                  12             3.25645              3.1486           0.0251825
                  13              3.1271             3.14694           0.0232996
                  14             3.02835             3.13847           0.0231241
                  15             3.22537             3.14426           0.0222964
                  16             3.17162             3.14597           0.0209683
                  17             3.21078             3.14979           0.0200784
                  18             3.12547             3.14844           0.0190084
                  19             3.06981              3.1443           0.0184529
                  20             3.37254             3.15571           0.0207615
