                   1            0.301355            0.301355                   0
                   2            0.299999            0.300677         0.000479581
                   3            0.297393            0.299582         0.000949159
                   4            0.295366            0.298528          0.00115758
                   5            0.297926            0.298408         0.000932307
                   6             0.30205            0.299015         0.000954259
                   7             0.30087             0.29928         0.000853947
                   8            0.293265            0.298528          0.00102609
                   9            0.309882             0.29979           0.0014989
                  10            0.305823            0.300393          0.00146542
                  11             0.29817            0.300191          0.00134606
                  12            0.311129            0.301102          0.00151131
                  13            0.302448            0.301206           0.0013986
                  14            0.302556            0.301302          0.00130202
                  15            0.301102            0.301289          0.00121529
                  16            0.302448            0.301361          0.00114149
                  17            0.305444            0.301602          0.00109931
                  18            0.293854            0.301171          0.00111933
                  19            0.293308            0.300757          0.00113436
                  20            0.302518            0.300845          0.00108105
