                   1            -0.67374            -0.67374                   0
                   2           -0.676507           -0.675123         0.000977985
                   3           -0.675227           -0.675158         0.000652594
                   4           -0.677219           -0.675673         0.000662412
                   5           -0.673821           -0.675303         0.000625021
                   6           -0.674924            -0.67524         0.000524029
                   7           -0.675395           -0.675262         0.000449635
                   8           -0.674158           -0.675124         0.000414055
                   9           -0.676258            -0.67525          0.00038676
                  10           -0.672854            -0.67501         0.000415709
                  11           -0.674927           -0.675003         0.000377986
                  12           -0.674604           -0.674969         0.000347945
                  13           -0.672792           -0.674802          0.00035924
                  14           -0.672433           -0.674633         0.000371309
                  15           -0.673639           -0.674566          0.00035242
                  16           -0.675049           -0.674597         0.000331682
                  17            -0.67611           -0.674686         0.000323896
                  18            -0.67416           -0.674656         0.000307214
                  19           -0.674111           -0.674628         0.000292382
                  20           -0.676761           -0.674734         0.000296582
