                   1             4.15123             4.15123                   0
                   2             4.29205             4.22164           0.0497895
                   3             4.35912             4.26747           0.0500182
                   4             4.54169             4.33602           0.0702294
                   5             4.35475             4.33977           0.0562834
                   6             4.45317             4.35867           0.0499758
                   7             4.44483             4.37098           0.0443264
                   8             4.35653             4.36917           0.0388224
                   9             4.47334             4.38075            0.036193
                  10             4.20103             4.36277           0.0367658
                  11             4.24701             4.35225           0.0348971
                  12             4.39027             4.35542           0.0321325
                  13             4.26614             4.34855           0.0303857
                  14              4.3851             4.35116           0.0283273
                  15             4.17539             4.33944           0.0287606
                  16              4.2539              4.3341           0.0274555
                  17             4.58101             4.34862           0.0294326
                  18             4.48103             4.35598            0.028702
                  19             4.40405             4.35851           0.0273027
                  20             4.59036              4.3701           0.0282917
