                   1           0.0955584           0.0955584                   0
                   2                   0           0.0477792            0.033785
                   3                   0           0.0318528           0.0260077
                   4          0.00567366            0.025308           0.0203126
                   5                   0           0.0202464           0.0168689
                   6                   0            0.016872            0.014391
                   7                   0           0.0144617           0.0125353
                   8                   0            0.012654            0.011098
                   9                   0            0.011248          0.00995356
                  10                   0           0.0101232          0.00902153
                  11         0.000236675          0.00922443          0.00824604
                  12                   0          0.00845573          0.00759462
                  13                   0          0.00780529          0.00703821
                  14         0.000473325          0.00728157          0.00655494
                  15                   0          0.00679614          0.00613589
                  16                   0          0.00637138          0.00576708
                  17                   0          0.00599659          0.00544001
                  18                   0          0.00566345          0.00514797
                  19                   0          0.00536537          0.00488565
                  20                   0           0.0050971          0.00464873
