                   1           -0.084974           -0.084974                   0
                   2           -0.031326            -0.05815           0.0189674
                   3           -0.024364           -0.046888           0.0156349
                   4            -0.13899          -0.0699135           0.0231329
                   5            0.087956          -0.0383396           0.0337641
                   6           -0.270514          -0.0770353           0.0451606
                   7           -0.083882          -0.0780134           0.0387196
                   8           -0.007042           -0.069142           0.0348812
                   9            0.137432          -0.0461893           0.0378105
                  10            0.050002          -0.0365702           0.0352317
                  11           -0.075624          -0.0401205           0.0322072
                  12            0.044858           -0.033039           0.0302918
                  13           -0.006426          -0.0309918           0.0280308
                  14             -0.0578          -0.0329067           0.0260939
                  15           -0.085394          -0.0364059           0.0245878
                  16           -0.108444          -0.0409083           0.0234597
                  17            0.027302          -0.0368959           0.0224202
                  18            0.260144          -0.0203937           0.0265624
                  19           -0.089042          -0.0240067           0.0254089
                  20            -0.13944          -0.0297784           0.0247853
