                   1            0.434625            0.434625                   0
                   2            0.400515             0.41757           0.0120598
                   3            0.406745            0.413961          0.00856262
                   4            0.458177            0.425015           0.0115275
                   5            0.380697            0.416152           0.0121613
                   6            0.392859             0.41227           0.0107362
                   7            0.405953            0.411367          0.00924027
                   8            0.436632            0.414525          0.00860803
                   9            0.434901            0.416789          0.00794374
                  10            0.414177            0.416528          0.00715366
                  11            0.396626            0.414719          0.00672823
                  12            0.429306            0.415934           0.0062764
                  13            0.427249            0.416805          0.00585363
                  14            0.439412             0.41842          0.00565386
                  15            0.426842            0.418981          0.00530475
                  16            0.429525             0.41964          0.00501397
                  17            0.399614            0.418462          0.00485545
                  18            0.417323            0.418399          0.00458611
                  19            0.409698            0.417941          0.00436754
                  20            0.405597            0.417324          0.00419254
