                   1            -0.48879            -0.48879                   0
                   2           -0.492791            -0.49079          0.00141458
                   3           -0.491317           -0.490966         0.000953888
                   4           -0.491653           -0.491138         0.000730744
                   5           -0.488597            -0.49063         0.000740522
                   6           -0.490435           -0.490597         0.000617809
                   7           -0.491559           -0.490735         0.000544616
                   8           -0.490857            -0.49075         0.000476755
                   9            -0.49245           -0.490939         0.000459694
                  10           -0.489807           -0.490826         0.000427423
                  11           -0.489152           -0.490673         0.000414779
                  12           -0.487119           -0.490377         0.000474341
                  13           -0.490363           -0.490376         0.000437854
                  14           -0.491522           -0.490458         0.000414159
                  15           -0.491092             -0.4905         0.000388697
                  16           -0.490982            -0.49053         0.000365569
                  17           -0.489474           -0.490468         0.000349301
                  18           -0.490915           -0.490493         0.000330775
                  19           -0.490795           -0.490509         0.000313747
                  20           -0.490851           -0.490526         0.000298525
