                   1             0.44371             0.44371                   0
                   2            0.395121            0.419415           0.0171791
                   3            0.437749            0.425527           0.0124925
                   4            0.405167            0.420437           0.0103545
                   5            0.428001            0.421949          0.00839338
                   6            0.446704            0.426075          0.00794406
                   7            0.425925            0.426054          0.00680922
                   8            0.399537            0.422739          0.00671652
                   9             0.43147            0.423709          0.00603989
                  10            0.458822            0.427221          0.00637534
                  11            0.427926            0.427285          0.00579608
                  12            0.442187            0.428527          0.00544449
                  13            0.442349             0.42959          0.00512846
                  14            0.463471             0.43201           0.0053025
                  15            0.394934            0.429538          0.00549498
                  16            0.440795            0.430242          0.00519638
                  17            0.448486            0.431315          0.00500031
                  18            0.441944            0.431905          0.00475725
                  19            0.401994            0.430331          0.00476023
                  20            0.440252            0.430827          0.00454799
