                   1           -0.922056           -0.922056                   0
                   2           -0.919584            -0.92082         0.000873984
                   3           -0.922472           -0.921371         0.000735965
                   4           -0.918272           -0.920596         0.000868767
                   5           -0.922988           -0.921074         0.000816172
                   6           -0.924416           -0.921631         0.000849161
                   7           -0.920668           -0.921494          0.00073892
                   8           -0.928908            -0.92242          0.00108148
                   9           -0.922644           -0.922445           0.0009616
                  10           -0.920336           -0.922234         0.000888274
                  11            -0.91402           -0.921488          0.00107659
                  12            -0.92396           -0.921694           0.0010064
                  13           -0.922464           -0.921753         0.000930725
                  14           -0.929364           -0.922297          0.00101062
                  15           -0.922344             -0.9223         0.000943254
                  16             -0.9255             -0.9225         0.000905259
                  17           -0.926216           -0.922718         0.000878006
                  18             -0.9263           -0.922917         0.000851477
                  19           -0.917532           -0.922634         0.000852534
                  20           -0.920568           -0.922531         0.000816141
