                   1           -0.858953           -0.858953                   0
                   2           -0.866008           -0.862481          0.00249433
                   3           -0.854455           -0.859805           0.0027454
                   4           -0.854865            -0.85857          0.00232032
                   5           -0.858546           -0.858566          0.00185626
                   6           -0.854335            -0.85786          0.00167547
                   7           -0.856575           -0.857677          0.00144615
                   8           -0.855774           -0.857439           0.0012848
                   9            -0.85185           -0.856818          0.00128337
                  10           -0.861415           -0.857278          0.00123464
                  11           -0.854407           -0.857017          0.00114964
                  12           -0.855285           -0.856872          0.00106286
                  13           -0.858343           -0.856985         0.000987107
                  14           -0.859551           -0.857169         0.000933456
                  15           -0.857481            -0.85719         0.000871458
                  16           -0.854741           -0.857037         0.000830317
                  17           -0.854488           -0.856887         0.000794891
                  18            -0.85993           -0.857056           0.0007685
                  19           -0.852647           -0.856824         0.000762279
                  20           -0.862422           -0.857104         0.000773854
