                   1            0.374867            0.374867                   0
                   2            0.375907            0.375387         0.000367633
                   3            0.368067            0.372947          0.00200703
                   4            0.369092            0.371983          0.00172118
                   5            0.371042            0.371795           0.0013872
                   6            0.366478            0.370909          0.00141094
                   7            0.376441            0.371699          0.00141352
                   8            0.369027            0.371365          0.00127567
                   9            0.368501            0.371047          0.00117294
                  10            0.377162            0.371658          0.00120453
                  11             0.36173            0.370756           0.0013927
                  12            0.375619            0.371161           0.0013343
                  13            0.371509            0.371188          0.00123193
                  14            0.371659            0.371221          0.00114439
                  15            0.377546            0.371643          0.00114315
                  16            0.369863            0.371532          0.00107711
                  17            0.373115            0.371625          0.00101776
                  18            0.366654            0.371349         0.000997988
                  19            0.359435            0.370722          0.00112532
                  20            0.378609            0.371116          0.00113605
