                   1             14.9844             14.9844                   0
                   2             15.8716              15.428            0.313663
                   3             14.7656             15.2072            0.276102
                   4             14.3184              14.985            0.282681
                   5             15.1461             15.0172            0.227973
                   6             13.8952             14.8302            0.255404
                   7              16.082              15.009            0.274472
                   8             15.4509             15.0643            0.245657
                   9             14.7021              15.024            0.221633
                  10             15.1659             15.0382            0.199923
                  11             16.7105             15.1902            0.232473
                  12             15.1183             15.1842            0.213178
                  13             14.8913             15.1617            0.197967
                  14             13.8977             15.0714            0.203377
                  15             14.0327             15.0022            0.201262
                  16              13.607              14.915            0.206711
                  17              13.575             14.8362            0.209041
                  18             14.4684             14.8157            0.198424
                  19             14.1229             14.7793            0.191301
                  20             14.5814             14.7694            0.181992
