                   1            0.496039            0.496039                   0
                   2            0.511017            0.503528           0.0052956
                   3             0.46944            0.492166          0.00992661
                   4            0.458201            0.483675           0.0104643
                   5             0.51289            0.489518           0.0098688
                   6            0.474897            0.487081          0.00851952
                   7            0.506174            0.489808          0.00772673
                   8            0.492811            0.490184             0.00677
                   9            0.486695            0.489796          0.00602886
                  10            0.501141            0.490931          0.00553168
                  11            0.499909            0.491747          0.00508866
                  12            0.474322            0.490295          0.00486738
                  13            0.510504            0.491849          0.00473471
                  14            0.471618            0.490404          0.00461177
                  15            0.495132            0.490719          0.00431507
                  16            0.466514            0.489206          0.00430242
                  17            0.468398            0.487982          0.00421985
                  18            0.490054            0.488098          0.00398698
                  19            0.483017             0.48783           0.0037861
                  20            0.487504            0.487814          0.00359683
