                   1            -1.01978            -1.01978                   0
                   2               -1.02            -1.01989         7.61554e-05
                   3               -1.02            -1.01993         5.86245e-05
                   4               -1.02            -1.01995         4.66355e-05
                   5               -1.02            -1.01996         3.85319e-05
                   6               -1.02            -1.01996         3.27721e-05
                   7               -1.02            -1.01997         2.84888e-05
                   8               -1.02            -1.01997          2.5186e-05
                   9               -1.02            -1.01998         2.25646e-05
                  10               -1.02            -1.01998         2.04346e-05
                  11               -1.02            -1.01998         1.86705e-05
                  12               -1.02            -1.01998         1.71858e-05
                  13               -1.02            -1.01998         1.59192e-05
                  14               -1.02            -1.01998          1.4826e-05
                  15               -1.02            -1.01999         1.38731e-05
                  16               -1.02            -1.01999          1.3035e-05
                  17               -1.02            -1.01999         1.22923e-05
                  18               -1.02            -1.01999         1.16295e-05
                  19               -1.02            -1.01999         1.10345e-05
                  20               -1.02            -1.01999         1.04973e-05
