                   1             0.99923             0.99923                   0
                   2                   1            0.999615         0.000272236
                   3                   1            0.999743         0.000209567
                   4                   1            0.999807          0.00016671
                   5                   1            0.999846         0.000137742
                   6                   1            0.999872         0.000117152
                   7                   1             0.99989          0.00010184
                   8                   1            0.999904         9.00336e-05
                   9                   1            0.999914         8.06626e-05
                  10                   1            0.999923         7.30486e-05
                  11                   1             0.99993         6.67424e-05
                  12                   1            0.999936         6.14349e-05
                  13                   1            0.999941         5.69071e-05
                  14                   1            0.999945         5.29993e-05
                  15                   1            0.999949         4.95927e-05
                  16                   1            0.999952         4.65968e-05
                  17                   1            0.999955         4.39417e-05
                  18                   1            0.999957         4.15725e-05
                  19                   1            0.999959         3.94454e-05
                  20                   1            0.999962         3.75252e-05
