                   1             277.519             277.519                   0
                   2             277.778             277.648           0.0914132
                   3             277.778             277.692           0.0703699
                   4             277.778             277.713           0.0559789
                   5             277.778             277.726           0.0462518
                   6             277.778             277.735            0.039338
                   7             277.778             277.741           0.0341966
                   8             277.778             277.745           0.0302321
                   9             277.778             277.749           0.0270854
                  10             277.778             277.752           0.0245287
                  11             277.778             277.754           0.0224112
                  12             277.778             277.756            0.020629
                  13             277.778             277.758           0.0191086
                  14             277.778             277.759           0.0177965
                  15             277.778             277.761           0.0166526
                  16             277.778             277.762           0.0156466
                  17             277.778             277.763            0.014755
                  18             277.778             277.763           0.0139595
                  19             277.778             277.764           0.0132452
                  20             277.778             277.765           0.0126004
