                   1           -0.644524           -0.644524                   0
                   2           -0.643176            -0.64385          0.00047659
                   3           -0.643368           -0.643689         0.000343743
                   4           -0.644372            -0.64386          0.00029717
                   5           -0.642556           -0.643599         0.000333064
                   6           -0.643208           -0.643534         0.000283863
                   7           -0.643892           -0.643585         0.000247876
                   8            -0.64388           -0.643622         0.000219614
                   9           -0.642876           -0.643539         0.000210274
                  10           -0.641532           -0.643338          0.00026846
                  11           -0.639224           -0.642964         0.000432143
                  12           -0.642244           -0.642904         0.000400279
                  13           -0.639668           -0.642655         0.000440147
                  14           -0.643428           -0.642711         0.000412153
                  15           -0.641928           -0.642658         0.000387964
                  16           -0.641884            -0.64261         0.000366723
                  17           -0.643732           -0.642676          0.00035104
                  18           -0.644152           -0.642758         0.000340981
                  19           -0.643576           -0.642801         0.000325741
                  20           -0.644324           -0.642877          0.00031823
