                   1            0.351029            0.351029                   0
                   2            0.343686            0.347357          0.00259608
                   3             0.33593            0.343548          0.00355938
                   4            0.334193            0.341209          0.00335098
                   5            0.341701            0.341308          0.00268222
                   6            0.339764             0.34105          0.00224749
                   7             0.35275            0.342722          0.00247094
                   8            0.346543              0.3432          0.00220777
                   9            0.346088            0.343521          0.00198566
                  10            0.349767            0.344145          0.00188277
                  11            0.335441            0.343354          0.00187052
                  12            0.348849            0.343812          0.00176982
                  13            0.343212            0.343766          0.00163428
                  14            0.343115            0.343719           0.0015182
                  15            0.340851            0.343528          0.00142898
                  16            0.340371            0.343331          0.00135323
                  17            0.345942            0.343484          0.00128232
                  18            0.341986            0.343401          0.00121377
                  19            0.335198            0.342969          0.00122428
                  20            0.346736            0.343158          0.00117746
