                   1           -0.599164           -0.599164                   0
                   2           -0.600276            -0.59972         0.000393151
                   3           -0.598616           -0.599352         0.000398722
                   4           -0.595836           -0.598473         0.000817867
                   5           -0.597756            -0.59833         0.000666747
                   6           -0.598684           -0.598389         0.000558232
                   7            -0.59772           -0.598293         0.000486589
                   8           -0.596964           -0.598127         0.000453243
                   9           -0.597688           -0.598078         0.000405499
                  10             -0.5952            -0.59779         0.000455791
                  11           -0.600544           -0.598041         0.000478181
                  12           -0.595116           -0.597797         0.000496577
                  13           -0.596384           -0.597688         0.000470124
                  14           -0.596528           -0.597605         0.000443789
                  15           -0.599144           -0.597708         0.000425891
                  16            -0.59848           -0.597756         0.000401997
                  17           -0.598292           -0.597788         0.000379583
                  18           -0.599376           -0.597876         0.000368608
                  19             -0.5971           -0.597835         0.000351463
                  20           -0.597744           -0.597831         0.000333919
