                   1           -0.002514           -0.002514                   0
                   2            0.002892            0.000189          0.00191131
                   3           -0.001204        -0.000275333          0.00132941
                   4            0.001082             6.4e-05          0.00103947
                   5            0.001022           0.0002556         0.000849047
                   6            0.012538          0.00230267          0.00199817
                   7             0.00559          0.00277229          0.00176704
                   8           -0.003752          0.00195675          0.00172412
                   9           -0.003478          0.00135289          0.00163488
                  10            0.004404            0.001658          0.00149959
                  11           -0.022156        -0.000506909          0.00247371
                  12           -0.009614         -0.00126583          0.00238114
                  13           -0.000738         -0.00122523          0.00219832
                  14            0.007606        -0.000594429          0.00212988
                  15             0.00789           -2.88e-05          0.00206163
                  16           -0.001218        -0.000103125          0.00193412
                  17            0.002056         2.38824e-05          0.00182451
                  18            0.002298         0.000150222          0.00172752
                  19           -0.005848        -0.000165474          0.00166519
                  20           -0.008378          -0.0005761          0.00163178
