                   1              0.3099              0.3099                   0
                   2             0.30856             0.30923          0.00047368
                   3             0.30615            0.308203         0.000895862
                   4            0.302762            0.306843          0.00135625
                   5             0.30409            0.306292          0.00119158
                   6            0.302463            0.305654          0.00115125
                   7            0.308629            0.306079          0.00106232
                   8            0.309606             0.30652          0.00101691
                   9            0.311928            0.307121          0.00106678
                  10            0.301005            0.306509          0.00112178
                  11            0.306097            0.306472          0.00102043
                  12            0.307888             0.30659         0.000942193
                  13            0.304317            0.306415         0.000885792
                  14            0.301145            0.306039         0.000898958
                  15            0.311185            0.306382         0.000902136
                  16             0.30576            0.306343         0.000846589
                  17            0.308889            0.306493         0.000809924
                  18            0.304269            0.306369         0.000774297
                  19            0.307419            0.306424         0.000735512
                  20            0.305359            0.306371         0.000700662
