                   1            0.051534            0.051534                   0
                   2            0.038386             0.04496          0.00464852
                   3            0.041204            0.043708          0.00326326
                   4            0.053628            0.046188          0.00325619
                   5            0.044388            0.045828          0.00262478
                   6             0.04691           0.0460083           0.0021935
                   7            0.041116           0.0453094          0.00198837
                   8            0.046238           0.0454255          0.00174321
                   9            0.045968           0.0454858          0.00155056
                  10            0.052404           0.0461776          0.00154214
                  11             0.04284           0.0458742          0.00143148
                  12            0.042238           0.0455712          0.00134388
                  13            0.045696           0.0455808          0.00124054
                  14            0.049142           0.0458351          0.00117772
                  15             0.03998           0.0454448           0.0011621
                  16            0.055626           0.0460811          0.00125161
                  17            0.049452           0.0462794          0.00119359
                  18            0.054852           0.0467557           0.0012186
                  19            0.046668           0.0467511          0.00115447
                  20            0.046016           0.0467143          0.00109733
