                   1              2.3728              2.3728                   0
                   2             2.41941             2.39611           0.0164797
                   3              2.3634              2.3852            0.014141
                   4             2.41126             2.39172           0.0120124
                   5             2.37862              2.3891          0.00989132
                   6             2.31398             2.37658           0.0140907
                   7              2.3529              2.3732           0.0124772
                   8             2.35222             2.37057           0.0111896
                   9             2.35024             2.36832           0.0101718
                  10             2.40931             2.37241          0.00994653
                  11             2.38871              2.3739          0.00915198
                  12             2.35939             2.37269           0.0084688
                  13             2.45112             2.37872          0.00973186
                  14              2.3916             2.37964           0.0090801
                  15             2.39815             2.38087          0.00855822
                  16             2.56139             2.39216           0.0135539
                  17             2.38623             2.39181           0.0127611
                  18             2.44673             2.39486           0.0124115
                  19             2.40756             2.39553           0.0117762
                  20             2.37787             2.39465           0.0112204
