                   1             9.92718             9.92718                   0
                   2             9.69631             9.81174           0.0816278
                   3             8.56796             9.39715            0.342862
                   4             8.45353             9.16125            0.328424
                   5             9.29806             9.18861            0.263876
                   6             8.72388             9.11115            0.230985
                   7             9.74849              9.2022            0.215185
                   8             8.34322             9.09483              0.2134
                   9             9.23953             9.11091            0.190293
                  10             9.47977             9.14779            0.174802
                  11             8.81365             9.11742            0.161529
                  12             8.78234             9.08949            0.150462
                  13             8.61722             9.05316            0.143207
                  14             8.46873             9.01142            0.138929
                  15              9.5132             9.04487            0.133634
                  16             9.22983             9.05643            0.125781
                  17             8.74614             9.03818            0.119699
                  18             9.22031              9.0483            0.113476
                  19             9.12296             9.05223            0.107572
                  20             9.93281             9.09626            0.110838
