                   1              0.1818              0.1818                   0
                   2            0.189032            0.185416           0.0025569
                   3             0.17058            0.180471          0.00438291
                   4            0.159684            0.175274          0.00557311
                   5              0.1681            0.173839          0.00463951
                   6            0.153756            0.170492          0.00492792
                   7            0.171408            0.170623          0.00422567
                   8            0.150276             0.16808          0.00439674
                   9            0.178422            0.169229          0.00405561
                  10             0.19146            0.171452          0.00421556
                  11            0.173882            0.171673          0.00383811
                  12            0.173102            0.171792          0.00352012
                  13             0.15534            0.170526          0.00346937
                  14            0.111128            0.166284          0.00520514
                  15            0.175112            0.166872          0.00489129
                  16            0.143262            0.165397          0.00480302
                  17             0.15226            0.164624          0.00458223
                  18             0.15216            0.163931          0.00437967
                  19            0.169226             0.16421          0.00415801
                  20            0.202178            0.166108          0.00436201
