                   1            -0.90186            -0.90186                   0
                   2           -0.907996           -0.904928           0.0021694
                   3           -0.904364            -0.90474          0.00145439
                   4           -0.901796           -0.904004          0.00126337
                   5           -0.907604           -0.904724          0.00119843
                   6           -0.903332           -0.904492           0.0010209
                   7           -0.905732           -0.904669         0.000890291
                   8           -0.911612           -0.905537          0.00112511
                   9            -0.89922           -0.904835          0.00119921
                  10           -0.902536           -0.904605          0.00110111
                  11           -0.901428           -0.904316           0.0010382
                  12           -0.904876           -0.904363         0.000952731
                  13           -0.900328           -0.904053         0.000928628
                  14           -0.910428           -0.904508         0.000967532
                  15           -0.906304           -0.904628         0.000910409
                  16           -0.906368           -0.904736         0.000859981
                  17           -0.912812           -0.905212         0.000931395
                  18           -0.914344           -0.905719          0.00100841
                  19           -0.902848           -0.905568         0.000966594
                  20           -0.905628           -0.905571         0.000918269
