                   1             29.2719             29.2719                   0
                   2              30.032             29.6519            0.268745
                   3             31.5555             30.2865              0.5482
                   4             27.4239             29.5708            0.743743
                   5             29.6287             29.5824            0.595085
                   6             28.6024             29.4191            0.517835
                   7             28.9665             29.3544            0.447877
                   8             32.6643             29.7681            0.550784
                   9             27.5966             29.5269            0.539855
                  10             29.6633             29.5405            0.486042
                  11              27.081             29.3169            0.490597
                  12             29.7213             29.3506             0.45087
                  13             24.7273              28.995            0.538481
                  14             33.3047             29.3028            0.581388
                  15             28.9691             29.2806            0.543054
                  16             30.4751             29.3552            0.514219
                  17             35.2026             29.6992             0.58786
                  18               34.59             29.9709            0.614796
                  19             27.6674             29.8497            0.594271
                  20             29.5375             29.8341            0.564763
