                   1             2.32664             2.32664                   0
                   2             2.33499             2.33082          0.00295251
                   3             2.32583             2.32915          0.00239116
                   4             2.31153             2.32475          0.00421632
                   5             2.39624             2.33905           0.0132265
                   6             2.33651             2.33862           0.0110288
                   7             2.33813             2.33855          0.00945348
                   8             2.34475             2.33933          0.00830345
                   9             2.35042             2.34056          0.00747172
                  10             2.35337             2.34184          0.00683344
                  11             2.38277             2.34556          0.00715382
                  12             2.28879             2.34083          0.00796983
                  13             2.31085             2.33852           0.0076831
                  14             2.36567             2.34046          0.00737486
                  15             2.36297             2.34196          0.00703419
                  16             2.30553             2.33969          0.00695336
                  17              2.3107             2.33798           0.0067501
                  18             2.34489             2.33837          0.00638598
                  19             2.42601             2.34298          0.00753375
                  20             2.36465             2.34406          0.00723454
