                   1            -0.56998            -0.56998                   0
                   2           -0.572224           -0.571102         0.000793374
                   3           -0.569656            -0.57062         0.000659268
                   4           -0.567352           -0.569803         0.000863191
                   5           -0.568524           -0.569547         0.000727468
                   6           -0.566968           -0.569117         0.000722146
                   7           -0.568928            -0.56909         0.000619489
                   8           -0.568564           -0.569025         0.000545534
                   9           -0.568676           -0.568986         0.000486292
                  10             -0.5665           -0.568737         0.000497152
                  11           -0.568952           -0.568757          0.00045234
                  12           -0.565872           -0.568516          0.00047424
                  13           -0.569132           -0.568564         0.000440119
                  14           -0.568836           -0.568583         0.000409111
                  15             -0.5715           -0.568778         0.000425549
                  16           -0.569824           -0.568843         0.000403947
                  17            -0.56882           -0.568842         0.000380187
                  18           -0.568324           -0.568813         0.000360152
                  19           -0.569272           -0.568837         0.000342006
                  20           -0.567608           -0.568776         0.000330381
