                   1            0.198998            0.198998                   0
                   2            0.200152            0.199575         0.000408001
                   3            0.168726            0.189292          0.00840044
                   4             0.17169            0.184892          0.00736325
                   5            0.168228            0.181559          0.00660187
                   6             0.17076            0.179759          0.00574165
                   7             0.18659            0.180735          0.00500366
                   8            0.174322            0.179933          0.00444194
                   9             0.17881            0.179808          0.00395015
                  10            0.210644            0.182892          0.00460396
                  11            0.194954            0.183989          0.00431403
                  12            0.181942            0.183818           0.0039579
                  13            0.171544            0.182874          0.00376437
                  14            0.114438            0.177986          0.00586574
                  15            0.172192            0.177599          0.00548739
                  16             0.14435            0.175521          0.00552392
                  17             0.17607            0.175554          0.00519907
                  18            0.168626            0.175169          0.00492446
                  19            0.182288            0.175543          0.00467951
                  20            0.222314            0.177882          0.00499581
