                   1           -0.790908           -0.790908                   0
                   2           -0.793567           -0.792237         0.000940127
                   3           -0.790883           -0.791786         0.000727197
                   4            -0.79095           -0.791577          0.00057465
                   5           -0.792165           -0.791694         0.000471589
                   6           -0.789499           -0.791329          0.00051574
                   7           -0.793384           -0.791622         0.000518953
                   8           -0.784678           -0.790754         0.000930257
                   9           -0.789588           -0.790625         0.000835868
                  10           -0.790481            -0.79061         0.000752404
                  11           -0.788427           -0.790412         0.000709698
                  12           -0.790867            -0.79045         0.000651568
                  13           -0.789591           -0.790384         0.000604788
                  14           -0.791837           -0.790487         0.000570426
                  15           -0.792036           -0.790591         0.000541657
                  16           -0.791367           -0.790639         0.000509972
                  17           -0.791029           -0.790662          0.00048049
                  18           -0.792089           -0.790741         0.000460284
                  19           -0.789598           -0.790681         0.000439977
                  20           -0.795634           -0.790929         0.000482672
