                   1            0.376631            0.376631                   0
                   2            0.370495            0.373563          0.00216927
                   3            0.373712            0.373613          0.00144675
                   4            0.379589            0.375107          0.00168863
                   5             0.37644            0.375373          0.00137178
                   6            0.367285            0.374025          0.00167967
                   7             0.37328            0.373919          0.00144309
                   8            0.368749            0.373273          0.00139992
                   9            0.378617            0.373867          0.00136452
                  10            0.369507            0.373431          0.00129584
                  11            0.367184            0.372863           0.0012965
                  12            0.378453            0.373329          0.00126939
                  13            0.378344            0.373714          0.00122897
                  14            0.367532            0.373273          0.00121793
                  15            0.380266            0.373739          0.00122272
                  16            0.369203            0.373455          0.00117871
                  17            0.380989            0.373899          0.00118975
                  18            0.380479            0.374264          0.00117848
                  19            0.380434            0.374589          0.00116033
                  20            0.385155            0.375117          0.00121664
