                   1             4.48026             4.48026                   0
                   2             4.50931             4.49479           0.0102677
                   3              4.5446             4.51139           0.0151883
                   4             4.82977             4.59098            0.069865
                   5             4.61961             4.59671           0.0561261
                   6             4.61355             4.59952           0.0468419
                   7             4.41213             4.57275           0.0471832
                   8             4.57275             4.57275           0.0412853
                   9             4.60856             4.57673           0.0368893
                  10              4.5822             4.57727           0.0332044
                  11             4.48854             4.56921           0.0311502
                  12             4.54242             4.56697           0.0286343
                  13             4.59537             4.56916           0.0265148
                  14             4.44902             4.56058           0.0259725
                  15             4.45388             4.55346           0.0251962
                  16             4.72158             4.56397           0.0257191
                  17             4.82233             4.57917           0.0283428
                  18             4.63284             4.58215           0.0269246
                  19             4.59258              4.5827           0.0255131
                  20             4.71128             4.58913           0.0250344
