                   1             4.51118             4.51118                   0
                   2             4.57379             4.54249           0.0221354
                   3             4.53343             4.53947           0.0149615
                   4             4.54959               4.542            0.011433
                   5             4.36889             4.50738           0.0322888
                   6             4.43401             4.49515            0.029131
                   7             4.44228              4.4876           0.0259299
                   8             4.50508             4.48978           0.0227806
                   9             4.36694             4.47613           0.0239922
                  10             4.52433             4.48095           0.0220717
                  11             4.52031             4.48453           0.0203531
                  12             4.56075             4.49088           0.0196231
                  13             4.50774             4.49218           0.0181565
                  14             4.49851             4.49263           0.0168652
                  15             4.38871              4.4857           0.0171048
                  16             4.57473             4.49127           0.0169166
                  17             4.57713             4.49632           0.0166584
                  18             4.51127             4.49715           0.0157536
                  19             4.57332             4.50116           0.0154261
                  20              4.6121              4.5067           0.0156204
