                   1            0.005678            0.005678                   0
                   2            0.004034            0.004856         0.000581242
                   3           -0.012042        -0.000776667          0.00461535
                   4            0.015384           0.0032635          0.00492182
                   5           -0.007042           0.0012024          0.00434765
                   6             0.00069            0.001117          0.00362388
                   7            0.020142          0.00383486          0.00399748
                   8           -0.002624           0.0030275           0.0035784
                   9            0.002556          0.00297511          0.00318118
                  10           -0.003472           0.0023304          0.00292766
                  11           -0.021426         0.000170727          0.00336509
                  12           -0.006116        -0.000353167          0.00312518
                  13            0.001786        -0.000188615          0.00288911
                  14             0.00033        -0.000151571          0.00268298
                  15            0.002126         2.66667e-07          0.00250841
                  16           -0.002402        -0.000149875          0.00235612
                  17           -0.000546        -0.000173176          0.00221764
                  18           -0.009336        -0.000682222          0.00215207
                  19           -0.001032        -0.000700632          0.00203888
                  20           -0.007874          -0.0010593          0.00196823
