                   1           -0.784372           -0.784372                   0
                   2           -0.784268            -0.78432         3.67696e-05
                   3            -0.78504            -0.78456         0.000197486
                   4           -0.782724           -0.784101         0.000424204
                   5           -0.785152           -0.784311         0.000387962
                   6           -0.782948           -0.784084          0.00038411
                   7           -0.784448           -0.784136         0.000332738
                   8           -0.778588           -0.783443         0.000711049
                   9           -0.783448           -0.783443         0.000632044
                  10           -0.780096           -0.783108         0.000651465
                  11           -0.776528            -0.78251         0.000822241
                  12           -0.782072           -0.782474         0.000754532
                  13           -0.782356           -0.782465         0.000696545
                  14           -0.787208           -0.782803         0.000724524
                  15            -0.78362           -0.782858         0.000678264
                  16           -0.786284           -0.783072         0.000668821
                  17           -0.783468           -0.783095         0.000629884
                  18            -0.78608           -0.783261          0.00061633
                  19           -0.782296            -0.78321         0.000585981
                  20           -0.786372           -0.783368         0.000577612
