                   1            0.083192            0.083192                   0
                   2            0.067634            0.075413          0.00550058
                   3            0.061916            0.070914           0.0051905
                   4            0.068504           0.0703115          0.00392769
                   5            0.060306           0.0683104          0.00361616
                   6            0.066062           0.0679357          0.00303282
                   7            0.061024           0.0669483          0.00275561
                   8            0.058754            0.065924          0.00259455
                   9            0.072224            0.066624          0.00239884
                  10            0.079438           0.0679054          0.00247767
                  11            0.068168           0.0679293          0.00225255
                  12            0.069072           0.0680245          0.00206685
                  13            0.065924           0.0678629          0.00191416
                  14            0.050462             0.06662          0.00214331
                  15            0.068268           0.0667299          0.00200324
                  16            0.057782           0.0661706          0.00195454
                  17            0.067118           0.0662264          0.00184036
                  18            0.059666           0.0658619          0.00177384
                  19             0.06435           0.0657823          0.00168227
                  20            0.084394           0.0667129           0.0018376
