                   1             3.47301             3.47301                   0
                   2             3.17646             3.32473            0.104847
                   3             3.25026             3.29991           0.0727775
                   4             3.19818             3.27448            0.058859
                   5             3.20795             3.26117           0.0485679
                   6             3.15155              3.2429           0.0437749
                   7             3.34632             3.25768           0.0399366
                   8             3.25091             3.25683           0.0349535
                   9             3.34228             3.26633           0.0323336
                  10             3.30793             3.27049           0.0293666
                  11             3.15157             3.25968           0.0286175
                  12             3.42379             3.27335           0.0293191
                  13             3.29355             3.27491           0.0271049
                  14             3.11936              3.2638           0.0273513
                  15             3.34415             3.26915           0.0260472
                  16             3.27538             3.26954           0.0244222
                  17             3.33851              3.2736           0.0233201
                  18             3.22144              3.2707           0.0222039
                  19             3.15381             3.26455            0.021871
                  20             3.49739             3.27619           0.0236741
