                   1            0.400012            0.400012                   0
                   2            0.470144            0.435078           0.0247954
                   3            0.416728            0.428961           0.0172682
                   4               0.335            0.405471            0.024116
                   5            0.398038            0.403984           0.0193385
                   6            0.377912            0.399639           0.0165965
                   7             0.44569            0.406218           0.0154746
                   8            0.472514            0.414505           0.0156022
                   9             0.45888            0.419435            0.014627
                  10            0.437074            0.421199           0.0132702
                  11            0.450096            0.423826           0.0123211
                  12             0.39236            0.421204             0.01157
                  13            0.360012            0.416497           0.0115981
                  14            0.370532            0.413214           0.0112247
                  15            0.409514            0.412967           0.0104791
                  16              0.3454            0.408744           0.0106411
                  17            0.385802            0.407395           0.0101004
                  18            0.412512            0.407679          0.00954323
                  19             0.32998            0.403589          0.00987836
                  20            0.402168            0.403518           0.0093847
