                   1           -0.895624           -0.895624                   0
                   2           -0.904695            -0.90016          0.00320696
                   3           -0.901787           -0.900702          0.00218335
                   4           -0.895776            -0.89947          0.00195418
                   5           -0.899657           -0.899508           0.0015637
                   6            -0.89579           -0.898888          0.00142054
                   7           -0.902166           -0.899356          0.00129247
                   8           -0.905058           -0.900069          0.00131281
                   9            -0.90099           -0.900171          0.00117092
                  10           -0.901637           -0.900318          0.00106296
                  11           -0.897602           -0.900071         0.000994596
                  12           -0.895219           -0.899667         0.000990492
                  13           -0.895968           -0.899382         0.000954285
                  14           -0.892479           -0.898889          0.00100549
                  15           -0.897218           -0.898778         0.000944605
                  16           -0.894104           -0.898486         0.000929636
                  17           -0.896764           -0.898384          0.00088045
                  18            -0.89763           -0.898342         0.000832533
                  19           -0.893108           -0.898067         0.000833059
                  20           -0.897491           -0.898038         0.000791903
