                   1           -0.543012           -0.543012                   0
                   2            -0.54416           -0.543586         0.000405879
                   3           -0.541692           -0.542955         0.000582184
                   4             -0.5417           -0.542641          0.00051424
                   5             -0.5407           -0.542253         0.000538333
                   6           -0.540444           -0.541951         0.000526296
                   7           -0.542532           -0.542034         0.000457601
                   8             -0.5405           -0.541843         0.000438754
                   9            -0.54018           -0.541658         0.000427122
                  10            -0.53976           -0.541468         0.000424482
                  11           -0.542296           -0.541543          0.00039251
                  12           -0.538472           -0.541287          0.00043532
                  13           -0.543104           -0.541427          0.00042367
                  14           -0.541024           -0.541398         0.000394385
                  15           -0.543332           -0.541527         0.000388591
                  16           -0.542664           -0.541598         0.000370743
                  17           -0.541756           -0.541608          0.00034905
                  18           -0.541124           -0.541581         0.000330691
                  19           -0.542028           -0.541604         0.000314123
                  20           -0.539852           -0.541517         0.000310394
