                   1             17.9656             17.9656                   0
                   2             19.0266             18.4961            0.375116
                   3             16.8201             17.9374            0.520188
                   4             17.8858             17.9245            0.390301
                   5             16.4698             17.6336            0.406463
                   6             16.2297             17.3996            0.400438
                   7             17.7395             17.4482            0.346165
                   8              17.447              17.448            0.302895
                   9             14.9085             17.1658            0.378501
                  10             17.1318             17.1624            0.340666
                  11             17.2277             17.1684            0.309748
                  12             17.6553              17.209            0.286582
                  13             18.6107             17.3168            0.284098
                  14             19.4704             17.4706              0.3026
                  15             17.7067             17.4863            0.282836
                  16             14.9481             17.3277            0.306436
                  17             19.5136             17.4563            0.314232
                  18             20.3198             17.6154             0.33463
                  19             16.2914             17.5457            0.324192
                  20             17.9215             17.5645            0.308526
