                   1            0.203033            0.203033                   0
                   2             0.20289            0.202962         5.06958e-05
                   3            0.205046            0.203657         0.000568266
                   4            0.204791             0.20394         0.000491936
                   5            0.204062            0.203965          0.00039415
                   6            0.205127            0.204158         0.000373044
                   7            0.210538             0.20507         0.000902332
                   8            0.203833            0.204915         0.000802669
                   9            0.208916             0.20536         0.000827457
                  10            0.202512            0.205075         0.000792192
                  11            0.204914             0.20506          0.00072031
                  12            0.206148            0.205151         0.000665964
                  13            0.212389            0.205708         0.000814887
                  14            0.203266            0.205533         0.000775115
                  15            0.209421            0.205792         0.000765552
                  16            0.205328            0.205763         0.000718253
                  17            0.203082            0.205606          0.00069311
                  18             0.20477            0.205559         0.000656158
                  19            0.205444            0.205553         0.000621651
                  20            0.203011            0.205426          0.00060342
