                   1           -0.471704           -0.471704                   0
                   2            -0.47593           -0.473817          0.00149436
                   3           -0.473454           -0.473696          0.00100113
                   4           -0.474373           -0.473865         0.000765015
                   5           -0.471133           -0.473319         0.000783264
                   6           -0.473845           -0.473406         0.000657618
                   7           -0.474081           -0.473503         0.000570686
                   8           -0.474021           -0.473568         0.000503014
                   9           -0.475433           -0.473775         0.000487948
                  10           -0.473032             -0.4737         0.000444773
                  11           -0.472111           -0.473556         0.000427153
                  12           -0.470228           -0.473279          0.00047309
                  13           -0.473511           -0.473297         0.000437036
                  14           -0.475128           -0.473427         0.000424941
                  15            -0.47424           -0.473481         0.000400047
                  16           -0.473773             -0.4735         0.000375459
                  17           -0.472578           -0.473446         0.000357263
                  18           -0.473797           -0.473465         0.000337947
                  19           -0.473529           -0.473468         0.000320177
                  20           -0.474053           -0.473498         0.000305501
