                   1           -0.998568           -0.998568                   0
                   2           -0.999968           -0.999268         0.000494975
                   3           -0.999972           -0.999503         0.000381577
                   4           -0.999888           -0.999599         0.000298095
                   5                  -1           -0.999679         0.000249031
                   6           -0.999856           -0.999709         0.000209262
                   7           -0.999912           -0.999738         0.000181372
                   8           -0.999984           -0.999769         0.000161292
                   9            -0.99962           -0.999752         0.000144212
                  10           -0.999028            -0.99968         0.000146845
                  11           -0.997232           -0.999457          0.00025066
                  12           -0.999976             -0.9995         0.000233472
                  13           -0.999976           -0.999537         0.000218361
                  14           -0.999876           -0.999561         0.000204102
                  15           -0.999964           -0.999588         0.000192254
                  16           -0.999996           -0.999614         0.000181922
                  17           -0.999952           -0.999633         0.000172307
                  18            -0.99992           -0.999649         0.000163468
                  19                  -1           -0.999668         0.000155903
                  20           -0.999996           -0.999684         0.000148969
