                   1             1.77878             1.77878                   0
                   2              1.7216             1.75019           0.0202153
                   3             1.77855             1.75964           0.0155307
                   4             1.73371             1.75316           0.0129311
                   5             1.75626             1.75378           0.0103598
                   6             1.76193             1.75514          0.00872179
                   7             1.81516             1.76371           0.0109043
                   8             1.80399             1.76875           0.0106403
                   9             1.81351             1.77372           0.0105564
                  10             1.78702             1.77505          0.00958412
                  11              1.7974             1.77708          0.00892554
                  12             1.78474             1.77772          0.00820453
                  13             1.76031             1.77638            0.007682
                  14             1.77589             1.77635          0.00713337
                  15             1.80576             1.77831          0.00692219
                  16             1.86539             1.78375          0.00835968
                  17              1.8562             1.78801          0.00888804
                  18             1.77467             1.78727          0.00842511
                  19             1.76469             1.78608          0.00806507
                  20             1.83822             1.78869          0.00807211
