                   1             3.60561             3.60561                   0
                   2             3.26788             3.43674            0.119406
                   3             3.43419             3.43589           0.0796073
                   4             3.21247             3.38004           0.0768413
                   5             3.37744             3.37952           0.0614748
                   6             3.30033             3.36632           0.0526268
                   7             3.46688             3.38069           0.0470286
                   8             3.39534             3.38252           0.0411857
                   9             3.23996             3.36668           0.0395383
                  10             3.36849             3.36686           0.0355849
                  11             3.15844             3.34791           0.0370525
                  12             3.54553             3.36438           0.0374461
                  13             3.27737             3.35769           0.0351586
                  14             3.34507             3.35679           0.0326588
                  15             3.43677             3.36212           0.0309139
                  16              3.2819              3.3571           0.0293855
                  17             3.52747             3.36713           0.0293161
                  18             3.40123             3.36902           0.0277486
                  19             3.33923             3.36745           0.0263324
                  20             3.54888             3.37652           0.0265324
