                   1            0.019666            0.019666                   0
                   2            0.000626            0.010146          0.00673166
                   3           -0.001042          0.00641667          0.00542329
                   4            -0.00075            0.004625          0.00435337
                   5           -0.003172           0.0030656          0.00375161
                   6           -0.004118          0.00186833          0.00331188
                   7             0.00416          0.00219571          0.00285489
                   8            -0.00967           0.0007125          0.00285746
                   9            0.008404          0.00156711           0.0026647
                  10            0.017434           0.0031538          0.00283149
                  11            -0.00048          0.00282345          0.00259328
                  12            0.014226          0.00377367          0.00254531
                  13            0.003654          0.00376446          0.00234954
                  14           -0.005094          0.00313171          0.00226531
                  15             0.01167          0.00370093          0.00218464
                  16            -0.00386          0.00322837          0.00209858
                  17           -0.000374          0.00301647          0.00198581
                  18           -0.002138          0.00273011          0.00189602
                  19            -0.00183          0.00249011          0.00181136
                  20            0.013228            0.003027           0.0017986
