                   1             1.72778             1.72778                   0
                   2             1.70168             1.71473          0.00922794
                   3             1.74028             1.72325          0.00928515
                   4             1.68479             1.71363            0.010855
                   5             1.70777             1.71246          0.00874713
                   6             1.73238             1.71578          0.00789408
                   7             1.76145              1.7223          0.00907065
                   8             1.74699             1.72539          0.00844536
                   9             1.76387             1.72967           0.0085208
                  10              1.7489             1.73159          0.00788287
                  11             1.74794             1.73308          0.00730503
                  12              1.7354             1.73327          0.00669885
                  13             1.74124             1.73388          0.00621156
                  14             1.74329             1.73455           0.0058041
                  15             1.75977             1.73624          0.00565544
                  16             1.82029             1.74149          0.00734749
                  17             1.80491             1.74522          0.00780505
                  18             1.72769             1.74425          0.00743193
                  19             1.71269             1.74259          0.00722397
                  20             1.78641             1.74478          0.00718738
