                   1            0.034668            0.034668                   0
                   2            0.040776            0.037722           0.0021595
                   3             0.03961           0.0383513          0.00152862
                   4             0.03991            0.038741           0.0011951
                   5            0.026968           0.0363864          0.00231288
                   6             0.03599           0.0363203          0.00192834
                   7            0.036522           0.0363491          0.00165308
                   8            0.035696           0.0362675          0.00144846
                   9            0.037956           0.0364551          0.00129961
                  10            0.037564            0.036566          0.00117437
                  11             0.04065           0.0369373          0.00112477
                  12             0.04419           0.0375417          0.00118232
                  13            0.039172           0.0376671          0.00109801
                  14            0.026524           0.0368711          0.00127585
                  15            0.036282           0.0368319           0.0011914
                  16            0.036986           0.0368415          0.00111698
                  17            0.039232           0.0369821          0.00106009
                  18            0.029464           0.0365644          0.00108035
                  19            0.035286           0.0364972          0.00102558
                  20            0.039358           0.0366402         0.000984224
