                   1              24.518              24.518                   0
                   2             26.8294             25.6737            0.817202
                   3             20.4028             23.9167             1.53453
                   4             22.5557             23.5765             1.18802
                   5             24.1669             23.6946            0.956267
                   6             23.1383             23.6019             0.80137
                   7             26.4667             24.0111            0.784464
                   8             25.2432             24.1651            0.701362
                   9             21.6412             23.8847            0.677181
                  10             24.3726             23.9335            0.611218
                  11             21.9572             23.7538            0.581458
                  12             24.5495             23.8201             0.53677
                  13              25.111             23.9194            0.504581
                  14             23.8013              23.911             0.46861
                  15             24.5993             23.9569             0.43961
                  16             20.8466             23.7625            0.453081
                  17             25.6895             23.8758            0.440381
                  18             25.5316             23.9678            0.425414
                  19              22.708             23.9015            0.408159
                  20             26.2219             24.0175            0.403904
