                   1            0.528937            0.528937                   0
                   2            0.495179            0.512058           0.0119353
                   3            0.496683            0.506933          0.00899012
                   4             0.48738            0.502045           0.0079614
                   5            0.490122             0.49966          0.00671674
                   6            0.484291            0.497098           0.0060661
                   7            0.510045            0.498948           0.0054742
                   8            0.519317            0.501494           0.0053494
                   9            0.514323             0.50292          0.00494128
                  10            0.517221             0.50435           0.0046495
                  11            0.516751            0.505477          0.00436135
                  12            0.525594            0.507153          0.00430808
                  13            0.522102            0.508303           0.0041273
                  14            0.529861            0.509843          0.00410972
                  15            0.514517            0.510155          0.00384753
                  16             0.46601            0.507396          0.00448861
                  17            0.527597            0.508584          0.00437904
                  18            0.531908             0.50988          0.00432323
                  19            0.509671            0.509869           0.0040957
                  20            0.516751            0.510213          0.00390535
