                   1            0.014166            0.014166                   0
                   2            0.117572            0.065869           0.0365595
                   3           -0.114144          0.00586467            0.054721
                   4           -0.013884           0.0009275           0.0412629
                   5            0.058834           0.0125088           0.0345974
                   6             0.08284           0.0242307           0.0307529
                   7            0.051238           0.0280889           0.0266005
                   8           -0.002114           0.0243135           0.0235419
                   9            0.070494           0.0294447            0.021478
                  10             0.02421           0.0289212           0.0193366
                  11           -0.003442           0.0259791           0.0178011
                  12              0.0504           0.0280142           0.0164336
                  13            0.029552           0.0281325           0.0151699
                  14           -0.064538           0.0215131           0.0154632
                  15            -0.02446           0.0184483           0.0147329
                  16           -0.153162          0.00772263           0.0172808
                  17           -0.074828          0.00286671           0.0169328
                  18           -0.062334        -0.000755556           0.0163749
                  19            0.016784         0.000167579           0.0155391
                  20           -0.060294          -0.0028555           0.0150533
