                   1            0.471493            0.471493                   0
                   2            0.407988            0.439741           0.0224525
                   3            0.446184            0.441888           0.0150707
                   4            0.426188            0.437963           0.0118031
                   5            0.409837            0.432338           0.0106994
                   6            0.406276            0.427994          0.00975811
                   7            0.448938            0.430986          0.00881088
                   8            0.417769            0.429334           0.0078629
                   9            0.437117            0.430199          0.00703664
                  10            0.469953            0.434174           0.0073709
                  11            0.438626            0.434579          0.00671192
                  12            0.460485            0.436738          0.00649051
                  13            0.421463            0.435563          0.00609667
                  14            0.437611            0.435709          0.00566295
                  15            0.420078            0.434667          0.00538044
                  16            0.408944            0.433059          0.00527888
                  17            0.481896            0.435932          0.00569665
                  18            0.405004            0.434214          0.00563334
                  19             0.40903            0.432888          0.00549057
                  20            0.446541            0.433571          0.00525831
