                   1           -0.781692           -0.781692                   0
                   2           -0.783773           -0.782732         0.000735617
                   3            -0.78248           -0.782648         0.000495211
                   4            -0.77993           -0.781968         0.000695943
                   5           -0.783834           -0.782342         0.000649108
                   6           -0.779923           -0.781939          0.00065421
                   7           -0.783508           -0.782163         0.000597947
                   8            -0.77583           -0.781371         0.000906707
                   9            -0.78222           -0.781465         0.000810858
                  10           -0.780533           -0.781372         0.000735112
                  11           -0.777974           -0.781063         0.000730331
                  12           -0.781542           -0.781103         0.000670559
                  13           -0.780119           -0.781027         0.000623238
                  14           -0.781443           -0.781057         0.000579426
                  15            -0.78413           -0.781262          0.00057588
                  16           -0.783077           -0.781375          0.00055095
                  17           -0.779229           -0.781249          0.00053281
                  18           -0.782599           -0.781324          0.00050846
                  19           -0.779073           -0.781206         0.000495317
                  20           -0.784244           -0.781358         0.000493292
