                   1             12.3824             12.3824                   0
                   2             12.5111             12.4467           0.0454894
                   3             11.9761             12.2898            0.131644
                   4             12.4213             12.3227             0.10275
                   5             12.3694              12.332           0.0826237
                   6             12.5302             12.3651           0.0751627
                   7             12.7193             12.4157           0.0796618
                   8             12.8997             12.4762           0.0897841
                   9              12.726             12.5039           0.0839885
                  10             13.2052              12.574            0.100696
                  11             12.5255             12.5696           0.0916384
                  12             13.4313             12.6414            0.108548
                  13             11.7938             12.5762            0.118168
                  14             12.2305             12.5515            0.112279
                  15             12.5013             12.5482            0.104844
                  16             10.8635             12.4429            0.141617
                  17             13.2069             12.4878            0.140237
                  18             12.6489             12.4968            0.132731
                  19             11.4741              12.443            0.136222
                  20             13.2047              12.481             0.13463
