                   1           -0.825664           -0.825664                   0
                   2           -0.828496            -0.82708          0.00100126
                   3           -0.827628           -0.827263         0.000683968
                   4           -0.830016           -0.827951         0.000786446
                   5           -0.826536           -0.827668         0.000678166
                   6           -0.825812           -0.827359          0.00063176
                   7           -0.827132           -0.827326         0.000542338
                   8           -0.827836            -0.82739         0.000478273
                   9           -0.825032           -0.827128         0.000491685
                  10           -0.827332           -0.827148         0.000442939
                  11           -0.825976           -0.827042         0.000415297
                  12           -0.826892           -0.827029         0.000380877
                  13           -0.822144           -0.826654         0.000503951
                  14           -0.826084           -0.826613         0.000469593
                  15           -0.825956           -0.826569         0.000440324
                  16           -0.824824            -0.82646         0.000426097
                  17           -0.829504           -0.826639         0.000437039
                  18           -0.827052           -0.826662         0.000413361
                  19           -0.824988           -0.826574         0.000400885
                  20           -0.830176           -0.826754         0.000419351
