                   1             0.99238             0.99238                   0
                   2            0.997242            0.994811          0.00171898
                   3            0.987004            0.992209          0.00241413
                   4            0.999016            0.993911          0.00233462
                   5            0.995732            0.994275          0.00189591
                   6            0.999588             0.99516          0.00177472
                   7             0.99799            0.995565          0.00156655
                   8            0.972326             0.99266          0.00304338
                   9            0.995686            0.992996          0.00272374
                  10            0.996374            0.993334          0.00247222
                  11            0.998426            0.993797          0.00229041
                  12            0.995266            0.993919          0.00210281
                  13            0.998186            0.994247           0.0019665
                  14             0.99902            0.994588          0.00185535
                  15            0.995326            0.994637          0.00173231
                  16            0.995938            0.994719          0.00162595
                  17            0.991242            0.994514          0.00154311
                  18             0.99904            0.994766          0.00147773
                  19            0.999882            0.995035          0.00142427
                  20            0.988762            0.994721          0.00138717
