                   1            -0.69543            -0.69543                   0
                   2           -0.700281           -0.697856          0.00171499
                   3           -0.698538           -0.698083          0.00115833
                   4           -0.697192           -0.697861         0.000889913
                   5           -0.698778           -0.698044          0.00073062
                   6           -0.696782           -0.697834         0.000638392
                   7           -0.698726           -0.697961         0.000559764
                   8           -0.695771           -0.697688         0.000552683
                   9           -0.699968           -0.697941         0.000546281
                  10           -0.695683           -0.697715         0.000536283
                  11           -0.695212           -0.697488         0.000533636
                  12           -0.698536           -0.697575         0.000496267
                  13           -0.695512           -0.697416         0.000482796
                  14            -0.69669           -0.697364         0.000451086
                  15           -0.696746           -0.697323         0.000422893
                  16           -0.698285           -0.697383          0.00040071
                  17           -0.696853           -0.697352         0.000378351
                  18            -0.69815           -0.697396         0.000359918
                  19           -0.696342           -0.697341         0.000345228
                  20           -0.701512           -0.697549         0.000385855
