                   1           -0.644087           -0.644087                   0
                   2            -0.64871           -0.646398          0.00163439
                   3           -0.645784           -0.646194          0.00110236
                   4           -0.645517           -0.646024         0.000839661
                   5           -0.645372           -0.645894         0.000681802
                   6            -0.64565           -0.645853          0.00056938
                   7           -0.645897           -0.645859         0.000488074
                   8           -0.645627            -0.64583         0.000427931
                   9           -0.645328           -0.645775         0.000384008
                  10           -0.645652           -0.645762         0.000345802
                  11           -0.646734           -0.645851         0.000325457
                  12           -0.644398            -0.64573         0.000320049
                  13           -0.644878           -0.645664         0.000302062
                  14           -0.644561           -0.645585         0.000290583
                  15           -0.647622           -0.645721         0.000301261
                  16           -0.647898           -0.645857         0.000311634
                  17           -0.647246           -0.645939         0.000303818
                  18           -0.644376           -0.645852         0.000299093
                  19           -0.645662           -0.645842         0.000283518
                  20           -0.647894           -0.645945         0.000287306
