                   1            0.347014            0.347014                   0
                   2            0.346392            0.346703         0.000220084
                   3             0.34643            0.346612         0.000164419
                   4             0.35017            0.347501          0.00078003
                   5            0.340657            0.346133          0.00137417
                   6            0.340915            0.345263          0.00139341
                   7             0.34436            0.345134          0.00120031
                   8            0.344507            0.345056          0.00105282
                   9            0.354931            0.346153          0.00139501
                  10            0.344759            0.346013          0.00126246
                  11            0.350272            0.346401          0.00120557
                  12             0.34355            0.346163          0.00112826
                  13             0.34946            0.346417           0.0010696
                  14            0.354405            0.346987          0.00113525
                  15            0.358977            0.347787          0.00131111
                  16             0.34718            0.347749          0.00122971
                  17            0.351705            0.347981          0.00117919
                  18            0.345638            0.347851          0.00112084
                  19            0.341084            0.347495          0.00111702
                  20            0.351299            0.347685          0.00107724
