                   1           -0.000848           -0.000848                   0
                   2            0.005662            0.002407          0.00230163
                   3             0.00129          0.00203467          0.00156425
                   4             0.00424            0.002586          0.00126663
                   5           -0.007196           0.0006296          0.00202207
                   6            0.001262            0.000735          0.00168781
                   7             0.00191         0.000902857          0.00145501
                   8             0.00309          0.00117625          0.00129857
                   9            0.005604          0.00166822          0.00124399
                  10             0.00171           0.0016724           0.0011196
                  11            0.005158          0.00198927          0.00106171
                  12            0.011846          0.00281067          0.00125126
                  13            0.005362          0.00300692           0.0011703
                  14           -0.006442            0.002332          0.00126646
                  15            0.001814          0.00229747           0.0011825
                  16             0.00657           0.0025645          0.00113834
                  17            0.002616          0.00256753          0.00107139
                  18           -0.006704          0.00205244          0.00112891
                  19            0.003828          0.00214589          0.00107336
                  20            0.006044           0.0023408          0.00103723
