                   1             0.36722             0.36722                   0
                   2            0.363903            0.365561           0.0011726
                   3            0.354495            0.361873          0.00311175
                   4             0.35529            0.360227          0.00273454
                   5            0.357353            0.359652          0.00224722
                   6            0.352172            0.358406          0.00219137
                   7            0.367648            0.359726          0.00224106
                   8              0.3551            0.359148          0.00203414
                   9            0.362457            0.359515          0.00184105
                  10            0.365644            0.360128          0.00175599
                  11            0.348985            0.359115          0.00186583
                  12            0.365437            0.359642          0.00178316
                  13            0.358912            0.359586          0.00164688
                  14            0.362388            0.359786          0.00154136
                  15            0.362446            0.359963          0.00144877
                  16            0.357011            0.359779          0.00136992
                  17            0.362971            0.359967          0.00130214
                  18            0.353945            0.359632          0.00127205
                  19            0.354585            0.359366          0.00123253
                  20            0.360904            0.359443           0.0011733
