                   1             0.09128             0.09128                   0
                   2             0.07762             0.08445          0.00482954
                   3            0.073044            0.080648           0.0044725
                   4             0.08033           0.0805685          0.00335508
                   5             0.07221           0.0788968          0.00307244
                   6            0.069226            0.077285          0.00295303
                   7            0.077598           0.0773297          0.00253151
                   8            0.065628            0.075867          0.00260358
                   9            0.088254           0.0772433          0.00265325
                  10            0.095002           0.0790192          0.00292242
                  11            0.078054           0.0789315          0.00265806
                  12            0.086176           0.0795352          0.00250418
                  13            0.085786            0.080016          0.00235726
                  14            0.065482           0.0789779          0.00240665
                  15            0.090828           0.0797679          0.00237233
                  16            0.075414           0.0794958          0.00223961
                  17            0.073118           0.0791206          0.00213906
                  18            0.068924           0.0785541          0.00209389
                  19            0.076118           0.0784259          0.00198761
                  20             0.08614           0.0788116          0.00192529
