                   1               0.211               0.211                   0
                   2            0.209582            0.210291         0.000501205
                   3            0.210747            0.210443         0.000356441
                   4            0.207351             0.20967         0.000720849
                   5            0.210975            0.209931         0.000622103
                   6             0.20838            0.209672         0.000569625
                   7            0.208291            0.209475         0.000521305
                   8            0.206836            0.209145          0.00055074
                   9             0.20571            0.208763         0.000607594
                  10            0.210093            0.208896         0.000561191
                  11            0.210222            0.209017         0.000522949
                  12            0.211248            0.209203          0.00051136
                  13             0.21018            0.209278          0.00047752
                  14            0.210415            0.209359         0.000450267
                  15            0.210009            0.209403         0.000422329
                  16            0.211436             0.20953         0.000414616
                  17              0.2056            0.209298         0.000450074
                  18            0.209473            0.209308         0.000425175
                  19            0.213687            0.209539         0.000461048
                  20            0.216071            0.209865         0.000541479
