                   1            0.126436            0.126436                   0
                   2                   0            0.063218           0.0447019
                   3                   0           0.0421453           0.0344115
                   4                   0            0.031609           0.0273742
                   5                   0           0.0252872           0.0226176
                   6                   0           0.0210727           0.0192366
                   7                   0           0.0180623           0.0167224
                   8                   0           0.0158045           0.0147838
                   9                   0           0.0140484            0.013245
                  10                   0           0.0126436           0.0119948
                  11                   0           0.0114942           0.0109593
                  12                   0           0.0105363           0.0100878
                  13                   0          0.00972584          0.00934429
                  14                   0          0.00903114          0.00870262
                  15                   0          0.00842906          0.00814325
                  16                   0          0.00790225          0.00765132
                  17                   0          0.00743741          0.00721535
                  18                   0          0.00702422          0.00682631
                  19                   0          0.00665452          0.00647704
                  20                   0           0.0063218          0.00616173
