                   1             1.65577             1.65577                   0
                   2             1.63683              1.6463          0.00669472
                   3             1.66037             1.65099           0.0058802
                   4              1.6378             1.64769          0.00525432
                   5             1.63513             1.64518          0.00476654
                   6              1.6516             1.64625          0.00409027
                   7             1.68077             1.65118          0.00575638
                   8             1.66928             1.65344          0.00546338
                   9             1.68204             1.65662          0.00570592
                  10             1.65008             1.65597           0.0051727
                  11             1.65418              1.6558            0.004705
                  12             1.65315             1.65558           0.0043181
                  13             1.67511             1.65709          0.00423926
                  14              1.6528             1.65678          0.00394749
                  15             1.66146             1.65709          0.00369664
                  16             1.71315              1.6606           0.0048495
                  17             1.72649             1.66447          0.00591395
                  18             1.63834             1.66302          0.00576082
                  19             1.64788             1.66222          0.00551244
                  20             1.68948             1.66359          0.00540265
