                   1            0.223459            0.223459                   0
                   2            0.221795            0.222627          0.00058848
                   3            0.223903            0.223052         0.000523897
                   4            0.224308            0.223366         0.000477866
                   5            0.226954            0.224084         0.000746996
                   6             0.22679            0.224535         0.000746378
                   7            0.226825            0.224862         0.000707834
                   8             0.22513            0.224895         0.000620144
                   9            0.232902            0.225785          0.00100364
                  10            0.225463            0.225753          0.00090379
                  11            0.224315            0.225622         0.000831024
                  12             0.22731            0.225763          0.00077358
                  13             0.23383            0.226383         0.000930231
                  14            0.221608            0.226042         0.000924216
                  15            0.232004             0.22644         0.000944209
                  16            0.226481            0.226442         0.000885199
                  17            0.226574             0.22645         0.000833162
                  18            0.224807            0.226359         0.000791859
                  19            0.227333             0.22641         0.000751843
                  20            0.223319            0.226255         0.000729958
