                   1             19.6223             19.6223                   0
                   2             21.2408             20.4316             0.57223
                   3             17.7733             19.5455            0.817898
                   4             19.6828             19.5798            0.614144
                   5             17.8248             19.2288            0.583058
                   6             17.8492             18.9989            0.529285
                   7             18.9514             18.9921            0.453716
                   8             20.1669             19.1389            0.420094
                   9             16.0522              18.796            0.493965
                  10             18.6653             18.7829            0.444742
                  11             18.6395             18.7699            0.404501
                  12             21.3473             18.9846            0.424001
                  13             20.1641             19.0754            0.400975
                  14             21.5146             19.2496            0.408435
                  15              19.506             19.2667            0.381564
                  16             17.4629              19.154            0.374001
                  17             20.9744              19.261            0.367011
                  18             20.5008             19.3299            0.353025
                  19             18.0175             19.2608            0.341136
                  20             20.4459             19.3201            0.329185
