                   1           -0.876428           -0.876428                   0
                   2           -0.887866           -0.882147          0.00404404
                   3           -0.870475           -0.878256          0.00416666
                   4           -0.874563           -0.877333          0.00322567
                   5           -0.878477           -0.877562          0.00258863
                   6           -0.877856           -0.877611          0.00215766
                   7           -0.878033           -0.877671          0.00185027
                   8           -0.877778           -0.877685          0.00161903
                   9           -0.872798           -0.877142          0.00152747
                  10           -0.878335           -0.877261          0.00137938
                  11           -0.871038           -0.876695          0.00136507
                  12           -0.877633           -0.876773          0.00125355
                  13           -0.878963           -0.876942          0.00116839
                  14           -0.876421           -0.876905          0.00108552
                  15           -0.874563           -0.876748          0.00102432
                  16              -0.872           -0.876452          0.00100237
                  17           -0.877361           -0.876505         0.000944834
                  18           -0.878785           -0.876632          0.00090079
                  19           -0.873464           -0.876465         0.000868677
                  20           -0.884544           -0.876869         0.000914361
