                   1            0.523569            0.523569                   0
                   2            0.486258            0.504914           0.0131913
                   3            0.510869            0.506899          0.00894233
                   4            0.476357            0.499263          0.00941828
                   5            0.486927            0.496796          0.00785113
                   6            0.498273            0.497042          0.00654646
                   7            0.492208            0.496352          0.00564756
                   8            0.506449            0.497614          0.00508069
                   9            0.518071            0.499887          0.00499882
                  10            0.523068            0.502205          0.00500769
                  11            0.498779            0.501894          0.00456212
                  12            0.508382            0.502434          0.00421387
                  13            0.521786            0.503923          0.00414432
                  14              0.5358              0.5062          0.00442984
                  15             0.50901            0.506387          0.00413848
                  16             0.44948             0.50283           0.0051877
                  17            0.517558            0.503697          0.00495436
                  18            0.522852            0.504761          0.00479204
                  19            0.502883            0.504662          0.00454085
                  20             0.52822             0.50584          0.00446396
