                   1            0.373402            0.373402                   0
                   2            0.416716            0.395059           0.0153138
                   3            0.321332            0.370483           0.0225138
                   4            0.315756            0.356801           0.0206279
                   5             0.29463            0.344367           0.0199001
                   6             0.33962            0.343576           0.0165992
                   7            0.358874            0.345761            0.014371
                   8            0.359294            0.347453           0.0126738
                   9            0.335094             0.34608           0.0113397
                  10            0.401332            0.351605           0.0114731
                  11            0.275098             0.34465           0.0123598
                  12            0.362262            0.346118           0.0114166
                  13            0.330764            0.344936           0.0105993
                  14            0.310228            0.342457            0.010128
                  15             0.33054            0.341663          0.00948393
                  16            0.251202            0.336009           0.0104413
                  17            0.337068            0.336071          0.00982729
                  18            0.315434            0.334925          0.00934797
                  19            0.334582            0.334907          0.00885599
                  20            0.372422            0.336783          0.00860955
