                   1             22.6581             22.6581                   0
                   2             24.4323             23.5452            0.627277
                   3             19.3378             22.1427             1.21906
                   4             20.5783             21.7516            0.975019
                   5              21.221             21.6455             0.78577
                   6             21.9145             21.6903            0.656086
                   7             22.8584             21.8572            0.583194
                   8             22.5937             21.9493            0.517511
                   9             20.7886             21.8203            0.475808
                  10             23.4392             21.9822            0.454934
                  11             19.3413             21.7421              0.4727
                  12             21.3777             21.7117            0.434283
                  13             22.3462             21.7605             0.40361
                  14               22.22             21.7934            0.376113
                  15             20.6949             21.7201            0.358097
                  16             19.1079             21.5569            0.371072
                  17             22.9907             21.6412            0.358701
                  18              22.843              21.708            0.344932
                  19             19.7142              21.603            0.342367
                  20             24.1311             21.7294              0.3478
