                   1            0.219601            0.219601                   0
                   2            0.218105            0.218853         0.000529165
                   3            0.220859            0.219522         0.000650137
                   4            0.220712            0.219819         0.000551509
                   5            0.222879            0.220431          0.00070302
                   6            0.223903             0.22101         0.000788866
                   7            0.222756            0.221259         0.000714512
                   8            0.221396            0.221276         0.000625403
                   9            0.229879            0.222232          0.00105888
                  10            0.222602            0.222269         0.000953638
                  11            0.221494            0.222199         0.000869546
                  12             0.22297            0.222263         0.000799455
                  13            0.230445            0.222892         0.000954063
                  14             0.21934            0.222639         0.000919043
                  15            0.228504             0.22303         0.000937271
                  16            0.222449            0.222993         0.000879393
                  17            0.221677            0.222916         0.000831067
                  18            0.221165            0.222819          0.00079057
                  19            0.221832            0.222767         0.000750666
                  20            0.220237             0.22264         0.000723712
