                   1           -0.776488           -0.776488                   0
                   2              -0.776           -0.776244         0.000172534
                   3           -0.776136           -0.776208         0.000118719
                   4           -0.772984           -0.775402         0.000703673
                   5           -0.775692            -0.77546         0.000565323
                   6           -0.773956           -0.775209         0.000523736
                   7           -0.777092           -0.775478          0.00051335
                   8             -0.7697           -0.774756         0.000811325
                   9           -0.773648           -0.774633         0.000730458
                  10           -0.770412           -0.774211         0.000769763
                  11           -0.766868           -0.773543         0.000945929
                  12            -0.77412           -0.773591         0.000868322
                  13            -0.77406           -0.773627         0.000802276
                  14           -0.778824           -0.773999         0.000826389
                  15           -0.775476           -0.774097         0.000777144
                  16           -0.776256           -0.774232         0.000740194
                  17           -0.775612           -0.774313          0.00070109
                  18              -0.778           -0.774518         0.000691413
                  19            -0.77284            -0.77443          0.00066064
                  20           -0.777124           -0.774564         0.000641196
