                   1            0.028976            0.028976                   0
                   2            0.034846            0.031911          0.00207536
                   3            0.030216            0.031346          0.00145845
                   4            0.028976           0.0307535          0.00120821
                   5            0.033138           0.0312304          0.00105651
                   6            0.038166           0.0323863          0.00137427
                   7            0.035096           0.0327734          0.00123126
                   8            0.030528           0.0324928          0.00110888
                   9            0.039032           0.0332193          0.00120034
                  10            0.031004           0.0329978          0.00110056
                  11             0.03786           0.0334398          0.00108565
                  12               0.045           0.0344032          0.00135687
                  13            0.038276           0.0347011          0.00128478
                  14             0.03042           0.0343953          0.00122886
                  15            0.034672           0.0344137          0.00114708
                  16             0.03456           0.0344229          0.00107542
                  17             0.03194           0.0342768          0.00102203
                  18            0.044658           0.0348536          0.00111618
                  19             0.03795           0.0350165          0.00106926
                  20            0.030406            0.034786          0.00104035
