                   1             1.78763             1.78763                   0
                   2             1.84506             1.81634           0.0203073
                   3             1.75067             1.79445           0.0224216
                   4             1.79894             1.79558           0.0168443
                   5             1.80246             1.79695           0.0135315
                   6             1.75595             1.79012           0.0128867
                   7             1.79398             1.79067           0.0110575
                   8             1.77104             1.78822          0.00994378
                   9             1.81226             1.79089          0.00919063
                  10             1.79922             1.79172          0.00830927
                  11             1.81664             1.79399           0.0078566
                  12              1.8457              1.7983          0.00829987
                  13             1.82213             1.80013          0.00786123
                  14             1.80154             1.80023          0.00730036
                  15             1.77307             1.79842           0.0070347
                  16             1.88886             1.80407          0.00857022
                  17             1.83784             1.80606          0.00829307
                  18             1.82339             1.80702          0.00788808
                  19              1.8509             1.80933          0.00780361
                  20             1.79864              1.8088           0.0074317
