                   1            0.418416            0.418416                   0
                   2            0.449392            0.433904           0.0109517
                   3            0.370162            0.412657           0.0188221
                   4            0.360352            0.399581           0.0180975
                   5            0.375696            0.394804           0.0150952
                   6            0.375438            0.391576           0.0129198
                   7            0.489894            0.405621           0.0170801
                   8            0.470038            0.413674           0.0167358
                   9            0.362678            0.408007           0.0158063
                  10            0.445812            0.411788           0.0146708
                  11            0.344652            0.405685           0.0145514
                  12            0.422146            0.407056           0.0134033
                  13            0.372792            0.404421           0.0126287
                  14            0.316394            0.398133           0.0131994
                  15            0.408152            0.398801           0.0123364
                  16            0.292336            0.392147           0.0132388
                  17            0.414606            0.393468           0.0125258
                  18             0.36917            0.392118           0.0119025
                  19            0.401454            0.392609           0.0112861
                  20            0.449996            0.395479           0.0110806
