                   1             7.23416             7.23416                   0
                   2             7.62734             7.43075             0.13901
                   3             6.77609             7.21253            0.200836
                   4             6.56321              7.0502            0.206037
                   5             7.18254             7.07667            0.166521
                   6             6.90923             7.04876            0.141087
                   7             6.83297             7.01793            0.124254
                   8             6.04491             6.89631            0.157368
                   9             7.05346             6.91377            0.140848
                  10             6.96599             6.91899             0.12686
                  11             7.10066              6.9355            0.116397
                  12             7.06746              6.9465            0.107215
                  13             6.62993             6.92215            0.101696
                  14             6.91226             6.92144           0.0944344
                  15              7.4569             6.95714           0.0946455
                  16             7.13067             6.96799           0.0893495
                  17             6.75635             6.95554           0.0849564
                  18             7.61832             6.99236           0.0878544
                  19             6.86149             6.98547           0.0835001
                  20             7.46888             7.00964           0.0827494
