                   1            -0.74334            -0.74334                   0
                   2           -0.749981            -0.74666          0.00234779
                   3           -0.748624           -0.747315           0.0016539
                   4           -0.745356           -0.746825           0.0013109
                   5           -0.748607           -0.747182          0.00109606
                   6           -0.745709           -0.746936         0.000940466
                   7           -0.746455           -0.746867         0.000808623
                   8           -0.742292           -0.746295         0.000887003
                   9           -0.747334           -0.746411         0.000795915
                  10           -0.744272           -0.746197         0.000744501
                  11           -0.743733           -0.745973         0.000709726
                  12           -0.746385           -0.746007         0.000651412
                  13           -0.745987           -0.746006         0.000601306
                  14           -0.745784            -0.74599         0.000558565
                  15           -0.748647           -0.746167         0.000548701
                  16            -0.74708           -0.746224         0.000517363
                  17           -0.745676           -0.746192         0.000487932
                  18           -0.747828           -0.746283         0.000469216
                  19           -0.744709             -0.7462          0.00045177
                  20           -0.749242           -0.746352         0.000454062
