                   1            0.139408            0.139408                   0
                   2            0.161436            0.150422          0.00778807
                   3             0.12459            0.141811          0.00873993
                   4            0.131618            0.139263          0.00691649
                   5            0.131532            0.137717           0.0057034
                   6            0.124044            0.135438          0.00518815
                   7            0.118742            0.133053          0.00496507
                   8             0.09742            0.128599          0.00601941
                   9            0.152692            0.131276          0.00591599
                  10            0.151212            0.133269          0.00565033
                  11            0.144234            0.134266          0.00522385
                  12            0.133656            0.134215          0.00478877
                  13            0.133758             0.13418          0.00442054
                  14             0.10238            0.131909           0.0046519
                  15             0.13916            0.132392          0.00436682
                  16             0.11838            0.131516          0.00418078
                  17            0.110614            0.130287          0.00411169
                  18            0.144802            0.131093          0.00396155
                  19            0.142262            0.131681          0.00379641
                  20            0.149892            0.132592          0.00371418
