                   1           -0.490678           -0.490678                   0
                   2           -0.491323              -0.491         0.000228014
                   3           -0.489874           -0.490625         0.000342102
                   4            -0.48951           -0.490346         0.000352311
                   5           -0.488199           -0.489917         0.000476487
                   6           -0.491094           -0.490113         0.000435626
                   7           -0.492002           -0.490383         0.000449244
                   8           -0.487035           -0.489964           0.0005548
                   9           -0.488802           -0.489835         0.000507964
                  10           -0.488563           -0.489708         0.000472824
                  11            -0.48915           -0.489657         0.000432549
                  12           -0.487468           -0.489475         0.000433277
                  13           -0.489626           -0.489486         0.000400104
                  14           -0.489693           -0.489501         0.000371796
                  15           -0.491641           -0.489644         0.000373375
                  16           -0.488877           -0.489596           0.0003531
                  17           -0.492519           -0.489768         0.000371833
                  18            -0.48985           -0.489772         0.000351204
                  19           -0.489896           -0.489779          0.00033278
                  20           -0.491913           -0.489886         0.000332811
