                   1            0.215592            0.215592                   0
                   2            0.216593            0.216093         0.000354055
                   3              0.2161            0.216095         0.000236047
                   4            0.216881            0.216292         0.000245597
                   5            0.220168            0.217067         0.000720742
                   6            0.212069            0.216234         0.000969051
                   7            0.215592            0.216142         0.000834937
                   8            0.213424            0.215803         0.000796693
                   9            0.216818            0.215915         0.000716122
                  10            0.216038            0.215928         0.000644615
                  11             0.22075            0.216366         0.000719786
                  12            0.217388            0.216451          0.00066482
                  13            0.217313            0.216518         0.000616979
                  14            0.215593            0.216452         0.000576433
                  15            0.218321            0.216576         0.000551311
                  16            0.218893            0.216721          0.00053553
                  17            0.215406            0.216644         0.000509582
                  18            0.217453            0.216689         0.000483251
                  19            0.219136            0.216817         0.000474679
                  20            0.221008            0.217027         0.000495033
