                   1            0.734108            0.734108                   0
                   2            0.826294            0.780201           0.0325927
                   3            0.802864            0.787755            0.022587
                   4             0.78184            0.786277           0.0169886
                   5            0.864108            0.801843           0.0194566
                   6            0.699878            0.784849             0.02244
                   7            0.734818            0.777701           0.0203407
                   8            0.769868            0.776722           0.0178217
                   9             0.85521            0.785443           0.0178481
                  10            0.880134            0.794912           0.0184045
                  11             0.78524            0.794033           0.0167524
                  12            0.931564            0.805494           0.0188739
                  13            0.897936            0.812605           0.0187138
                  14             0.79664            0.811464           0.0174118
                  15            0.796104             0.81044           0.0162811
                  16            0.755094            0.806981           0.0156267
                  17             0.81625            0.807526           0.0147169
                  18            0.824986            0.808496           0.0139313
                  19            0.868144            0.811636           0.0135471
                  20            0.868832            0.814496           0.0131682
