                   1            -0.97723            -0.97723                   0
                   2           -0.988642           -0.982936          0.00403465
                   3           -0.985373           -0.983748          0.00277036
                   4           -0.982205           -0.983363          0.00210447
                   5           -0.990234           -0.984737          0.00208458
                   6            -0.98703           -0.985119          0.00177182
                   7           -0.977448           -0.984023          0.00182639
                   8           -0.983093           -0.983907          0.00160179
                   9           -0.989996           -0.984584          0.00156017
                  10           -0.990407           -0.985166          0.00150892
                  11           -0.989473           -0.985557          0.00142164
                  12           -0.998655           -0.986649          0.00167042
                  13           -0.993411           -0.987169          0.00162089
                  14           -0.985245           -0.987032          0.00151093
                  15           -0.985442           -0.986926          0.00141391
                  16           -0.983178           -0.986691           0.0013448
                  17           -0.985305            -0.98661          0.00126817
                  18           -0.991128           -0.986861           0.0012223
                  19           -0.990903           -0.987074          0.00117634
                  20           -0.990777           -0.987259            0.001132
