                   1             2.00378             2.00378                   0
                   2               1.971             1.98739           0.0115923
                   3             2.06827             2.01435           0.0233288
                   4             2.05526             2.02458           0.0196109
                   5             2.05951             2.03156           0.0168875
                   6             2.00621             2.02734           0.0145921
                   7             1.96394             2.01828           0.0150582
                   8             2.05897             2.02337           0.0140087
                   9             1.99448             2.02016           0.0128147
                  10             2.03765             2.02191           0.0116521
                  11              2.0052             2.02039           0.0106914
                  12             2.04115             2.02212          0.00993943
                  13             2.00283             2.02063          0.00928492
                  14             2.06129             2.02354           0.0090645
                  15             1.98032             2.02066          0.00890641
                  16             2.04757             2.02234          0.00850716
                  17             2.02267             2.02236          0.00800676
                  18             2.00237             2.02125          0.00763857
                  19             2.01564             2.02095          0.00724224
                  20             2.01362             2.02059          0.00688939
