                   1             3.65217             3.65217                   0
                   2             3.29769             3.47493            0.125328
                   3             3.39998             3.44995            0.086006
                   4             3.25806             3.40198           0.0767263
                   5             3.36211               3.394           0.0617939
                   6             3.26778             3.37297           0.0549592
                   7             3.44596              3.3834           0.0480871
                   8             3.36006             3.38048           0.0421645
                   9             3.42778             3.38573           0.0378057
                  10             3.42138              3.3893           0.0341927
                  11             3.22715             3.37456           0.0341141
                  12             3.55089             3.38925           0.0342904
                  13             3.39751             3.38989           0.0316586
                  14             3.30217             3.38362           0.0300108
                  15             3.52824             3.39326           0.0295181
                  16             3.36448             3.39146           0.0277279
                  17             3.50509             3.39815           0.0268904
                  18              3.3963             3.39805           0.0253966
                  19             3.28858             3.39228           0.0247049
                  20             3.65031             3.40519           0.0266261
