                   1            0.231307            0.231307                   0
                   2            0.154943            0.193125           0.0269987
                   3            0.248192            0.211481            0.023422
                   4            0.227224            0.215416           0.0178942
                   5            0.159168            0.204167           0.0174978
                   6            0.169974            0.198468           0.0154817
                   7              0.2376            0.204058           0.0142436
                   8            0.226178            0.206823           0.0127287
                   9            0.335272            0.221095           0.0175805
                  10            0.228008            0.221787           0.0158361
                  11            0.209793            0.220696           0.0144339
                  12            0.206047            0.219475           0.0132826
                  13            0.214831            0.219118           0.0122657
                  14            0.164905            0.215246           0.0119852
                  15            0.231289            0.216315           0.0112338
                  16            0.263697            0.219277           0.0109151
                  17            0.225077            0.219618           0.0102783
                  18            0.179861            0.217409          0.00994182
                  19            0.269248            0.220138          0.00978578
                  20            0.222143            0.220238          0.00929701
