                   1           -0.987076           -0.987076                   0
                   2           -0.991184            -0.98913           0.0014524
                   3            -0.98446           -0.987573          0.00159781
                   4            -0.98626           -0.987245          0.00123163
                   5           -0.990896           -0.987975          0.00118211
                   6           -0.990168           -0.988341          0.00104005
                   7           -0.986216           -0.988037         0.000934715
                   8           -0.986332           -0.987824         0.000841826
                   9           -0.978864           -0.986828          0.00120039
                  10           -0.986452           -0.986791          0.00108094
                  11           -0.987756           -0.986879         0.000986231
                  12           -0.989016           -0.987057         0.000919989
                  13            -0.98766           -0.987103         0.000850391
                  14           -0.990532           -0.987348         0.000824165
                  15            -0.98562           -0.987233          0.00077723
                  16           -0.983964           -0.987028         0.000755027
                  17           -0.986128           -0.986976         0.000712469
                  18           -0.989564           -0.987119         0.000687247
                  19           -0.983332            -0.98692         0.000679369
                  20            -0.98754           -0.986951         0.000646107
