                   1           -0.580756           -0.580756                   0
                   2           -0.579544            -0.58015         0.000428507
                   3           -0.579708           -0.580003         0.000309967
                   4           -0.581164           -0.580293         0.000342439
                   5           -0.580044           -0.580243         0.000277549
                   6           -0.578664            -0.57998         0.000333503
                   7           -0.579352            -0.57989         0.000297682
                   8           -0.582208            -0.58018         0.000375883
                   9           -0.580676           -0.580235         0.000338134
                  10           -0.579588            -0.58017         0.000310451
                  11           -0.577196             -0.5799         0.000382259
                  12           -0.578472           -0.579781         0.000368462
                  13           -0.577604           -0.579614         0.000376254
                  14           -0.581068           -0.579717         0.000363438
                  15           -0.580764           -0.579787         0.000345842
                  16           -0.579892           -0.579794         0.000324288
                  17           -0.580084           -0.579811         0.000305662
                  18           -0.582016           -0.579933         0.000312268
                  19           -0.579972           -0.579935         0.000295839
                  20           -0.579832            -0.57993         0.000281093
