                   1            0.008216            0.008216                   0
                   2             0.00655            0.007383          0.00058902
                   3             0.00191          0.00555867          0.00154045
                   4            0.012324             0.00725          0.00186555
                   5           -0.009174           0.0039652          0.00329534
                   6           -0.000714          0.00318533           0.0028369
                   7            0.005076          0.00345543          0.00244445
                   8            -0.00576           0.0023035          0.00239498
                   9             0.01194          0.00337422          0.00235609
                  10            0.009876           0.0040244          0.00220837
                  11             0.00314            0.003944          0.00200907
                  12             0.01562            0.004917          0.00206386
                  13            0.002652          0.00474277          0.00191244
                  14            -0.00726          0.00388543           0.0019586
                  15             0.00258           0.0037984          0.00182996
                  16            0.000528            0.003594          0.00172697
                  17             0.00066          0.00342141          0.00163398
                  18           -0.007458            0.002817          0.00165121
                  19             0.00076          0.00270874          0.00156785
                  20            0.011372           0.0031419          0.00154814
