                   1             117.907             117.907                   0
                   2             116.191             117.049            0.606778
                   3             116.679             116.926            0.416875
                   4             117.864              117.16            0.372892
                   5             117.352             117.199            0.300284
                   6             118.689             117.447            0.337705
                   7             118.455             117.591            0.318685
                   8             115.237             117.297            0.391819
                   9             116.622             117.222            0.355384
                  10             117.587             117.259            0.321717
                  11             116.429             117.183            0.301182
                  12              117.69             117.225            0.279026
                  13             117.368             117.236            0.257779
                  14             117.741             117.272             0.24187
                  15             117.208             117.268            0.225783
                  16             117.819             117.303            0.214284
                  17             117.501             117.314            0.201995
                  18             118.172             117.362            0.196313
                  19             117.712              117.38            0.186842
                  20             116.511             117.337            0.182483
