                   1           -0.913364           -0.913364                   0
                   2           -0.920172           -0.916768          0.00240699
                   3           -0.912992           -0.915509          0.00190554
                   4           -0.914304           -0.915208          0.00145279
                   5           -0.915348           -0.915236           0.0011625
                   6           -0.916136           -0.915386          0.00097838
                   7           -0.909872           -0.914598          0.00111136
                   8           -0.914148           -0.914542         0.000973864
                   9            -0.91172           -0.914228         0.000914743
                  10           -0.913572           -0.914163         0.000825621
                  11            -0.91308           -0.914064          0.00075641
                  12           -0.914276           -0.914082         0.000693581
                  13           -0.907008           -0.913538         0.000826571
                  14           -0.915204           -0.913657          0.00077605
                  15           -0.912736           -0.913595         0.000726738
                  16           -0.913896           -0.913614         0.000681559
                  17           -0.916712           -0.913796         0.000665381
                  18           -0.914748           -0.913849         0.000630512
                  19           -0.916548           -0.913991         0.000613116
                  20           -0.908324           -0.913708         0.000644626
