                   1            0.040898            0.040898                   0
                   2           -0.060766           -0.009934           0.0359437
                   3           -0.126844           -0.048904           0.0398326
                   4            0.030008           -0.029176           0.0344148
                   5            0.038516          -0.0156376           0.0300771
                   6            0.037606         -0.00676367           0.0263408
                   7           -0.044114          -0.0120994            0.023112
                   8            0.079006         -0.00071125           0.0228571
                   9            0.040892          0.00391133           0.0207796
                  10            0.145426           0.0180628           0.0230215
                  11             0.05623           0.0215325           0.0211885
                  12            0.057832           0.0245575           0.0196375
                  13            -0.07445           0.0169415           0.0195481
                  14           -0.038348           0.0129923           0.0185464
                  15            -0.05686          0.00833547           0.0178851
                  16            -0.05123          0.00461262           0.0171504
                  17            0.005338          0.00465529           0.0161416
                  18            -0.00317          0.00422056           0.0152507
                  19           -0.134324         -0.00307126           0.0160971
                  20           -0.038846            -0.00486           0.0153913
