                   1             34.1446             34.1446                   0
                   2             36.2101             35.1773            0.730261
                   3             31.1656             33.8401             1.19548
                   4             33.1826             33.6757            0.907839
                   5             33.5259             33.6458            0.726765
                   6             34.9437             33.8621            0.637019
                   7             31.6248             33.5425            0.621043
                   8             33.6044             33.5502            0.543461
                   9             30.3715              33.197            0.586723
                  10             32.1298             33.0903            0.537669
                  11             31.4753             32.9435            0.508442
                  12             34.0209             33.0333            0.473933
                  13             27.5194             32.6091            0.597866
                  14              34.128             32.7176            0.564919
                  15             31.1656             32.6141            0.536649
                  16             32.8788             32.6307            0.503363
                  17             34.8718             32.7625            0.490713
                  18             33.3253             32.7938            0.464446
                  19             35.4847             32.9354             0.46109
                  20             29.5586             32.7666            0.467929
