                   1            0.972032            0.972032                   0
                   2            0.980162            0.976097          0.00287439
                   3              0.9643            0.972165           0.0037391
                   4              0.9837            0.975048          0.00375521
                   5            0.926274            0.965294          0.00922776
                   6            0.981688            0.968026          0.00808422
                   7            0.969546            0.968243          0.00693225
                   8            0.983936            0.970205          0.00633718
                   9            0.943652            0.967254          0.00628239
                  10             0.97525            0.968054           0.0057048
                  11             0.96316            0.967609           0.0052035
                  12             0.74604            0.949145           0.0183102
                  13            0.783104            0.936373           0.0208867
                  14            0.965798            0.938474           0.0195003
                  15            0.990696            0.941956           0.0185084
                  16            0.965354            0.943418           0.0174093
                  17            0.970492            0.945011           0.0164579
                  18            0.981994            0.947065           0.0156713
                  19            0.959416            0.947715             0.01486
                  20             0.95887            0.948273           0.0141274
