                   1             0.12217             0.12217                   0
                   2            0.104055            0.113112          0.00640478
                   3            0.132307             0.11951          0.00674702
                   4            0.118895            0.119357          0.00506202
                   5            0.182908            0.132067           0.0120681
                   6           0.0932228            0.125593           0.0116647
                   7            0.130811            0.126338           0.0100221
                   8           0.0984677            0.122855           0.0093553
                   9            0.168736            0.127952          0.00960491
                  10            0.112316            0.126389          0.00877078
                  11            0.140285            0.127652          0.00806391
                  12            0.231931            0.136342           0.0111293
                  13             0.19031            0.140493           0.0110203
                  14            0.136792            0.140229           0.0102363
                  15           0.0727432             0.13573           0.0104961
                  16            0.145639            0.136349           0.0098584
                  17            0.138085            0.136451          0.00927902
                  18            0.109938            0.134978          0.00887966
                  19            0.186989            0.137716          0.00882416
                  20            0.168585            0.139259          0.00851687
