                   1             14.7061             14.7061                   0
                   2             14.5785             14.6423           0.0451219
                   3             14.2705             14.5184            0.105565
                   4              11.736             13.8228            0.607586
                   5              12.808             13.6198            0.518857
                   6             13.0905             13.5316            0.439816
                   7             13.9252             13.5878            0.380562
                   8             13.8684             13.6229            0.334604
                   9             11.7728             13.4173            0.354997
                  10             13.8667             13.4623            0.322329
                  11             12.3974             13.3655            0.307219
                  12             14.3437              13.447            0.292234
                  13             14.7914             13.5504            0.287472
                  14             14.6108             13.6261            0.276736
                  15             13.2812             13.6031             0.25924
                  16               12.79             13.5523             0.24797
                  17             14.5113             13.6087            0.239714
                  18             14.4265             13.6542            0.230662
                  19             12.9553             13.6174            0.221435
                  20             13.8536             13.6292            0.210678
