                   1              0.0431              0.0431                   0
                   2            0.047568            0.045334          0.00157968
                   3            -0.03507           0.0185327           0.0219085
                   4            -0.00631            0.012322           0.0172893
                   5            0.013954           0.0126484           0.0138345
                   6            0.035108           0.0163917           0.0120245
                   7            0.033968           0.0189026           0.0105656
                   8           -0.007298           0.0156275          0.00973931
                   9           -0.003978           0.0134491          0.00889745
                  10            0.044008            0.016505          0.00851633
                  11            0.000874            0.015084          0.00785978
                  12            0.018744            0.015389          0.00721071
                  13            -0.02125           0.0125706          0.00718576
                  14            0.023838           0.0133754          0.00671741
                  15            0.001038           0.0125529          0.00631974
                  16           -0.030712          0.00984888          0.00647747
                  17           -0.055634          0.00599694          0.00715061
                  18           -0.012652          0.00496089            0.006828
                  19           -0.001198          0.00463674          0.00647632
                  20            0.063132           0.0075615          0.00678084
