                   1            0.002256            0.002256                   0
                   2            0.006736            0.004496          0.00158392
                   3            0.003678          0.00422333          0.00107916
                   4             0.00747            0.005035            0.001072
                   5           -0.006178           0.0027924          0.00218149
                   6            0.001504          0.00257767          0.00182844
                   7             0.00022          0.00224086          0.00159796
                   8            0.002528          0.00227675          0.00139862
                   9            0.008054          0.00291867           0.0013827
                  10             0.00289           0.0029158          0.00124443
                  11             0.00359          0.00297709          0.00113281
                  12            0.010368            0.003593          0.00119416
                  13            0.003728          0.00360338          0.00110235
                  14           -0.007886          0.00278271          0.00129351
                  15            0.000824          0.00265213          0.00121385
                  16            0.003972          0.00273463          0.00114078
                  17            0.002446          0.00271765          0.00107381
                  18           -0.008062          0.00211878          0.00116928
                  19             0.00408            0.002222          0.00111229
                  20            0.005446           0.0023832          0.00106829
