                   1              2.9371              2.9371                   0
                   2             2.84271             2.88991           0.0333734
                   3             2.88383             2.88788           0.0223104
                   4             2.82528             2.87223           0.0215336
                   5              2.8854             2.87486           0.0173874
                   6             2.86783             2.87369            0.014529
                   7             2.99175             2.89056           0.0199728
                   8             2.94662             2.89757           0.0186653
                   9              2.9258              2.9007           0.0168531
                  10             2.96875             2.90751           0.0164844
                  11             2.78768             2.89661           0.0182335
                  12             2.99472             2.90479           0.0184561
                  13             2.85939              2.9013           0.0173637
                  14             2.87568             2.89947           0.0162195
                  15             2.99748               2.906           0.0164016
                  16             2.94018             2.90814            0.015515
                  17             3.00224             2.91367           0.0155585
                  18             2.95137             2.91577           0.0148344
                  19             2.80904             2.91015           0.0150797
                  20             3.02067             2.91568           0.0153048
