                   1           -0.944653           -0.944653                   0
                   2           -0.940159           -0.942406          0.00158884
                   3           -0.941817            -0.94221           0.0010713
                   4           -0.941236           -0.941966         0.000830651
                   5            -0.94558           -0.942689         0.000927089
                   6            -0.94204           -0.942581         0.000778864
                   7           -0.937509           -0.941856         0.000946393
                   8           -0.943954           -0.942119         0.000863654
                   9           -0.942134            -0.94212         0.000767694
                  10           -0.935426           -0.941451          0.00093848
                  11           -0.938063           -0.941143          0.00090229
                  12           -0.924769           -0.939778           0.0015462
                  13           -0.938751           -0.939699          0.00142928
                  14           -0.941713           -0.939843           0.0013344
                  15           -0.942535           -0.940023          0.00125745
                  16            -0.93586           -0.939762          0.00120548
                  17           -0.943306           -0.939971          0.00115244
                  18           -0.935578           -0.939727          0.00111396
                  19           -0.937049           -0.939586          0.00106421
                  20           -0.933861             -0.9393          0.00104879
