                   1            0.540144            0.540144                   0
                   2             0.48182            0.510982           0.0206208
                   3            0.533717             0.51856           0.0150755
                   4            0.517823            0.518376           0.0113078
                   5            0.498509            0.514403          0.00971929
                   6            0.514519            0.514422          0.00809942
                   7            0.512317            0.514121          0.00694794
                   8            0.536284            0.516892           0.0066087
                   9            0.509793            0.516103          0.00592128
                  10            0.515965            0.516089          0.00532917
                  11            0.525816            0.516973          0.00491751
                  12             0.52215            0.517405           0.0045266
                  13             0.52817            0.518233          0.00425347
                  14            0.522916            0.518567          0.00396278
                  15            0.504167            0.517607          0.00381311
                  16            0.509209            0.517082          0.00361074
                  17            0.519569            0.517229           0.0034013
                  18            0.535171            0.518225          0.00335523
                  19            0.526921            0.518683           0.0032097
                  20            0.488673            0.517183          0.00338182
