                   1             1.55536             1.55536                   0
                   2             1.59745              1.5764           0.0148818
                   3             1.54239             1.56506           0.0135696
                   4             1.51262             1.55195           0.0152485
                   5             1.59749             1.56106           0.0146686
                   6             1.57344             1.56312            0.012368
                   7              1.6055             1.56918           0.0119915
                   8             1.56712             1.56892           0.0104953
                   9             1.58919             1.57117          0.00956787
                  10             1.55534             1.56959          0.00874102
                  11             1.53054             1.56604          0.00863714
                  12             1.57256             1.56658          0.00793444
                  13             1.60851             1.56981          0.00795273
                  14             1.56035             1.56913           0.0074133
                  15             1.56895             1.56912          0.00691909
                  16             1.54719             1.56775          0.00662099
                  17             1.58812             1.56895          0.00633907
                  18             1.53912             1.56729           0.0061997
                  19             1.56662             1.56726           0.0058735
                  20             1.53884             1.56583          0.00574914
