                   1            0.002502            0.002502                   0
                   2            -0.00223            0.000136          0.00167301
                   3            -0.00386           -0.001196          0.00155782
                   4           -0.003548           -0.001784          0.00127451
                   5            0.006088          -0.0002096          0.00173856
                   6            0.000278        -0.000128333           0.0014507
                   7            0.001432         9.45714e-05          0.00126047
                   8            0.003848          0.00056375          0.00118702
                   9            0.007448          0.00132867          0.00127804
                  10             0.00251           0.0014468          0.00115568
                  11            0.002136          0.00150945          0.00105232
                  12             0.00288          0.00162367         0.000970802
                  13             0.00472          0.00186185         0.000924881
                  14            0.001722          0.00185186         0.000858872
                  15            0.000966           0.0017928         0.000803642
                  16            0.002472          0.00183525         0.000754535
                  17            -0.00046          0.00170024         0.000722129
                  18           -0.000646          0.00156989         0.000693675
                  19            -0.00191          0.00138674         0.000680915
                  20            0.006148           0.0016248         0.000687227
