                   1             0.19969             0.19969                   0
                   2            0.198404            0.199047         0.000454586
                   3            0.202204            0.200099           0.0009112
                   4            0.200356            0.200164         0.000685654
                   5            0.205786            0.201288          0.00114564
                   6            0.200054            0.201082         0.000972997
                   7            0.202377            0.201267         0.000851389
                   8            0.201331            0.201275         0.000745003
                   9            0.201407             0.20129         0.000662368
                  10            0.201174            0.201278         0.000596232
                  11            0.202157            0.201358         0.000547354
                  12            0.200595            0.201294         0.000505422
                  13            0.202398            0.201379         0.000473619
                  14            0.195822            0.200982         0.000582886
                  15             0.20586            0.201308         0.000628212
                  16            0.204511            0.201508         0.000620036
                  17            0.196835            0.201233         0.000641592
                  18            0.199518            0.201138         0.000612981
                  19            0.206041            0.201396         0.000632725
                  20            0.207699            0.201711         0.000675034
