                   1            0.356436            0.356436                   0
                   2            0.347531            0.351983          0.00314827
                   3            0.342277            0.348748          0.00337395
                   4             0.34157            0.346953          0.00296959
                   5            0.346004            0.346764          0.00238173
                   6            0.344666            0.346414          0.00201027
                   7            0.357518               0.348          0.00226407
                   8            0.348719             0.34809          0.00198284
                   9            0.351394            0.348457          0.00179618
                  10            0.353725            0.348984          0.00169206
                  11            0.338594            0.348039          0.00178248
                  12            0.355082            0.348626          0.00172785
                  13            0.346919            0.348495          0.00159992
                  14            0.349732            0.348583          0.00148807
                  15            0.347761            0.348529          0.00138988
                  16             0.34562            0.348347          0.00131484
                  17            0.349028            0.348387          0.00123811
                  18            0.346308            0.348271           0.0011747
                  19            0.340289            0.347851          0.00118562
                  20            0.346882            0.347803          0.00112733
