                   1           -0.905697           -0.905697                   0
                   2           -0.914618           -0.910158          0.00315415
                   3           -0.903046           -0.907787          0.00285792
                   4           -0.901133           -0.906124          0.00258262
                   5           -0.910215           -0.906942           0.0021919
                   6           -0.907173            -0.90698          0.00182692
                   7           -0.911058           -0.907563           0.0016562
                   8           -0.912868           -0.908226          0.00157634
                   9           -0.906708           -0.908057          0.00141019
                  10           -0.907142           -0.907966          0.00127213
                  11           -0.905245           -0.907718          0.00118028
                  12           -0.907495             -0.9077          0.00108207
                  13           -0.909577           -0.907844          0.00100843
                  14           -0.908161           -0.907867         0.000936651
                  15           -0.909576           -0.907981         0.000881115
                  16           -0.897951           -0.907354          0.00102507
                  17           -0.912756           -0.907672          0.00101283
                  18           -0.913723           -0.908008          0.00101081
                  19           -0.907817           -0.907998         0.000957664
                  20           -0.915258           -0.908361         0.000976161
