                   1            0.362598            0.362598                   0
                   2            0.356075            0.359337          0.00230638
                   3            0.347299            0.355324          0.00361914
                   4            0.346809            0.353195           0.0032812
                   5            0.351667             0.35289          0.00263916
                   6            0.347885            0.352056          0.00232736
                   7            0.359675            0.353144          0.00223497
                   8            0.352758            0.353096          0.00195612
                   9            0.357352            0.353569          0.00179503
                  10            0.362019            0.354414          0.00180349
                  11            0.346162            0.353664          0.00178877
                  12            0.361443            0.354312          0.00175325
                  13             0.35407            0.354293          0.00161849
                  14            0.355982            0.354414          0.00150737
                  15            0.358395            0.354679          0.00143005
                  16            0.351061            0.354453          0.00135844
                  17            0.360513             0.35481          0.00132448
                  18            0.347226            0.354388          0.00131621
                  19            0.347711            0.354037            0.001293
                  20            0.354377            0.354054          0.00122846
