                   1            -0.99418            -0.99418                   0
                   2           -0.999416           -0.996798          0.00185121
                   3            -0.99982           -0.997805           0.0014831
                   4            -0.99972           -0.998284          0.00118706
                   5             -0.9999           -0.998607         0.000992669
                   6           -0.999284            -0.99872         0.000833608
                   7           -0.999676           -0.998857         0.000725623
                   8           -0.999776           -0.998972         0.000643957
                   9           -0.990876           -0.998072          0.00102316
                  10           -0.997892           -0.998054         0.000920999
                  11           -0.996312           -0.997896         0.000850778
                  12           -0.999844           -0.998058         0.000795222
                  13           -0.999744           -0.998188         0.000744552
                  14           -0.998128           -0.998183         0.000691382
                  15           -0.999828           -0.998293         0.000653925
                  16           -0.999812           -0.998388         0.000619907
                  17           -0.999784            -0.99847         0.000588856
                  18           -0.997332           -0.998407         0.000559526
                  19           -0.999912           -0.998486         0.000535656
                  20           -0.999968            -0.99856         0.000513972
