                   1            -0.82476            -0.82476                   0
                   2            -0.99802            -0.91139           0.0612567
                   3           -0.999522           -0.940767           0.0473611
                   4           -0.999554           -0.955464           0.0377323
                   5           -0.999794            -0.96433           0.0312101
                   6           -0.997458           -0.969851           0.0264923
                   7           -0.999562           -0.974096           0.0230452
                   8           -0.999692           -0.977295           0.0203854
                   9            -0.74489           -0.951472           0.0303492
                  10           -0.984356           -0.954761           0.0274919
                  11           -0.969416           -0.956093           0.0250249
                  12           -0.999656           -0.959723           0.0232013
                  13           -0.999112           -0.962753           0.0216135
                  14           -0.986344           -0.964438           0.0201352
                  15           -0.999752           -0.966793             0.01893
                  16           -0.999598           -0.968843           0.0178576
                  17           -0.999716           -0.970659           0.0168992
                  18           -0.980044            -0.97118           0.0159684
                  19           -0.999888           -0.972691           0.0151993
                  20           -0.999978           -0.974056           0.0145004
