                   1             131.708             131.708                   0
                   2             138.441             135.074             2.38055
                   3             138.775             136.308             1.87969
                   4             138.776             136.925             1.50768
                   5             138.839             137.308             1.25378
                   6             138.338             137.479             1.05651
                   7             138.776             137.665             0.92168
                   8             138.809             137.808            0.817505
                   9             127.248             136.634             1.32354
                  10             136.088              136.58             1.19231
                  11             134.301             136.373             1.10177
                  12             138.806             136.575             1.02845
                  13             138.689             136.738            0.962107
                  14             136.603             136.728            0.893433
                  15             138.826             136.868             0.84474
                  16              138.79             136.988            0.800437
                  17             138.815             137.096            0.760534
                  18             135.459             137.005            0.723697
                  19              138.86             137.103            0.692166
                  20             138.883             137.192            0.663258
