                   1           -0.736121           -0.736121                   0
                   2           -0.739549           -0.737835          0.00121183
                   3           -0.737325           -0.737665         0.000819713
                   4           -0.740837           -0.738458         0.000921697
                   5           -0.735124           -0.737791         0.000948384
                   6           -0.736233           -0.737532         0.000825104
                   7           -0.736609             -0.7374         0.000717671
                   8           -0.737462           -0.737408         0.000628004
                   9           -0.735669           -0.737214         0.000587175
                  10           -0.736419           -0.737135         0.000533813
                  11           -0.739181           -0.737321         0.000516672
                  12            -0.73696           -0.737291         0.000474489
                  13           -0.736309           -0.737215         0.000443962
                  14           -0.736339           -0.737153         0.000416637
                  15           -0.738159            -0.73722          0.00039423
                  16           -0.739176           -0.737342          0.00038808
                  17           -0.737313            -0.73734         0.000365255
                  18           -0.735553           -0.737241         0.000358203
                  19           -0.737752           -0.737268         0.000340358
                  20           -0.741503            -0.73748         0.000383596
