                   1            0.444543            0.444543                   0
                   2            0.417082            0.430813          0.00970876
                   3            0.432537            0.431387           0.0064895
                   4            0.427558             0.43043          0.00493725
                   5            0.441654            0.432675           0.0044308
                   6            0.459866            0.437207          0.00554515
                   7            0.432717            0.436565          0.00478994
                   8            0.433511            0.436183          0.00420638
                   9            0.455564            0.438337          0.00425463
                  10            0.451778            0.439681          0.00403589
                  11             0.43567            0.439316          0.00368543
                  12            0.437297            0.439148          0.00338215
                  13            0.445256            0.439618          0.00315445
                  14            0.437165            0.439443            0.002934
                  15            0.444876            0.439805          0.00276066
                  16            0.428993            0.439129          0.00266954
                  17            0.431565            0.438684          0.00254932
                  18            0.434158            0.438433          0.00242006
                  19            0.424935            0.437722          0.00239469
                  20            0.455636            0.438618          0.00243672
