                   1              496.51              496.51                   0
                   2                 500             498.255             1.23397
                   3                 500             498.837            0.949912
                   4                 500             499.127             0.75565
                   5                 500             499.302            0.624346
                   6                 500             499.418            0.531017
                   7                 500             499.501            0.461614
                   8                 500             499.564            0.408098
                   9                 500             499.612            0.365621
                  10                 500             499.651            0.331109
                  11                 500             499.683            0.302525
                  12                 500             499.709            0.278468
                  13                 500             499.732            0.257944
                  14                 500             499.751            0.240231
                  15                 500             499.767             0.22479
                  16                 500             499.782            0.211211
                  17                 500             499.795            0.199176
                  18                 500             499.806            0.188437
                  19                 500             499.816            0.178795
                  20                 500             499.825            0.170091
