                   1             102.875             102.875                   0
                   2             103.701             103.288            0.292001
                   3             102.971             103.183            0.212951
                   4             103.756             103.326             0.20231
                   5             103.048              103.27            0.169318
                   6             107.819             104.028            0.706354
                   7             105.148             104.188            0.623305
                   8              104.04              104.17            0.545667
                   9              103.48             104.093            0.490399
                  10             104.684             104.152            0.444908
                  11             105.189             104.247            0.414315
                  12             105.203             104.326            0.387374
                  13             105.092             104.385            0.362028
                  14             99.9588             104.069            0.453686
                  15             104.385              104.09             0.42393
                  16             107.199             104.284            0.439726
                  17             100.177             104.043             0.47564
                  18             104.976             104.095            0.452033
                  19             105.156              104.15            0.431681
                  20             104.388             104.162             0.41026
