                   1             0.95606             0.95606                   0
                   2             0.96685            0.961455          0.00381484
                   3            0.957852            0.960254          0.00272573
                   4             0.96891            0.962418          0.00277332
                   5            0.963098            0.962554          0.00222199
                   6            0.995552            0.968054          0.00535107
                   7            0.973262            0.968798          0.00463807
                   8            0.964364            0.968244          0.00409129
                   9             0.96698            0.968103          0.00363911
                  10            0.975876             0.96888          0.00335718
                  11            0.918502            0.964301          0.00532756
                  12            0.974662            0.965164          0.00495307
                  13            0.976764            0.966056          0.00465175
                  14            0.834286            0.956644           0.0100458
                  15            0.939552            0.955505          0.00944052
                  16            0.991438            0.957751          0.00911371
                  17            0.913706             0.95516          0.00893829
                  18            0.969106            0.955934          0.00847523
                  19            0.978636            0.957129          0.00811295
                  20            0.970478            0.957797          0.00773471
