                   1            0.525161            0.525161                   0
                   2            0.494031            0.509596            0.011006
                   3            0.505687            0.508293          0.00741402
                   4            0.489621            0.503625           0.0068747
                   5            0.477721            0.498444          0.00719166
                   6            0.490008            0.497038          0.00612894
                   7            0.489597            0.495975          0.00534478
                   8            0.498521            0.496293          0.00468614
                   9            0.495999            0.496261          0.00416557
                  10             0.50949            0.497584           0.0039535
                  11            0.504387            0.498202          0.00364214
                  12            0.503695             0.49866          0.00336727
                  13            0.503337             0.49902          0.00312741
                  14            0.519956            0.500515          0.00324192
                  15            0.498685            0.500393          0.00302809
                  16            0.455821            0.497607          0.00391593
                  17            0.507431            0.498185          0.00372797
                  18            0.500513            0.498314          0.00352311
                  19            0.490958            0.497927          0.00335889
                  20            0.525682            0.499315          0.00346579
