                   1            0.355156            0.355156                   0
                   2            0.389126            0.372141           0.0120102
                   3            0.320482            0.354921           0.0161798
                   4            0.298842            0.340901            0.017166
                   5            0.261846             0.32509           0.0197125
                   6            0.316638            0.323682           0.0164773
                   7            0.318714            0.322972           0.0141387
                   8            0.347086            0.325986           0.0126886
                   9            0.298324            0.322913           0.0116451
                  10            0.377632            0.328385           0.0116957
                  11            0.253374            0.321565           0.0124629
                  12            0.364418            0.325136           0.0119249
                  13            0.311024            0.324051           0.0110569
                  14            0.293748            0.321886           0.0104769
                  15            0.326518            0.322195          0.00978297
                  16            0.226278              0.3162            0.010854
                  17            0.289942            0.314656           0.0103248
                  18            0.299298            0.313803          0.00978642
                  19            0.292042            0.312657          0.00933812
                  20            0.341364            0.314093          0.00898084
