                   1            0.015816            0.015816                   0
                   2            0.027688            0.021752          0.00419739
                   3            0.003506             0.01567          0.00570006
                   4            0.017658            0.016167          0.00429666
                   5            0.001814           0.0132964           0.0042904
                   6           -0.013296          0.00886433          0.00539929
                   7            0.006154          0.00847714          0.00464183
                   8           -0.036998          0.00279275          0.00669103
                   9             0.02383          0.00513022          0.00634274
                  10             0.00961           0.0055782          0.00572427
                  11             0.00787          0.00578655          0.00520767
                  12            0.007034           0.0058905          0.00477473
                  13            0.003066          0.00567323          0.00441239
                  14           -0.011312             0.00446          0.00426075
                  15            0.009948          0.00482587          0.00399238
                  16           -0.000554          0.00448962          0.00375699
                  17           -0.018846          0.00311694          0.00377844
                  18            0.012774          0.00365344          0.00360642
                  19              0.0175          0.00438221          0.00348946
                  20            0.013498            0.004838          0.00334462
