                   1             6.65096             6.65096                   0
                   2             6.76592             6.70844           0.0406432
                   3             6.19646             6.53778            0.141953
                   4             6.12831             6.43541            0.138543
                   5             6.26415             6.40116            0.114991
                   6             6.29797             6.38396           0.0971034
                   7             6.61589             6.41709           0.0887041
                   8             5.93698             6.35708           0.0957903
                   9             6.19504             6.33908           0.0868224
                  10              6.2279             6.32796           0.0788488
                  11             6.07251             6.30474           0.0750227
                  12             6.52619             6.32319           0.0710043
                  13             6.08928              6.3052           0.0677838
                  14             6.70422              6.3337           0.0686734
                  15             6.71774              6.3593           0.0687023
                  16             6.44125             6.36442            0.064599
                  17             6.37832             6.36524           0.0608043
                  18             6.91788             6.39594           0.0647149
                  19             6.16716              6.3839            0.062419
                  20             6.76443             6.40293           0.0621302
