                   1           -0.510692           -0.510692                   0
                   2           -0.513204           -0.511948         0.000888126
                   3           -0.512848           -0.512248         0.000640752
                   4           -0.511724           -0.512117         0.000493774
                   5           -0.510456           -0.511785         0.000494293
                   6           -0.512176            -0.51185         0.000416189
                   7           -0.513328           -0.512061         0.000406781
                   8            -0.51274           -0.512146         0.000364677
                   9           -0.512572           -0.512193         0.000327215
                  10           -0.513096           -0.512284         0.000306691
                  11           -0.509816           -0.512059         0.000351402
                  12           -0.508804           -0.511788         0.000413783
                  13           -0.510916           -0.511721         0.000387353
                  14           -0.513924           -0.511878         0.000390342
                  15           -0.512748           -0.511936         0.000368601
                  16           -0.511564           -0.511913         0.000346297
                  17            -0.51142           -0.511884         0.000327138
                  18           -0.513624           -0.511981          0.00032293
                  19           -0.511756           -0.511969          0.00030615
                  20           -0.512784            -0.51201         0.000293543
