                   1           -0.506997           -0.506997                   0
                   2           -0.510672           -0.508834          0.00129901
                   3            -0.50928           -0.508983         0.000874465
                   4           -0.508358           -0.508827         0.000669655
                   5           -0.506011           -0.508264         0.000735295
                   6           -0.509084             -0.5084          0.00062532
                   7           -0.509674           -0.508582         0.000561851
                   8           -0.508674           -0.508594         0.000491736
                   9           -0.510279           -0.508781         0.000471405
                  10           -0.508655           -0.508769         0.000424433
                  11           -0.506905           -0.508599         0.000418294
                  12           -0.505944           -0.508378          0.00043807
                  13           -0.507815           -0.508335         0.000406503
                  14           -0.510158           -0.508465         0.000397796
                  15            -0.50961           -0.508541         0.000378527
                  16           -0.508724           -0.508553         0.000355041
                  17           -0.507945           -0.508517         0.000335952
                  18           -0.509485           -0.508571         0.000321568
                  19           -0.508426           -0.508563         0.000304734
                  20           -0.509019           -0.508586         0.000290349
