                   1             2.11934             2.11934                   0
                   2             2.15738             2.13836           0.0134491
                   3             2.19794             2.15822           0.0185297
                   4             2.10803             2.14567           0.0176415
                   5             2.12087             2.14071           0.0147939
                   6             2.08095             2.13075           0.0153182
                   7             2.10273             2.12675           0.0136431
                   8             2.18651             2.13422           0.0138326
                   9             2.09227             2.12956           0.0130575
                  10             2.16299              2.1329           0.0121722
                  11             2.13606             2.13319           0.0110691
                  12             2.15015              2.1346           0.0102365
                  13               2.165             2.13694          0.00971239
                  14             2.12018             2.13574          0.00909213
                  15             2.17194             2.13816          0.00880042
                  16             2.14866             2.13881          0.00827486
                  17             2.10195             2.13664          0.00806716
                  18              2.1548             2.13765          0.00768182
                  19             2.20417             2.14115          0.00803569
                  20             2.18309             2.14325          0.00790269
