                   1           -0.007996           -0.007996                   0
                   2            0.008538            0.000271          0.00584565
                   3           -0.007142             -0.0022          0.00438839
                   4           -0.004534          -0.0027835          0.00332986
                   5            0.008888          -0.0004492          0.00338459
                   6              -8e-05        -0.000387667          0.00282105
                   7            0.003758         0.000204571          0.00247943
                   8            0.009754          0.00139825          0.00243998
                   9            -0.00145          0.00108178           0.0021893
                  10            0.010404            0.002014          0.00215974
                  11            0.001646          0.00198055          0.00196366
                  12           -0.005236          0.00137917          0.00188987
                  13            0.006114          0.00174338          0.00177924
                  14            -0.00236          0.00145029          0.00167612
                  15            0.000356          0.00137733          0.00156597
                  16            -0.00347          0.00107438          0.00149711
                  17           -0.001804         0.000905059          0.00141859
                  18            0.001762         0.000952667          0.00134058
                  19            0.002522          0.00103526          0.00127256
                  20           -0.008476           0.0005597          0.00129475
