                   1            0.352828            0.352828                   0
                   2            0.342371              0.3476          0.00369706
                   3            0.337307            0.344169          0.00373112
                   4            0.335806            0.342078          0.00333303
                   5            0.341406            0.341944          0.00266914
                   6            0.336083            0.340967          0.00239635
                   7            0.345892             0.34167          0.00215483
                   8            0.338032            0.341216          0.00193288
                   9            0.349355             0.34212          0.00191806
                  10            0.347395            0.342648          0.00179732
                  11            0.336927            0.342127           0.0017075
                  12            0.350532            0.342828           0.0017028
                  13            0.344713            0.342973          0.00157798
                  14            0.347642            0.343306           0.0015001
                  15            0.343952            0.343349          0.00140071
                  16             0.33889            0.343071           0.0013406
                  17            0.346984            0.343301          0.00128136
                  18            0.334905            0.342834          0.00129229
                  19            0.335007            0.342423          0.00128826
                  20             0.34834            0.342718          0.00125736
