                   1           -0.641377           -0.641377                   0
                   2           -0.638673           -0.640025         0.000955796
                   3           -0.639766           -0.639939         0.000641078
                   4           -0.639653           -0.639867         0.000484763
                   5           -0.637125           -0.639319         0.000625345
                   6           -0.638888           -0.639247         0.000525221
                   7           -0.639148           -0.639233         0.000450382
                   8           -0.638838           -0.639183         0.000396785
                   9            -0.63927           -0.639193         0.000352816
                  10           -0.637371           -0.639011          0.00036152
                  11           -0.635728           -0.638712         0.000434752
                  12           -0.638471           -0.638692          0.00039899
                  13           -0.636886           -0.638553         0.000391749
                  14           -0.638204           -0.638528         0.000364559
                  15           -0.638479           -0.638525          0.00034027
                  16           -0.637147           -0.638439         0.000329728
                  17           -0.638642           -0.638451          0.00031055
                  18           -0.639715           -0.638521         0.000301129
                  19           -0.638135           -0.638501         0.000285964
                  20           -0.641052           -0.638628         0.000298765
