                   1             3.83148             3.83148                   0
                   2             3.41274             3.62211            0.148047
                   3             3.59497             3.61306            0.098974
                   4             3.42646             3.56641           0.0845123
                   5             3.50968             3.55506           0.0683671
                   6             3.40717             3.53042           0.0612551
                   7             3.57297             3.53649           0.0528051
                   8             3.45123             3.52584           0.0472678
                   9             3.50375             3.52338           0.0420795
                  10             3.56887             3.52793           0.0381166
                  11             3.31295             3.50839           0.0393441
                  12             3.73017             3.52687           0.0401725
                  13             3.52112             3.52643           0.0370848
                  14              3.4439             3.52053           0.0349012
                  15             3.67468             3.53081           0.0340539
                  16             3.43117             3.52458             0.03249
                  17             3.61259             3.52976           0.0309885
                  18             3.52248             3.52935           0.0292695
                  19             3.42673             3.52395            0.028223
                  20             3.79199             3.53735           0.0298247
