                   1           0.0496026           0.0496026                   0
                   2          0.00128096           0.0254418           0.0170843
                   3           0.0551718           0.0353518           0.0139712
                   4         0.000815843           0.0267178           0.0128727
                   5          0.00793327           0.0229609           0.0108325
                   6         0.000321921           0.0191877           0.0096619
                   7          0.00145609           0.0166546          0.00860728
                   8         -1.0842e-13           0.0145728          0.00777906
                   9          0.00112486           0.0130786          0.00705677
                  10         -1.0842e-13           0.0117707          0.00647115
                  11           0.0026932           0.0109455          0.00593525
                  12         0.000815843           0.0101014          0.00550035
                  13         0.000159383           0.0093366          0.00513013
                  14         0.000994577          0.00874074          0.00479817
                  15           0.0170946          0.00929766           0.0045105
                  16           0.0104454           0.0093694          0.00422917
                  17          0.00438684          0.00907631          0.00399053
                  18          0.00307358          0.00874282          0.00378275
                  19          0.00163131          0.00836853          0.00360212
                  20           0.0004781          0.00797401          0.00344356
