                   1             0.99399             0.99399                   0
                   2             0.99998            0.996985          0.00211778
                   3            0.991304            0.995091           0.0020938
                   4            0.999978            0.996313           0.0018935
                   5            0.999434            0.996937          0.00161441
                   6            0.999994            0.997447          0.00142346
                   7            0.999968            0.997807          0.00126486
                   8                   1            0.998081          0.00113607
                   9             0.99998            0.998292          0.00102925
                  10                   1            0.998463          0.00094039
                  11            0.999878            0.998591         0.000863656
                  12            0.999978            0.998707         0.000799376
                  13            0.999998            0.998806         0.000744029
                  14            0.999964            0.998889         0.000695464
                  15            0.998848            0.998886         0.000649105
                  16            0.999138            0.998902         0.000608727
                  17             0.99989             0.99896         0.000575687
                  18            0.999836            0.999009         0.000545757
                  19            0.999956            0.999059         0.000519305
                  20            0.999994            0.999105         0.000495441
