                   1           -0.686939           -0.686939                   0
                   2           -0.691926           -0.689432          0.00176318
                   3           -0.688558           -0.689141          0.00119931
                   4           -0.691666           -0.689772          0.00105255
                   5           -0.689965           -0.689811         0.000842749
                   6           -0.688731           -0.689631         0.000721247
                   7           -0.690325            -0.68973         0.000624987
                   8           -0.688289            -0.68955         0.000572239
                   9           -0.688707           -0.689456         0.000516268
                  10           -0.689862           -0.689497         0.000466232
                  11           -0.689503           -0.689497         0.000423847
                  12           -0.688752           -0.689435         0.000393046
                  13           -0.689804           -0.689463         0.000363834
                  14           -0.688687           -0.689408         0.000342047
                  15           -0.690284           -0.689466         0.000324187
                  16           -0.691367           -0.689585          0.00032496
                  17           -0.691222           -0.689681         0.000319792
                  18           -0.688051           -0.689591         0.000314598
                  19            -0.68933           -0.689577          0.00029834
                  20            -0.69102           -0.689649         0.000292019
