                   1             4.57797             4.57797                   0
                   2             4.79056             4.68427           0.0751601
                   3             4.84854             4.73902           0.0671536
                   4              5.0456             4.81567           0.0833211
                   5             4.89987             4.83251           0.0683374
                   6             4.62995             4.79875           0.0647522
                   7             4.83415              4.8038            0.055699
                   8             4.59587             4.77781           0.0544646
                   9             4.81748             4.78222           0.0485909
                  10             4.77574             4.78157           0.0437362
                  11             4.56949             4.76229           0.0438043
                  12              4.7972              4.7652           0.0402504
                  13             4.98567             4.78216           0.0405701
                  14             4.76346             4.78082           0.0376943
                  15             4.89508             4.78844           0.0359426
                  16             4.85973              4.7929           0.0339713
                  17             4.99396             4.80472           0.0339694
                  18             4.71339             4.79965            0.032459
                  19             4.82458             4.80096           0.0307771
                  20             4.81075             4.80145           0.0292421
