                   1            0.386714            0.386714                   0
                   2            0.380289            0.383502          0.00227166
                   3            0.380667            0.382557          0.00169965
                   4            0.385809             0.38337          0.00145627
                   5            0.379062            0.382508          0.00139678
                   6            0.378682            0.381871          0.00130143
                   7            0.380748             0.38171          0.00112535
                   8            0.380884            0.381607         0.000989416
                   9            0.392917            0.382864           0.0014756
                  10            0.377698            0.382347          0.00141558
                  11            0.374118            0.381599          0.00147134
                  12            0.371991            0.380798          0.00155134
                  13             0.39043            0.381539          0.00159917
                  14            0.376249            0.381161          0.00152894
                  15             0.38855            0.381654          0.00150426
                  16             0.38221            0.381689          0.00141064
                  17            0.377649            0.381451          0.00134753
                  18            0.383113            0.381543          0.00127583
                  19            0.385351            0.381744          0.00122432
                  20            0.387297            0.382021          0.00119417
