                   1            -1.01947            -1.01947                   0
                   2               -1.02            -1.01973         0.000189137
                   3               -1.02            -1.01982         0.000145598
                   4               -1.02            -1.01987         0.000115822
                   5               -1.02            -1.01989         9.56966e-05
                   6               -1.02            -1.01991         8.13916e-05
                   7               -1.02            -1.01992         7.07538e-05
                   8               -1.02            -1.01993         6.25512e-05
                   9               -1.02            -1.01994         5.60406e-05
                  10               -1.02            -1.01995         5.07508e-05
                  11               -1.02            -1.01995         4.63695e-05
                  12               -1.02            -1.01996         4.26821e-05
                  13               -1.02            -1.01996         3.95364e-05
                  14               -1.02            -1.01996         3.68215e-05
                  15               -1.02            -1.01996         3.44547e-05
                  16               -1.02            -1.01997         3.23733e-05
                  17               -1.02            -1.01997         3.05287e-05
                  18               -1.02            -1.01997         2.88826e-05
                  19               -1.02            -1.01997         2.74048e-05
                  20               -1.02            -1.01997         2.60707e-05
