                   1             355.819             355.819                   0
                   2             357.143             356.481            0.468024
                   3             357.143             356.702            0.360285
                   4             357.143             356.812            0.286605
                   5             357.143             356.878            0.236803
                   6             357.143             356.922            0.201405
                   7             357.143             356.954            0.175082
                   8             357.143             356.977            0.154784
                   9             357.143             356.996            0.138674
                  10             357.143              357.01            0.125584
                  11             357.143             357.023            0.114742
                  12             357.143             357.033            0.105618
                  13             357.143             357.041           0.0978337
                  14             357.143             357.048           0.0911156
                  15             357.143             357.055            0.085259
                  16             357.143              357.06           0.0801085
                  17             357.143             357.065           0.0755439
                  18             357.143             357.069           0.0714708
                  19             357.143             357.073           0.0678139
                  20             357.143             357.077           0.0645126
