                   1            0.479945            0.479945                   0
                   2            0.453493            0.466719          0.00935221
                   3             0.46509            0.466176          0.00625055
                   4            0.443878            0.460602          0.00672925
                   5            0.371231            0.442728           0.0168691
                   6            0.470774            0.447402            0.014691
                   7            0.470331            0.450678           0.0129523
                   8            0.429723            0.448058           0.0115951
                   9            0.411364            0.443981           0.0110002
                  10            0.387208            0.438304           0.0112704
                  11            0.477067            0.441828           0.0107827
                  12            0.315113            0.431268           0.0141389
                  13            0.388328            0.427965           0.0134316
                  14            0.508449            0.433714           0.0136472
                  15            0.493755            0.437717           0.0133114
                  16            0.466184            0.439496           0.0125978
                  17            0.457805            0.440573           0.0119027
                  18            0.462104            0.441769           0.0113014
                  19             0.39946            0.439542           0.0109238
                  20            0.387291             0.43693           0.0106854
