                   1            0.645975            0.645975                   0
                   2                   0            0.322987            0.228387
                   3                   0            0.215325            0.175812
                   4                   0            0.161494            0.139858
                   5                   0            0.129195            0.115555
                   6                   0            0.107662           0.0982819
                   7                   0           0.0922821           0.0854366
                   8                   0           0.0807468           0.0755318
                   9                   0            0.071775           0.0676701
                  10                   0           0.0645975           0.0612825
                  11                   0            0.058725           0.0559921
                  12                   0           0.0538312           0.0515395
                  13                   0           0.0496904            0.047741
                  14                   0           0.0461411           0.0444626
                  15                   0            0.043065           0.0416047
                  16                   0           0.0403734           0.0390914
                  17                   0           0.0379985            0.036864
                  18                   0           0.0358875           0.0348764
                  19                   0           0.0339987           0.0330919
                  20                   0           0.0322987           0.0314809
