                   1            0.049862            0.049862                   0
                   2            0.054612            0.052237          0.00167938
                   3            0.057142            0.053872           0.0017423
                   4            0.052492            0.053527          0.00134045
                   5            0.044904           0.0518024          0.00187866
                   6            0.054156           0.0521947          0.00160598
                   7            0.062512           0.0536686          0.00193829
                   8            0.056734           0.0540518          0.00173346
                   9             0.04872           0.0534593          0.00163896
                  10            0.049916            0.053105          0.00151288
                  11            0.055528           0.0533253          0.00139129
                  12            0.058776           0.0537795          0.00134746
                  13            0.057414           0.0540591          0.00127248
                  14            0.054118           0.0540633           0.0011816
                  15            0.068428           0.0550209           0.0014395
                  16            0.053502            0.054926          0.00135266
                  17            0.059792           0.0552122          0.00130303
                  18            0.057866           0.0553597          0.00123895
                  19            0.055566           0.0553705          0.00117379
                  20            0.062952           0.0557496          0.00117472
