                   1            0.309799            0.309799                   0
                   2            0.302802              0.3063          0.00247401
                   3            0.310175            0.307592          0.00195758
                   4            0.310906             0.30842          0.00163419
                   5            0.309316              0.3086          0.00131712
                   6            0.312696            0.309282          0.00126221
                   7            0.307977            0.309096          0.00109559
                   8            0.308872            0.309068         0.000959002
                   9            0.317138            0.309964          0.00120054
                  10            0.309444            0.309912          0.00108162
                  11            0.310728            0.309987         0.000985829
                  12            0.309244            0.309925         0.000905615
                  13            0.313712            0.310216         0.000881563
                  14            0.306815            0.309973         0.000851409
                  15            0.311363            0.310066         0.000799675
                  16            0.305832            0.309801         0.000792271
                  17            0.312211            0.309943         0.000758245
                  18            0.307323            0.309797         0.000729957
                  19            0.313521            0.309993         0.000717358
                  20            0.315226            0.310255         0.000727634
