                   1           -0.599753           -0.599753                   0
                   2           -0.600224           -0.599989         0.000166524
                   3           -0.601403            -0.60046         0.000400561
                   4            -0.59955           -0.600233         0.000359294
                   5           -0.598902           -0.599966          0.00037318
                   6           -0.599899           -0.599955         0.000311152
                   7           -0.600522           -0.600036         0.000277045
                   8           -0.599271           -0.599941         0.000258413
                   9           -0.599318           -0.599871         0.000238767
                  10           -0.596958            -0.59958         0.000350075
                  11           -0.601687           -0.599772         0.000366906
                  12           -0.597936           -0.599619         0.000366849
                  13           -0.598936           -0.599566         0.000342364
                  14           -0.599314           -0.599548         0.000318381
                  15           -0.601869           -0.599703         0.000332622
                  16           -0.600118           -0.599729         0.000312843
                  17           -0.600972           -0.599802         0.000302866
                  18           -0.600585           -0.599845          0.00028915
                  19           -0.600779           -0.599895         0.000278078
                  20           -0.601203            -0.59996         0.000271762
