                   1            0.055096            0.055096                   0
                   2            0.056368            0.055732          0.00044972
                   3            0.057464           0.0563093         0.000558657
                   4              0.0492            0.054532          0.00159522
                   5            0.054752            0.054576          0.00127679
                   6            0.056408           0.0548813          0.00109989
                   7            0.060438           0.0556751          0.00119537
                   8            0.047528           0.0546568          0.00141474
                   9            0.052564           0.0544242          0.00127652
                  10            0.052684           0.0542502          0.00116067
                  11            0.065246           0.0552498          0.00142188
                  12            0.069418           0.0564305           0.0017253
                  13            0.056646           0.0564471          0.00159267
                  14            0.066134            0.057139          0.00162226
                  15            0.057528           0.0571649          0.00151431
                  16            0.052186           0.0568538          0.00145129
                  17             0.05101             0.05651          0.00140604
                  18            0.060794            0.056748          0.00134792
                  19            0.057846           0.0568058          0.00127822
                  20            0.068856           0.0574083          0.00134885
