                   1            0.312421            0.312421                   0
                   2            0.309597            0.311009         0.000998237
                   3            0.311694            0.311238         0.000691115
                   4             0.31652            0.312558           0.0012556
                   5            0.320617             0.31417          0.00175706
                   6            0.312151            0.313833          0.00149609
                   7            0.311145            0.313449          0.00133073
                   8            0.315423            0.313696          0.00118704
                   9            0.317483            0.314117          0.00112726
                  10            0.318268            0.314532           0.0010883
                  11            0.315161            0.314589         0.000990864
                  12            0.319442            0.314994         0.000987358
                  13            0.318449            0.315259         0.000946516
                  14            0.314832            0.315229         0.000879399
                  15            0.310063            0.314885         0.000885638
                  16             0.31647            0.314984         0.000835808
                  17            0.316414            0.315068         0.000790867
                  18            0.309881             0.31478         0.000797701
                  19             0.32029             0.31507         0.000806722
                  20            0.318932            0.315263         0.000789157
