                   1            0.068342            0.068342                   0
                   2          0.00106635           0.0347042           0.0237855
                   3           0.0564949           0.0419677           0.0169298
                   4           0.0575267           0.0458575           0.0131366
                   5          0.00230961           0.0371479           0.0130817
                   6         0.000177769           0.0309862            0.012267
                   7          0.00035552           0.0266104            0.011268
                   8                   0           0.0232841           0.0103388
                   9         0.000177769           0.0207167           0.0095035
                  10                   0           0.0186451          0.00877605
                  11         0.000177769           0.0169662          0.00813722
                  12          0.00177689           0.0157004          0.00755693
                  13         0.000710969           0.0145474          0.00706304
                  14           0.0134598           0.0144697          0.00655896
                  15          0.00124401            0.013588          0.00618068
                  16                   0           0.0127387          0.00585244
                  17           0.0492537           0.0148867          0.00588917
                  18          0.00124401           0.0141288          0.00561055
                  19         0.000177769           0.0133945          0.00536309
                  20         0.000710969           0.0127603           0.0051323
