                   1           -0.992714           -0.992714                   0
                   2           -0.999964           -0.996339          0.00256326
                   3           -0.985732           -0.992803          0.00335471
                   4           -0.988382           -0.991698          0.00269198
                   5           -0.999916           -0.993342           0.0026075
                   6           -0.999998           -0.994451          0.00239733
                   7           -0.999992           -0.995243          0.00218163
                   8                  -1           -0.995837          0.00198833
                   9           -0.999998             -0.9963          0.00182035
                  10                  -1            -0.99667          0.00167551
                  11           -0.999998           -0.996972          0.00155027
                  12           -0.999938           -0.997219          0.00144065
                  13           -0.999984           -0.997432          0.00134543
                  14           -0.735726           -0.978739           0.0180566
                  15             0.99997           -0.846825             0.12855
                  16                   1           -0.731398            0.164361
                  17            0.025976           -0.686847            0.160618
                  18           -0.999942           -0.704241            0.152633
                  19           -0.999998           -0.719807            0.145392
                  20           -0.999982           -0.733816            0.138795
