                   1           -0.753994           -0.753994                   0
                   2           -0.755022           -0.754508         0.000363651
                   3           -0.755641           -0.754886         0.000392304
                   4           -0.756562           -0.755305         0.000467131
                   5           -0.751552           -0.754554         0.000768306
                   6           -0.753219           -0.754332         0.000671695
                   7           -0.753315           -0.754186          0.00059124
                   8           -0.755848           -0.754394         0.000552617
                   9           -0.752815           -0.754219          0.00051831
                  10           -0.752781           -0.754075          0.00048601
                  11           -0.754827           -0.754143         0.000446608
                  12           -0.753599           -0.754098         0.000411687
                  13           -0.754675           -0.754142         0.000382402
                  14           -0.752893           -0.754053         0.000365349
                  15           -0.754961           -0.754114         0.000345974
                  16           -0.757935           -0.754352         0.000398344
                  17             -0.7524           -0.754238         0.000391123
                  18            -0.75377           -0.754212         0.000370254
                  19           -0.753366           -0.754167         0.000353434
                  20           -0.757408           -0.754329         0.000371045
