                   1            0.439793            0.439793                   0
                   2            0.411939            0.425866          0.00984781
                   3            0.414404            0.422045          0.00726861
                   4            0.442406            0.427135           0.0070108
                   5            0.426607             0.42703          0.00560944
                   6            0.424789            0.426656          0.00468694
                   7            0.439897            0.428548          0.00438248
                   8            0.422303            0.427767          0.00390356
                   9            0.435378            0.428613          0.00356026
                  10            0.421781             0.42793          0.00326912
                  11            0.418946            0.427113          0.00307225
                  12            0.437016            0.427938          0.00292497
                  13            0.422356            0.427509          0.00273131
                  14            0.419138            0.426911          0.00260084
                  15            0.434568            0.427421          0.00247704
                  16             0.42763            0.427434          0.00232226
                  17            0.426895            0.427403          0.00218587
                  18            0.429653            0.427528          0.00206801
                  19            0.442361            0.428308          0.00210137
                  20            0.443871            0.429087          0.00213552
