                   1             166.548             166.548                   0
                   2             166.655             166.602           0.0379952
                   3             166.639             166.614           0.0272907
                   4             166.666             166.627           0.0233461
                   5             166.606             166.623           0.0190707
                   6             166.667              166.63           0.0172367
                   7             166.667             166.635           0.0155452
                   8             166.667             166.639           0.0140867
                   9             166.666             166.642           0.0128315
                  10             166.667             166.645           0.0117789
                  11             166.666             166.647           0.0108667
                  12             166.655             166.647          0.00998455
                  13             166.662             166.648          0.00927648
                  14             166.655             166.649          0.00862681
                  15             166.654             166.649          0.00805822
                  16             166.667              166.65          0.00762779
                  17             166.654             166.651          0.00718237
                  18             166.628             166.649           0.0068945
                  19             166.666              166.65          0.00658759
                  20             166.661             166.651          0.00628032
