                   1            0.999476            0.999476                   0
                   2            0.999964             0.99972         0.000172534
                   3             0.99991            0.999783         0.000126112
                   4            0.999998            0.999837         0.000105386
                   5            0.999794            0.999828         8.46591e-05
                   6                   1            0.999857         7.52252e-05
                   7                   1            0.999877         6.71954e-05
                   8                   1            0.999893         6.05175e-05
                   9            0.999998            0.999904         5.49116e-05
                  10                   1            0.999914          5.0245e-05
                  11            0.999998            0.999922         4.62539e-05
                  12            0.999964            0.999925         4.25339e-05
                  13            0.999984             0.99993         3.95021e-05
                  14            0.999964            0.999932         3.67565e-05
                  15             0.99996            0.999934         3.43529e-05
                  16                   1            0.999938         3.24526e-05
                  17             0.99996            0.999939         3.05691e-05
                  18             0.99987            0.999936          2.9113e-05
                  19            0.999998            0.999939         2.77657e-05
                  20            0.999982            0.999941         2.64611e-05
