                   1            0.422628            0.422628                   0
                   2            0.408208            0.415418          0.00509804
                   3            0.416956             0.41593          0.00342437
                   4             0.40211            0.412475          0.00394321
                   5            0.411883            0.412357          0.00315635
                   6            0.424199            0.414331          0.00318816
                   7            0.420502            0.415212          0.00285202
                   8            0.408512            0.414375           0.0026156
                   9            0.403814            0.413201          0.00257478
                  10            0.426766            0.414558          0.00265063
                  11            0.404235            0.413619          0.00257043
                  12            0.425694            0.414626          0.00254558
                  13            0.410002             0.41427          0.00237448
                  14            0.419432            0.414639          0.00223332
                  15            0.407587            0.414169          0.00213333
                  16            0.408338            0.413804          0.00203088
                  17              0.4246            0.414439          0.00200825
                  18            0.429354            0.415268          0.00206054
                  19            0.408949            0.414935          0.00197875
                  20             0.41782             0.41508          0.00188506
