                   1           -0.748336           -0.748336                   0
                   2            -0.75098           -0.749658         0.000934795
                   3           -0.752096           -0.750471         0.000910307
                   4           -0.748496           -0.749977         0.000805544
                   5           -0.751656           -0.750313         0.000710989
                   6            -0.74856           -0.750021         0.000649741
                   7           -0.751364           -0.750213         0.000584575
                   8           -0.746016           -0.749688         0.000708811
                   9           -0.749808           -0.749701          0.00063018
                  10            -0.74594           -0.749325         0.000670076
                  11            -0.74448           -0.748885         0.000739901
                  12           -0.747328           -0.748755         0.000689522
                  13           -0.749144           -0.748785          0.00063713
                  14           -0.751328           -0.748967         0.000616972
                  15            -0.75036           -0.749059         0.000582792
                  16           -0.749808           -0.749106         0.000548242
                  17           -0.750528            -0.74919         0.000522333
                  18           -0.751512           -0.749319         0.000508996
                  19           -0.747644           -0.749231         0.000489781
                  20           -0.750368           -0.749288         0.000468581
