                   1             7.06862             7.06862                   0
                   2             7.09486             7.08174          0.00927889
                   3             6.62053               6.928            0.125678
                   4             6.51725             6.82531            0.129589
                   5             6.60137             6.78053            0.111142
                   6             6.61142             6.75234           0.0961253
                   7             7.16852              6.8118            0.099088
                   8             6.10641             6.72362            0.119666
                   9             6.73708             6.72512            0.106379
                  10             6.73695              6.7263           0.0957479
                  11             6.49628             6.70539           0.0892978
                  12             7.00068                6.73           0.0851795
                  13             6.44694             6.70822           0.0813625
                  14             6.98187             6.72777           0.0778633
                  15              7.0594             6.74988           0.0757461
                  16             6.94979             6.76237           0.0720352
                  17             6.83962             6.76692            0.067941
                  18             7.36273             6.80002           0.0717782
                  19             6.64058             6.79163           0.0684892
                  20              7.0243             6.80326           0.0660453
