                   1           -0.987994           -0.987994                   0
                   2                  -1           -0.993997          0.00424476
                   3                  -1           -0.995998          0.00326762
                   4                  -1           -0.996999          0.00259938
                   5                  -1           -0.997599           0.0021477
                   6                  -1           -0.997999          0.00182665
                   7                  -1           -0.998285          0.00158791
                   8                  -1           -0.998499          0.00140382
                   9                  -1           -0.998666          0.00125771
                  10                  -1           -0.998799          0.00113899
                  11           -0.999998           -0.998908          0.00104064
                  12                  -1           -0.998999         0.000957891
                  13                  -1           -0.999076         0.000887295
                  14           -0.999994           -0.999142         0.000826334
                  15                  -1           -0.999199         0.000773223
                  16                  -1           -0.999249         0.000726515
                  17                  -1           -0.999293          0.00068512
                  18                  -1           -0.999333         0.000648182
                  19                  -1           -0.999368         0.000615018
                  20                  -1           -0.999399          0.00058508
