                   1            0.112148            0.112148                   0
                   2                   0           0.0560742           0.0396504
                   3                   0           0.0373828           0.0305229
                   4                   0           0.0280371           0.0242808
                   5                   0           0.0224297           0.0200617
                   6                   0           0.0186914           0.0170628
                   7                   0           0.0160212           0.0148327
                   8                   0           0.0140185           0.0131132
                   9                   0           0.0124609           0.0117483
                  10                   0           0.0112148           0.0106393
                  11         0.000277764           0.0102206          0.00971847
                  12                   0          0.00936885          0.00894584
                  13                   0          0.00864817          0.00828668
                  14           0.0005555          0.00807012           0.0077149
                  15                   0          0.00753211          0.00721931
                  16                   0          0.00706135          0.00678344
                  17                   0          0.00664598          0.00639712
                  18                   0          0.00627676          0.00605237
                  19                   0           0.0059464          0.00574283
                  20                   0          0.00564908          0.00546338
