                   1             416.404             416.404                   0
                   2             416.667             416.535           0.0928667
                   3             416.667             416.579           0.0714888
                   4             416.667             416.601            0.056869
                   5             416.667             416.614           0.0469872
                   6             416.667             416.623           0.0399635
                   7             416.667             416.629           0.0347403
                   8             416.667             416.634           0.0307128
                   9             416.667             416.637           0.0275161
                  10             416.667              416.64           0.0249187
                  11             416.667             416.643           0.0227675
                  12             416.667             416.645            0.020957
                  13             416.667             416.646           0.0194125
                  14             416.667             416.648           0.0180794
                  15             416.667             416.649           0.0169173
                  16             416.667              416.65           0.0158954
                  17             416.667             416.651           0.0149897
                  18             416.667             416.652           0.0141815
                  19             416.667             416.653           0.0134558
                  20             416.667             416.654           0.0128008
