                   1           -0.902236           -0.902236                   0
                   2           -0.906752           -0.904494          0.00159665
                   3           -0.902332           -0.903773          0.00121625
                   4           -0.906988           -0.904577          0.00114738
                   5           -0.904804           -0.904622         0.000918805
                   6           -0.909136           -0.905375          0.00102851
                   7           -0.902192            -0.90492         0.000976923
                   8           -0.901016           -0.904432         0.000969057
                   9           -0.899812           -0.903919         0.000988036
                  10             -0.9055           -0.904077         0.000901798
                  11            -0.90298           -0.903977          0.00082531
                  12           -0.905448             -0.9041         0.000765583
                  13            -0.90348           -0.904052         0.000708174
                  14           -0.904264           -0.904067         0.000657752
                  15            -0.90552           -0.904164         0.000620992
                  16           -0.905088           -0.904222         0.000584859
                  17           -0.905672           -0.904307         0.000556643
                  18           -0.906744           -0.904442         0.000541932
                  19           -0.908164           -0.904638         0.000547664
                  20           -0.900564           -0.904435         0.000556882
