                   1             0.14749             0.14749                   0
                   2            0.151314            0.149402          0.00135199
                   3            0.155302            0.151369          0.00184144
                   4            0.156154            0.152565           0.0017265
                   5             0.12598            0.147248          0.00495218
                   6            0.146498            0.147123           0.0041284
                   7             0.14673            0.147067          0.00353901
                   8            0.157924            0.148424          0.00334675
                   9            0.133158            0.146728          0.00337749
                  10            0.154036            0.147459          0.00311781
                  11             0.16035            0.148631          0.00304668
                  12             0.16367            0.149884          0.00303966
                  13            0.138614            0.149017          0.00292685
                  14            0.121832            0.147075          0.00329963
                  15            0.148424            0.147165          0.00308088
                  16            0.159678            0.147947          0.00298593
                  17            0.115214            0.146022          0.00337448
                  18            0.133706            0.145337          0.00325563
                  19            0.151764            0.145676          0.00310181
                  20            0.130034            0.144894          0.00304372
