                   1           -0.931304           -0.931304                   0
                   2           -0.930976            -0.93114         0.000115966
                   3           -0.929656           -0.930645         0.000411226
                   4            -0.92296           -0.928724          0.00169227
                   5           -0.935168           -0.930013          0.00177809
                   6            -0.93536           -0.930904          0.00169039
                   7           -0.924344           -0.929967          0.00168882
                   8            -0.93422           -0.930499          0.00155915
                   9           -0.928688           -0.930297          0.00139883
                  10           -0.928376           -0.930105          0.00127208
                  11           -0.925808           -0.929715          0.00121494
                  12           -0.929828           -0.929724          0.00111373
                  13           -0.929428           -0.929701          0.00102829
                  14             -0.9376           -0.930265          0.00109877
                  15           -0.929644           -0.930224           0.0010263
                  16            -0.93724           -0.930662          0.00105167
                  17           -0.940112           -0.931218          0.00112717
                  18           -0.933592            -0.93135          0.00107224
                  19           -0.927072           -0.931125          0.00103918
                  20           -0.928028            -0.93097         0.000998691
