                   1            0.514949            0.514949                   0
                   2            0.477807            0.496378           0.0131315
                   3            0.523636            0.505464            0.011475
                   4               0.465            0.495348           0.0122807
                   5            0.479361            0.492151           0.0102324
                   6            0.482269            0.490504          0.00865849
                   7            0.494705            0.491104          0.00744234
                   8            0.499415            0.492143          0.00658415
                   9             0.48481            0.491328          0.00590277
                  10            0.500198            0.492215          0.00537873
                  11            0.487729            0.491807          0.00490519
                  12            0.535311            0.495433          0.00568026
                  13            0.493308            0.495269          0.00524567
                  14             0.48222            0.494337          0.00495309
                  15            0.456536            0.491817          0.00522478
                  16            0.495229             0.49203          0.00490258
                  17            0.501396            0.492581          0.00464505
                  18            0.521312            0.494177          0.00465316
                  19            0.513517            0.495195          0.00451821
                  20            0.506916            0.495781          0.00433013
