                   1             226.444             226.444                   0
                   2             227.273             226.859            0.292877
                   3             227.273             226.997            0.225457
                   4             227.273             227.066             0.17935
                   5             227.273             227.107            0.148185
                   6             227.273             227.135            0.126034
                   7             227.273             227.154            0.109562
                   8             227.273             227.169             0.09686
                   9             227.273             227.181           0.0867784
                  10             227.273              227.19           0.0785872
                  11             227.273             227.197           0.0718028
                  12             227.273             227.204           0.0660929
                  13             227.273             227.209           0.0612218
                  14             227.273             227.214           0.0570178
                  15             227.273             227.218           0.0533529
                  16             227.273             227.221           0.0501298
                  17             227.273             227.224           0.0472734
                  18             227.273             227.227           0.0447246
                  19             227.273             227.229           0.0424362
                  20             227.273             227.231           0.0403703
