                   1            0.995226            0.995226                   0
                   2                   1            0.997613          0.00168786
                   3                   1            0.998409          0.00129932
                   4                   1            0.998806           0.0010336
                   5                   1            0.999045         0.000853999
                   6                   1            0.999204         0.000726341
                   7                   1            0.999318         0.000631409
                   8                   1            0.999403         0.000558209
                   9                   1             0.99947         0.000500108
                  10                   1            0.999523         0.000452901
                  11                   1            0.999566         0.000413803
                  12                   1            0.999602         0.000380896
                  13                   1            0.999633         0.000352824
                  14                   1            0.999659         0.000328596
                  15                   1            0.999682         0.000307475
                  16                   1            0.999702           0.0002889
                  17                   1            0.999719         0.000272439
                  18                   1            0.999735          0.00025775
                  19                   1            0.999749         0.000244562
                  20                   1            0.999761         0.000232656
