                   1           0.0825792           0.0825792                   0
                   2        -2.29385e-13           0.0412896           0.0291962
                   3        -2.29385e-13           0.0275264           0.0224752
                   4        -2.29385e-13           0.0206448           0.0178789
                   5        -2.29385e-13           0.0165158           0.0147722
                   6        -2.29385e-13           0.0137632            0.012564
                   7        -2.29385e-13            0.011797           0.0109219
                   8        -2.29385e-13           0.0103224          0.00965573
                   9        -2.29385e-13          0.00917547          0.00865072
                  10        -2.29385e-13          0.00825792          0.00783416
                  11        -2.29385e-13           0.0075072          0.00715784
                  12        -2.29385e-13           0.0068816          0.00658863
                  13        -2.29385e-13          0.00635225          0.00610304
                  14        -2.29385e-13          0.00589852          0.00568395
                  15        -2.29385e-13          0.00550528          0.00531861
                  16        -2.29385e-13           0.0051612          0.00499731
                  17        -2.29385e-13           0.0048576          0.00471257
                  18        -2.29385e-13          0.00458774          0.00445848
                  19        -2.29385e-13          0.00434628          0.00423035
                  20        -2.29385e-13          0.00412896          0.00402441
