                   1            -1.01945            -1.01945                   0
                   2               -1.02            -1.01973         0.000193563
                   3               -1.02            -1.01982         0.000149005
                   4               -1.02            -1.01986         0.000118533
                   5               -1.02            -1.01989         9.79362e-05
                   6               -1.02            -1.01991         8.32964e-05
                   7               -1.02            -1.01992         7.24097e-05
                   8               -1.02            -1.01993         6.40151e-05
                   9               -1.02            -1.01994         5.73521e-05
                  10               -1.02            -1.01995         5.19385e-05
                  11               -1.02            -1.01995         4.74547e-05
                  12               -1.02            -1.01995          4.3681e-05
                  13               -1.02            -1.01996         4.04617e-05
                  14               -1.02            -1.01996         3.76832e-05
                  15               -1.02            -1.01996         3.52611e-05
                  16               -1.02            -1.01997          3.3131e-05
                  17               -1.02            -1.01997         3.12432e-05
                  18               -1.02            -1.01997         2.95586e-05
                  19               -1.02            -1.01997         2.80462e-05
                  20               -1.02            -1.01997         2.66809e-05
