                   1             146.922             146.922                   0
                   2             146.989             146.955           0.0236174
                   3             146.999              146.97            0.019739
                   4             146.692               146.9            0.062028
                   5             146.538             146.828           0.0816353
                   6             147.055             146.866           0.0762917
                   7             146.807             146.857           0.0658492
                   8             147.043             146.881           0.0615763
                   9             147.047             146.899            0.057443
                  10             147.058             146.915           0.0538443
                  11             147.043             146.927           0.0501949
                  12              147.02             146.934           0.0466064
                  13             147.051             146.943            0.043884
                  14             145.551             146.844            0.104149
                  15             146.931              146.85           0.0973675
                  16             146.719             146.841           0.0916241
                  17             146.981              146.85           0.0865995
                  18             146.996             146.858           0.0821703
                  19             146.748             146.852            0.078047
                  20              147.04             146.861           0.0747101
