                   1            0.999342            0.999342                   0
                   2            0.999738             0.99954         0.000140007
                   3             0.99978             0.99962         0.000113924
                   4            0.998326            0.999297         0.000292899
                   5             0.99772            0.998981         0.000366656
                   6            0.999986            0.999149         0.000341657
                   7            0.998934            0.999118         0.000294222
                   8            0.999944            0.999221         0.000274965
                   9            0.999958            0.999303         0.000256309
                  10            0.999996            0.999372         0.000239861
                  11            0.999942            0.999424         0.000223575
                  12            0.999858             0.99946         0.000207846
                  13            0.999974              0.9995         0.000195578
                  14            0.992764            0.999019          0.00049793
                  15            0.999508            0.999051         0.000465802
                  16            0.998506            0.999017         0.000437935
                  17            0.999712            0.999058         0.000414076
                  18            0.999766            0.999097         0.000392935
                  19             0.99861            0.999072         0.000373091
                  20            0.999934            0.999115         0.000356918
