                   1             498.138             498.138                   0
                   2                 500             499.069            0.658217
                   3                 500             499.379            0.506696
                   4                 500             499.535            0.403074
                   5                 500             499.628            0.333035
                   6                 500              499.69            0.283252
                   7                 500             499.734            0.246231
                   8                 500             499.767            0.217685
                   9                 500             499.793            0.195027
                  10                 500             499.814            0.176618
                  11                 500             499.831            0.161371
                  12                 500             499.845            0.148538
                  13                 500             499.857            0.137591
                  14                 500             499.867            0.128143
                  15                 500             499.876            0.119906
                  16                 500             499.884            0.112663
                  17                 500              499.89            0.106243
                  18                 500             499.897            0.100515
                  19                 500             499.902           0.0953719
                  20                 500             499.907            0.090729
