                   1            -1.01951            -1.01951                   0
                   2               -1.02            -1.01975         0.000173595
                   3               -1.02            -1.01984         0.000133633
                   4               -1.02            -1.01988         0.000106305
                   5               -1.02             -1.0199         8.78327e-05
                   6               -1.02            -1.01992         7.47033e-05
                   7               -1.02            -1.01993         6.49397e-05
                   8               -1.02            -1.01994         5.74111e-05
                   9               -1.02            -1.01995         5.14355e-05
                  10               -1.02            -1.01995         4.65803e-05
                  11               -1.02            -1.01996         4.25591e-05
                  12               -1.02            -1.01996         3.91747e-05
                  13               -1.02            -1.01996         3.62875e-05
                  14               -1.02            -1.01996         3.37957e-05
                  15               -1.02            -1.01997         3.16234e-05
                  16               -1.02            -1.01997          2.9713e-05
                  17               -1.02            -1.01997           2.802e-05
                  18               -1.02            -1.01997         2.65092e-05
                  19               -1.02            -1.01997         2.51529e-05
                  20               -1.02            -1.01998         2.39284e-05
