                   1             1.98493             1.98493                   0
                   2             1.86321             1.92407           0.0430339
                   3             1.96381             1.93732            0.030661
                   4             1.91354             1.93137            0.023565
                   5             1.95228             1.93555           0.0192196
                   6             1.95875             1.93942           0.0164005
                   7             2.00569             1.94889           0.0165661
                   8             1.98046             1.95283           0.0149582
                   9             2.03615             1.96209           0.0159047
                  10             2.00608             1.96649           0.0149102
                  11             1.99204             1.96881           0.0137345
                  12             2.01946             1.97303           0.0132226
                  13             1.92631             1.96944           0.0126845
                  14             1.96357             1.96902           0.0117854
                  15             2.00809             1.97162           0.0112838
                  16             2.05147             1.97661           0.0116298
                  17              2.0419             1.98046           0.0115624
                  18             1.96524             1.97961            0.010951
                  19             1.97217             1.97922           0.0103816
                  20             2.02123             1.98132           0.0100728
