                   1            0.311736            0.311736                   0
                   2            0.312041            0.311888         0.000107808
                   3            0.305791            0.309856          0.00166113
                   4            0.306278            0.308961          0.00146707
                   5            0.305818            0.308333          0.00130138
                   6            0.313238             0.30915          0.00131644
                   7            0.312144            0.309578          0.00119585
                   8            0.304249            0.308912          0.00121784
                   9            0.320508              0.3102           0.0016271
                  10            0.316532            0.310833          0.00158279
                  11            0.307825             0.31056          0.00146234
                  12            0.322935            0.311591          0.00166484
                  13            0.315907            0.311923          0.00156953
                  14             0.31228            0.311949          0.00145763
                  15            0.308841            0.311742           0.0013751
                  16            0.313341            0.311842          0.00129279
                  17            0.315017            0.312028          0.00123016
                  18            0.303642            0.311562          0.00124693
                  19            0.303003            0.311112          0.00126005
                  20            0.313472             0.31123          0.00120257
