                   1            0.071242            0.071242                   0
                   2            0.061406            0.066324          0.00347755
                   3            0.057684            0.063444          0.00330219
                   4            0.063238           0.0633925          0.00247704
                   5            0.048412           0.0603964          0.00333289
                   6            0.055474            0.059576          0.00287661
                   7            0.056204           0.0590943          0.00250567
                   8            0.050136           0.0579745          0.00242983
                   9            0.067038           0.0589816          0.00235933
                  10              0.0672           0.0598034          0.00226201
                  11            0.056956           0.0595445          0.00207113
                  12            0.065132           0.0600102          0.00195017
                  13            0.058252           0.0598749          0.00180484
                  14            0.040954           0.0585234          0.00212245
                  15            0.063102           0.0588287          0.00200278
                  16            0.049618            0.058253           0.0019586
                  17            0.056118           0.0581274          0.00184741
                  18            0.049996           0.0576757          0.00179916
                  19            0.053636           0.0574631          0.00171698
                  20            0.071128           0.0581463          0.00176184
