                   1           -0.552884           -0.552884                   0
                   2           -0.551488           -0.552186         0.000493561
                   3            -0.55246           -0.552277         0.000337385
                   4           -0.552304           -0.552284         0.000253105
                   5           -0.551652           -0.552158         0.000231908
                   6           -0.551616           -0.552067         0.000210091
                   7             -0.5516           -0.552001          0.00019039
                   8            -0.55382           -0.552228         0.000270205
                   9            -0.55382           -0.552405         0.000292405
                  10           -0.552484           -0.552413         0.000263272
                  11           -0.549176           -0.552119         0.000368778
                  12           -0.550132           -0.551953         0.000373359
                  13           -0.549336           -0.551752           0.0003952
                  14           -0.553396           -0.551869         0.000384028
                  15           -0.553084            -0.55195         0.000366867
                  16           -0.551584           -0.551927         0.000344651
                  17            -0.55104           -0.551875         0.000328305
                  18           -0.554728           -0.552034         0.000346218
                  19            -0.55138           -0.551999           0.0003297
                  20           -0.551404           -0.551969         0.000314555
