                   1            0.030216            0.030216                   0
                   2             0.02888            0.029548         0.000472347
                   3             0.02706           0.0287187         0.000746786
                   4              0.0283            0.028614         0.000567377
                   5            0.030736           0.0290384         0.000591709
                   6            0.028416           0.0289347         0.000502101
                   7            0.025334           0.0284203          0.00064188
                   8            0.025062           0.0280005         0.000685301
                   9            0.028756           0.0280844         0.000614276
                  10             0.03007            0.028283         0.000584058
                  11            0.031006           0.0285305         0.000581058
                  12             0.03513           0.0290805         0.000748964
                  13            0.026054           0.0288477         0.000726634
                  14            0.028286           0.0288076         0.000675838
                  15            0.032628           0.0290623         0.000677076
                  16            0.025566           0.0288437         0.000669092
                  17             0.03299           0.0290876         0.000672719
                  18            0.028176            0.029037         0.000637249
                  19            0.032566           0.0292227         0.000630197
                  20            0.020884           0.0288058         0.000723582
