                   1           -0.481469           -0.481469                   0
                   2           -0.482559           -0.482014         0.000385543
                   3           -0.481897           -0.481975          0.00025897
                   4           -0.481823           -0.481937         0.000197004
                   5           -0.480091           -0.481568         0.000365946
                   6           -0.482928           -0.481794         0.000368561
                   7           -0.481547           -0.481759         0.000317605
                   8           -0.480775           -0.481636         0.000300779
                   9            -0.48184           -0.481659         0.000268208
                  10           -0.481214           -0.481614          0.00024505
                  11           -0.480845           -0.481544         0.000232539
                  12           -0.480533            -0.48146         0.000227912
                  13           -0.481979             -0.4815         0.000213843
                  14           -0.481106           -0.481472         0.000200415
                  15           -0.483342           -0.481596         0.000222484
                  16           -0.479941           -0.481493         0.000231396
                  17           -0.483223           -0.481595         0.000239113
                  18           -0.480862           -0.481554         0.000229271
                  19           -0.481635           -0.481558         0.000217244
                  20           -0.482097           -0.481585         0.000208044
