                   1             1.56242             1.56242                   0
                   2             1.49731             1.52987           0.0230184
                   3             1.53452             1.53142           0.0153977
                   4             1.50652             1.52519           0.0127441
                   5             1.53255             1.52667           0.0102799
                   6             1.55628              1.5316          0.00967899
                   7             1.48493             1.52493           0.0103409
                   8              1.5139             1.52355          0.00913977
                   9             1.52287             1.52348          0.00812456
                  10             1.50066              1.5212          0.00762577
                  11             1.51117             1.52029          0.00698673
                  12             1.52695             1.52084          0.00642657
                  13             1.48583             1.51815          0.00647192
                  14             1.50833             1.51745          0.00604753
                  15             1.53778              1.5188          0.00579425
                  16             1.46892             1.51568          0.00621453
                  17             1.55827             1.51819          0.00633366
                  18             1.50105             1.51724          0.00605294
                  19             1.54203             1.51854          0.00587334
                  20             1.49751             1.51749          0.00567302
