                   1            0.026426            0.026426                   0
                   2             0.02455            0.025488         0.000663266
                   3            0.026674           0.0258833         0.000547461
                   4            0.030538            0.027047           0.0010882
                   5            0.024734           0.0265844         0.000963885
                   6            0.026604           0.0265877         0.000803243
                   7             0.02113            0.025808         0.000997529
                   8            0.024552            0.025651         0.000885106
                   9            0.034776           0.0266649          0.00123804
                  10            0.036084           0.0276068          0.00142829
                  11             0.03324           0.0281189          0.00138721
                  12            0.033062           0.0285308          0.00133137
                  13             0.02753           0.0284538          0.00123118
                  14            0.033278           0.0287984          0.00119048
                  15            0.029098           0.0288184          0.00111128
                  16            0.025234           0.0285944          0.00106417
                  17            0.032536           0.0288262          0.00102652
                  18             0.02748           0.0287514         0.000972212
                  19            0.031772           0.0289104         0.000933951
                  20             0.02564           0.0287469         0.000901455
