                   1            0.186688            0.186688                   0
                   2             0.18756            0.187124         0.000308299
                   3             0.15786            0.177369           0.0079673
                   4            0.129154            0.165316           0.0120282
                   5             0.15921            0.164094          0.00968434
                   6            0.169446            0.164986          0.00811125
                   7            0.150204            0.162875          0.00722217
                   8            0.173966            0.164261           0.0064511
                   9            0.168672            0.164751           0.0057529
                  10              0.1758            0.165856          0.00528265
                  11            0.169944            0.166228          0.00481546
                  12            0.214938            0.170287          0.00588123
                  13             0.17599            0.170726          0.00544517
                  14            0.182724            0.171583          0.00512323
                  15            0.172194            0.171623          0.00478184
                  16            0.162346            0.171043            0.004518
                  17            0.170732            0.171025          0.00425227
                  18            0.172498            0.171107          0.00401682
                  19            0.153772            0.170195          0.00390765
                  20            0.148622            0.169116          0.00385826
