                   1             9.47533             9.47533                   0
                   2             10.1484             9.81184            0.237951
                   3             9.65254             9.75874            0.164452
                   4             9.31997             9.64905            0.155682
                   5             10.3739             9.79402            0.179791
                   6             10.2127              9.8638            0.162807
                   7             9.54288             9.81796            0.145861
                   8             10.0466             9.84653            0.130398
                   9             9.58408             9.81737            0.119125
                  10              9.6653             9.80216            0.108179
                  11             9.94622             9.81526           0.0991341
                  12             10.3747             9.86188            0.101245
                  13             9.51403             9.83513            0.096928
                  14             10.1076             9.85459           0.0919382
                  15             9.72292             9.84581           0.0862271
                  16             9.89685               9.849           0.0808968
                  17             9.70907             9.84077           0.0765558
                  18             9.59731             9.82724           0.0734878
                  19             9.47512             9.80871           0.0719189
                  20             10.1283             9.82469           0.0700758
