                   1             0.30338             0.30338                   0
                   2            0.296867            0.300124           0.0023027
                   3            0.294152            0.298133          0.00223571
                   4            0.291637            0.296509          0.00218859
                   5             0.29678            0.296563          0.00175154
                   6            0.292068            0.295814          0.00161191
                   7            0.294662            0.295649          0.00139002
                   8            0.294077            0.295453          0.00123007
                   9            0.307411            0.296782          0.00166279
                  10            0.295821            0.296686          0.00149928
                  11            0.294664            0.296502           0.0013742
                  12            0.296776            0.296525          0.00125987
                  13            0.296323            0.296509          0.00116305
                  14             0.29048            0.296078          0.00115696
                  15            0.301516            0.296441          0.00113519
                  16            0.300096            0.296669          0.00108699
                  17            0.300755             0.29691          0.00104928
                  18            0.298423            0.296994         0.000994352
                  19            0.301159            0.297213          0.00096588
                  20            0.301501            0.297427         0.000941081
