                   1             0.32484             0.32484                   0
                   2            0.315435            0.320138          0.00332541
                   3            0.315762            0.318679          0.00251659
                   4            0.321394            0.319358          0.00197687
                   5            0.314543            0.318395          0.00180082
                   6            0.320773            0.318791           0.0015437
                   7             0.32342            0.319452          0.00145795
                   8            0.320619            0.319598          0.00128298
                   9            0.325577            0.320263          0.00130107
                  10             0.32387            0.320623          0.00121994
                  11             0.31802            0.320387          0.00113176
                  12            0.325008            0.320772          0.00110101
                  13            0.320623             0.32076          0.00101638
                  14            0.317722            0.320543         0.000966672
                  15            0.317575            0.320345         0.000922256
                  16            0.317031            0.320138          0.00088757
                  17            0.320611            0.320166         0.000835794
                  18            0.319093            0.320106         0.000791486
                  19            0.320494            0.320127         0.000750091
                  20            0.326112            0.320426         0.000769979
