                   1           -0.613325           -0.613325                   0
                   2           -0.614038           -0.613682         0.000252098
                   3           -0.613532           -0.613632         0.000172958
                   4           -0.611601           -0.613124         0.000458461
                   5           -0.612265           -0.612952         0.000397673
                   6           -0.612204           -0.612827         0.000350391
                   7           -0.612608           -0.612796         0.000301734
                   8           -0.612063           -0.612704          0.00027757
                   9           -0.612136           -0.612641         0.000253802
                  10           -0.610864           -0.612464         0.000283912
                  11           -0.612688           -0.612484         0.000258831
                  12           -0.609937           -0.612272         0.000312398
                  13           -0.609993           -0.612096         0.000333949
                  14           -0.613493           -0.612196         0.000324662
                  15           -0.615535           -0.612419          0.00037157
                  16           -0.613875            -0.61251         0.000359328
                  17           -0.613633           -0.612576         0.000344213
                  18           -0.614085            -0.61266         0.000335142
                  19           -0.612678           -0.612661         0.000317504
                  20           -0.614012           -0.612728          0.00030874
