                   1             3.10523             3.10523                   0
                   2             3.04673             3.07598           0.0206856
                   3             3.03817             3.06338           0.0172063
                   4             2.96008             3.03755           0.0258208
                   5             3.02369             3.03478           0.0208051
                   6             3.00179             3.02928           0.0180495
                   7             2.99011             3.02369           0.0163154
                   8              3.0827             3.03106           0.0158563
                   9             3.02043             3.02988           0.0141385
                  10             3.10054             3.03695           0.0143821
                  11             2.98487             3.03221           0.0138318
                  12             3.11153             3.03882           0.0141709
                  13             3.07554             3.04165           0.0133593
                  14              3.1151             3.04689           0.0133957
                  15              3.0573             3.04759           0.0125206
                  16             3.01043             3.04527           0.0119515
                  17             3.06432             3.04639           0.0113009
                  18             3.08793             3.04869           0.0109061
                  19             3.01022             3.04667           0.0105185
                  20             3.08664             3.04867           0.0101806
