                   1            0.246571            0.246571                   0
                   2            0.241533            0.244052          0.00178138
                   3            0.246303            0.244802          0.00133622
                   4            0.245102            0.244877          0.00100426
                   5            0.250524            0.246007          0.00129071
                   6            0.250958            0.246832           0.0013132
                   7            0.246618            0.246801          0.00112596
                   8            0.244984            0.246574          0.00100786
                   9            0.254754            0.247483          0.00123972
                  10            0.247214            0.247456          0.00111604
                  11            0.247672            0.247476          0.00101475
                  12            0.252059            0.247858         0.000999498
                  13            0.254229            0.248348          0.00103582
                  14            0.243445            0.247998          0.00101931
                  15             0.25041            0.248159         0.000963961
                  16             0.24665            0.248064          0.00090831
                  17             0.25116            0.248246         0.000872945
                  18            0.242779            0.247943         0.000875707
                  19            0.243073            0.247686         0.000866314
                  20            0.246205            0.247612          0.00082616
