                   1             1.87392             1.87392                   0
                   2             1.76177             1.81784           0.0396484
                   3             1.88848             1.84139           0.0326848
                   4             1.82574             1.83748           0.0247467
                   5             1.87111              1.8442           0.0206912
                   6             1.88259              1.8506           0.0182048
                   7             1.93141             1.86215           0.0189134
                   8             1.91735             1.86905           0.0177638
                   9             1.90484             1.87302           0.0162291
                  10             1.92673             1.87839           0.0154694
                  11             1.91773             1.88197           0.0144706
                  12             1.90975             1.88429           0.0134486
                  13             1.85242             1.88183           0.0126355
                  14             1.87754             1.88153           0.0117366
                  15              1.9206             1.88413           0.0112395
                  16             1.95836             1.88877           0.0114546
                  17             1.98985             1.89472            0.012227
                  18             1.91384             1.89578           0.0115938
                  19              1.8556             1.89367           0.0111748
                  20             1.90728             1.89435           0.0106368
