                   1             0.41804             0.41804                   0
                   2            0.420071            0.419055         0.000717886
                   3            0.418684            0.418932         0.000489135
                   4            0.398164             0.41374          0.00451116
                   5            0.422923            0.415576          0.00396521
                   6            0.410403            0.414714          0.00339679
                   7            0.421905            0.415742          0.00306293
                   8            0.396192            0.413298          0.00352248
                   9             0.41652            0.413656          0.00314923
                  10            0.411341            0.413424           0.0028428
                  11            0.393635            0.411625          0.00310182
                  12             0.41781            0.412141          0.00288583
                  13            0.417857             0.41258          0.00269713
                  14            0.418448               0.413          0.00253684
                  15             0.42332            0.413688          0.00245924
                  16            0.394982            0.412518          0.00256842
                  17            0.414065            0.412609          0.00241895
                  18            0.415907            0.412793          0.00229149
                  19            0.407275            0.412502          0.00218922
                  20            0.414221            0.412588          0.00208144
