                   1             -1.0192             -1.0192                   0
                   2            -1.01997            -1.01958         0.000271458
                   3            -1.01878            -1.01932         0.000283462
                   4            -1.01998            -1.01948         0.000256527
                   5            -1.01981            -1.01955         0.000213367
                   6            -1.01999            -1.01962         0.000190224
                   7            -1.01996            -1.01967         0.000169199
                   8               -1.02            -1.01971         0.000152982
                   9            -1.01997            -1.01974         0.000138684
                  10               -1.02            -1.01977         0.000127221
                  11            -1.01993            -1.01978         0.000116559
                  12            -1.01998             -1.0198         0.000108006
                  13               -1.02            -1.01981         0.000100764
                  14            -1.01998            -1.01982          9.4228e-05
                  15            -1.01958            -1.01981         8.92938e-05
                  16            -1.01975            -1.01981         8.37869e-05
                  17            -1.01989            -1.01981         7.90056e-05
                  18            -1.01992            -1.01982         7.48718e-05
                  19            -1.01996            -1.01982         7.13059e-05
                  20            -1.01999            -1.01983         6.82091e-05
