                   1            -1.01978            -1.01978                   0
                   2               -1.02            -1.01989          7.6212e-05
                   3               -1.02            -1.01993          5.8668e-05
                   4               -1.02            -1.01995         4.66701e-05
                   5               -1.02            -1.01996         3.85605e-05
                   6               -1.02            -1.01996         3.27964e-05
                   7               -1.02            -1.01997           2.851e-05
                   8               -1.02            -1.01997         2.52047e-05
                   9               -1.02            -1.01998         2.25813e-05
                  10               -1.02            -1.01998         2.04498e-05
                  11               -1.02            -1.01998         1.86844e-05
                  12               -1.02            -1.01998         1.71986e-05
                  13               -1.02            -1.01998          1.5931e-05
                  14               -1.02            -1.01998         1.48371e-05
                  15               -1.02            -1.01999         1.38834e-05
                  16               -1.02            -1.01999         1.30447e-05
                  17               -1.02            -1.01999         1.23014e-05
                  18               -1.02            -1.01999         1.16381e-05
                  19               -1.02            -1.01999         1.10427e-05
                  20               -1.02            -1.01999         1.05051e-05
