                   1           0.0474154           0.0474154                   0
                   2        -2.29385e-13           0.0237077           0.0167639
                   3        -2.29385e-13           0.0158051           0.0129048
                   4        -2.29385e-13           0.0118539           0.0102657
                   5        -2.29385e-13          0.00948309          0.00848193
                   6        -2.29385e-13          0.00790257          0.00721403
                   7        -2.29385e-13          0.00677363          0.00627117
                   8        -2.29385e-13          0.00592693          0.00554413
                   9        -2.29385e-13          0.00526838          0.00496708
                  10        -2.29385e-13          0.00474154          0.00449822
                  11        -2.29385e-13          0.00431049          0.00410989
                  12        -2.29385e-13          0.00395129          0.00378307
                  13        -2.29385e-13          0.00364734          0.00350425
                  14        -2.29385e-13          0.00338682          0.00326362
                  15        -2.29385e-13          0.00316103          0.00305384
                  16        -2.29385e-13          0.00296346          0.00286936
                  17        -2.29385e-13          0.00278914          0.00270587
                  18        -2.29385e-13          0.00263419          0.00255997
                  19        -2.29385e-13          0.00249555          0.00242899
                  20        -2.29385e-13          0.00237077          0.00231074
