                   1            0.213304            0.213304                   0
                   2            0.211585            0.212444          0.00060753
                   3            0.214851            0.213247         0.000770139
                   4            0.216447            0.214047         0.000902118
                   5            0.217156            0.214669         0.000911146
                   6            0.213503            0.214474         0.000779733
                   7            0.213365            0.214316         0.000684273
                   8            0.210633            0.213855          0.00073754
                   9            0.212909             0.21375          0.00066305
                  10            0.213055            0.213681         0.000600378
                  11            0.213803            0.213692         0.000545902
                  12            0.216748            0.213947         0.000556665
                  13            0.215006            0.214028         0.000519775
                  14            0.213935            0.214021         0.000482691
                  15            0.214501            0.214053         0.000451569
                  16            0.214767            0.214098         0.000425546
                  17            0.213146            0.214042         0.000404179
                  18            0.213881            0.214033         0.000381823
                  19            0.215992            0.214136         0.000375392
                  20            0.219803             0.21442         0.000451041
