                   1             1.56465             1.56465                   0
                   2             1.53069             1.54767           0.0120044
                   3             1.55388             1.54974          0.00817934
                   4             1.52457             1.54345          0.00820587
                   5             1.58237             1.55123          0.00956981
                   6             1.59595             1.55869           0.0104826
                   7              1.5152             1.55247            0.010668
                   8             1.55803             1.55317           0.0093571
                   9             1.55794              1.5537          0.00833244
                  10              1.4961             1.54794          0.00927881
                  11             1.54653             1.54781          0.00843616
                  12             1.58961             1.55129          0.00842164
                  13              1.5205             1.54892          0.00810016
                  14             1.57377              1.5507          0.00771349
                  15             1.54952             1.55062          0.00719966
                  16             1.53855             1.54987          0.00678909
                  17             1.55102             1.54993          0.00639007
                  18             1.50497             1.54744          0.00650512
                  19             1.55791             1.54799          0.00618607
                  20             1.54332             1.54775          0.00588116
