                   1              4.2565              4.2565                   0
                   2             4.19527             4.22589           0.0216478
                   3             4.23218             4.22799           0.0145331
                   4             3.86125              4.1363           0.0801451
                   5              3.9845             4.10594           0.0696298
                   6             4.04779             4.09625           0.0586956
                   7             4.36982             4.13533           0.0619706
                   8             4.08145              4.1286           0.0545891
                   9             4.09332             4.12468           0.0486641
                  10             4.11796             4.12401           0.0438023
                  11              3.8807             4.10189             0.04506
                  12             4.22867             4.11245           0.0425257
                  13             4.08074             4.11001           0.0393244
                  14             4.12497             4.11108             0.03653
                  15             4.20802             4.11754           0.0346616
                  16             4.25887             4.12638           0.0336018
                  17             4.10764             4.12527           0.0316433
                  18             4.10527             4.12416           0.0299048
                  19             4.11437             4.12365           0.0283354
                  20             4.47115             4.14102           0.0318027
