                   1            0.012528            0.012528                   0
                   2           -0.009386            0.001571          0.00774777
                   3           -0.001898         0.000414667          0.00525076
                   4           -0.006026          -0.0011955          0.00417766
                   5           -0.006886          -0.0023336          0.00349372
                   6            0.014644            0.000496          0.00389212
                   7            0.007218          0.00145629          0.00345254
                   8            0.004816          0.00187625          0.00304641
                   9            -0.02149            -0.00072          0.00365026
                  10            -0.01269           -0.001917          0.00347596
                  11            0.001106         -0.00164218          0.00317081
                  12            -0.02484         -0.00357533          0.00344584
                  13           -0.001356         -0.00340462            0.003185
                  14            0.003364         -0.00292114          0.00299397
                  15           -0.003892         -0.00298587          0.00279507
                  16           -0.002782         -0.00297313          0.00262041
                  17           -0.000114         -0.00280494          0.00247166
                  18            0.010182         -0.00208344          0.00243738
                  19           -0.005342         -0.00225495          0.00231512
                  20           -0.017014          -0.0029929          0.00231399
