                   1             58.2993             58.2993                   0
                   2             60.7495             59.5244            0.866297
                   3             58.9617             59.3368            0.597495
                   4              60.057             59.5169            0.474474
                   5             65.7894             60.7714             1.18453
                   6             62.8519             61.1182             1.03662
                   7             57.6659              60.625            0.998989
                   8             62.5115             60.8608            0.901518
                   9             62.3432             61.0255            0.816257
                  10             61.4175             61.0647            0.735572
                  11             60.1833             60.9846            0.673052
                  12             64.3887             61.2682            0.674102
                  13             67.1352             61.7195            0.758419
                  14             54.6048             61.2113            0.857775
                  15             50.9368             60.5264             1.03868
                  16             58.1075             60.3752            0.984699
                  17             58.1465             60.2441            0.935462
                  18             61.4434             60.3107            0.885862
                  19             62.7485              60.439            0.848478
                  20             64.5538             60.6448            0.830623
