                   1            0.507912            0.507912                   0
                   2            0.490828             0.49937          0.00604032
                   3            0.488522            0.495754          0.00499334
                   4            0.475301            0.490641          0.00579955
                   5            0.416199            0.475752           0.0141017
                   6            0.485657            0.477403           0.0118476
                   7            0.468138            0.476079           0.0102288
                   8            0.435896            0.471057           0.0101085
                   9            0.413161            0.464624           0.0108407
                  10            0.453968            0.463558          0.00980881
                  11            0.485371            0.465541          0.00911534
                  12            0.426579            0.462294          0.00891526
                  13            0.433702            0.460095          0.00849643
                  14            0.542663            0.465993          0.00972334
                  15            0.507605            0.468767          0.00946259
                  16            0.476928            0.469277          0.00888491
                  17            0.514556             0.47194           0.0087524
                  18            0.467364            0.471686          0.00826985
                  19            0.428722            0.469425          0.00813787
                  20            0.407363            0.466322          0.00830155
