                   1             65.9588             65.9588                   0
                   2             67.9915             66.9751            0.718656
                   3             63.7967             65.9157            0.988881
                   4             64.6346             65.5954            0.791823
                   5             70.3217             66.5407             1.05645
                   6             67.1025             66.6343            0.884515
                   7             61.4663              65.896             1.02078
                   8             66.5833             65.9819            0.896793
                   9             67.5068             66.1514            0.812996
                  10             69.9569             66.5319            0.815915
                  11              67.348             66.6061            0.745107
                  12             76.7909             67.4548             1.06152
                  13             72.4962             67.8426             1.04831
                  14              58.769             67.1945             1.15656
                  15             57.5911             66.5543              1.2441
                  16             62.6653             66.3112             1.18985
                  17             65.6217             66.2707             1.12055
                  18              66.924              66.307             1.05888
                  19              68.768             66.4365             1.01104
                  20             69.3112             66.5802            0.970655
