                   1             249.088             249.088                   0
                   2                 250             249.544            0.322349
                   3                 250             249.696            0.248144
                   4                 250             249.772            0.197398
                   5                 250             249.818            0.163097
                   6                 250             249.848            0.138717
                   7                 250              249.87            0.120587
                   8                 250             249.886            0.106607
                   9                 250             249.899           0.0955107
                  10                 250             249.909           0.0864953
                  11                 250             249.917           0.0790282
                  12                 250             249.924           0.0727437
                  13                 250              249.93           0.0673824
                  14                 250             249.935           0.0627553
                  15                 250             249.939           0.0587216
                  16                 250             249.943           0.0551743
                  17                 250             249.946           0.0520305
                  18                 250             249.949           0.0492251
                  19                 250             249.952           0.0467065
                  20                 250             249.954           0.0444327
