                   1             0.99523             0.99523                   0
                   2                   1            0.997615          0.00168645
                   3                   1             0.99841          0.00129823
                   4                   1            0.998807          0.00103274
                   5                   1            0.999046         0.000853284
                   6                   1            0.999205         0.000725732
                   7                   1            0.999319          0.00063088
                   8                   1            0.999404         0.000557741
                   9                   1             0.99947         0.000499689
                  10                   1            0.999523         0.000452522
                  11                   1            0.999566         0.000413456
                  12                   1            0.999602         0.000380577
                  13                   1            0.999633         0.000352528
                  14                   1            0.999659         0.000328321
                  15                   1            0.999682         0.000307217
                  16                   1            0.999702         0.000288658
                  17                   1            0.999719         0.000272211
                  18                   1            0.999735         0.000257534
                  19                   1            0.999749         0.000244357
                  20                   1            0.999761         0.000232461
