                   1           -0.558727           -0.558727                   0
                   2           -0.561067           -0.559897         0.000827301
                   3           -0.560216           -0.560003          0.00055834
                   4            -0.55899            -0.55975         0.000472756
                   5            -0.55922           -0.559644         0.000389903
                   6            -0.55725           -0.559245         0.000488031
                   7           -0.559226           -0.559242          0.00041832
                   8           -0.558063           -0.559095         0.000391155
                   9            -0.55923            -0.55911         0.000347984
                  10           -0.554803           -0.558679         0.000514828
                  11           -0.560001           -0.558799         0.000481856
                  12           -0.557197           -0.558666         0.000459833
                  13           -0.559656           -0.558742          0.00043073
                  14           -0.558883           -0.558752         0.000400081
                  15           -0.558991           -0.558768         0.000373727
                  16           -0.560903           -0.558901         0.000373431
                  17           -0.558308           -0.558867         0.000353092
                  18            -0.55884           -0.558865         0.000333479
                  19           -0.559592           -0.558903         0.000318113
                  20           -0.558579           -0.558887         0.000302621
