                   1            0.102132            0.102132                   0
                   2            0.110931            0.106531          0.00311105
                   3           0.0919199            0.101661          0.00448505
                   4            0.127315            0.108074          0.00649344
                   5            0.107804             0.10802          0.00519498
                   6           0.0347921           0.0958155           0.0119528
                   7           0.0481451           0.0890055           0.0120298
                   8            0.105383           0.0910526           0.0106989
                   9            0.147546           0.0973297           0.0112012
                  10           0.0809646           0.0956932           0.0101999
                  11            0.126966           0.0985362          0.00966072
                  12           0.0539947           0.0948244          0.00954212
                  13            0.104025           0.0955321          0.00883432
                  14            0.163576            0.100392          0.00944612
                  15           0.0737703           0.0986176          0.00898157
                  16           0.0549162           0.0958863          0.00882576
                  17            0.162864           0.0998261           0.0091438
                  18            0.114504            0.100642           0.0086721
                  19           0.0787501           0.0994894          0.00829186
                  20            0.109913            0.100011          0.00789363
