                   1            -1.01567            -1.01567                   0
                   2            -1.01493             -1.0153         0.000260781
                   3            -1.01583            -1.01548         0.000226678
                   4            -1.01409            -1.01513         0.000345604
                   5            -1.01506            -1.01512         0.000276789
                   6            -1.01835            -1.01565         0.000543523
                   7            -1.01776            -1.01596         0.000542656
                   8            -1.01537            -1.01588         0.000479781
                   9            -1.01314            -1.01558         0.000513955
                  10            -1.01629            -1.01565         0.000467533
                  11            -1.01286             -1.0154         0.000488813
                  12            -1.01756            -1.01558         0.000480163
                  13            -1.01535            -1.01556         0.000443556
                  14            -1.01133            -1.01526         0.000504192
                  15            -1.01653            -1.01534         0.000477654
                  16            -1.01754            -1.01548         0.000467129
                  17            -1.01036            -1.01518         0.000527725
                  18            -1.01512            -1.01517         0.000498417
                  19            -1.01626            -1.01523         0.000475471
                  20            -1.01507            -1.01522          0.00045177
