                   1            0.979216            0.979216                   0
                   2            0.974136            0.976676          0.00179605
                   3            0.983298            0.978883          0.00216377
                   4            0.976594            0.978311          0.00169683
                   5            0.979676            0.978584          0.00137925
                   6            0.997522             0.98174          0.00310211
                   7            0.993538            0.983426          0.00308298
                   8            0.970152            0.981766          0.00311223
                   9            0.977588            0.981302          0.00280084
                  10            0.986324            0.981804          0.00256538
                  11            0.857998            0.970549           0.0109818
                  12            0.992354            0.972366           0.0102159
                  13            0.981276            0.973052          0.00945303
                  14            0.862678            0.965168           0.0116088
                  15            0.989024            0.966758           0.0109433
                  16            0.992754            0.968383           0.0103793
                  17            0.757602            0.955984           0.0154957
                  18            0.974808             0.95703           0.0146701
                  19            0.989412            0.958734           0.0139966
                  20            0.974716            0.959533           0.0133196
