                   1            -0.56956            -0.56956                   0
                   2           -0.567564           -0.568562         0.000705693
                   3            -0.56866           -0.568595         0.000471217
                   4           -0.570016            -0.56895         0.000468612
                   5           -0.568204           -0.568801         0.000397933
                   6           -0.567704           -0.568618         0.000371231
                   7            -0.56782           -0.568504         0.000335245
                   8            -0.57068           -0.568776         0.000388309
                   9           -0.568808            -0.56878          0.00034518
                  10           -0.568516           -0.568753         0.000311667
                  11           -0.565732           -0.568479         0.000385817
                  12           -0.566592           -0.568321         0.000384364
                  13           -0.565828            -0.56813         0.000399796
                  14            -0.56968            -0.56824         0.000386274
                  15           -0.569664           -0.568335         0.000372001
                  16           -0.568144           -0.568323         0.000348942
                  17           -0.568632           -0.568341         0.000328889
                  18           -0.571256           -0.568503         0.000348202
                  19            -0.56834           -0.568495         0.000329982
                  20           -0.568256           -0.568483         0.000313699
