                   1             0.00282             0.00282                   0
                   2             0.00534             0.00408         0.000890955
                   3             0.00606             0.00474         0.000801998
                   4            0.024302           0.0096305           0.0042778
                   5           -0.014914           0.0047216          0.00556683
                   6           -0.004028          0.00326333          0.00482624
                   7            0.004984          0.00350914          0.00414304
                   8            0.010228            0.004349          0.00370931
                   9              0.0018          0.00406578          0.00330796
                  10           -0.003074           0.0033518          0.00305324
                  11            0.005972             0.00359          0.00278495
                  12            0.014348           0.0044865           0.0026933
                  13            0.002862          0.00436154          0.00248902
                  14            0.005426          0.00443757           0.0023124
                  15            -0.01761          0.00296773          0.00258348
                  16            -0.00197          0.00265913          0.00244038
                  17             0.00677          0.00290094          0.00230878
                  18           -0.008048          0.00229267          0.00225922
                  19           -0.014574          0.00140495          0.00230814
                  20           -0.003772           0.0011461           0.0022072
