                   1            0.071254            0.071254                   0
                   2             0.06133            0.066292          0.00350866
                   3             0.06085            0.064478           0.0027686
                   4             0.06603            0.064866          0.00210346
                   5               0.053           0.0624928          0.00270876
                   6            0.061056           0.0622533          0.00226786
                   7            0.057676           0.0615994          0.00203597
                   8            0.052082           0.0604097          0.00210049
                   9            0.070732           0.0615567          0.00215762
                  10            0.068986           0.0622996          0.00206581
                  11            0.063358           0.0623958          0.00188025
                  12            0.069584           0.0629948          0.00181648
                  13            0.059268           0.0627082          0.00169922
                  14            0.041494           0.0611929          0.00214982
                  15            0.066542           0.0615495          0.00203586
                  16            0.052542           0.0609865          0.00198493
                  17            0.060216           0.0609412          0.00186869
                  18            0.050492           0.0603607          0.00185285
                  19             0.05911           0.0602948           0.0017565
                  20            0.073578            0.060959          0.00178984
