                   1           -0.608737           -0.608737                   0
                   2           -0.605587           -0.607162          0.00111386
                   3           -0.605241           -0.606522         0.000908143
                   4           -0.607445           -0.606752          0.00070982
                   5           -0.605296           -0.606461         0.000624763
                   6           -0.605693           -0.606333         0.000533585
                   7            -0.60583           -0.606261         0.000462182
                   8           -0.607194           -0.606378          0.00041885
                   9           -0.607587           -0.606512         0.000393261
                  10           -0.604208           -0.606282         0.000416003
                  11           -0.604271           -0.606099         0.000416402
                  12           -0.604708           -0.605983         0.000397512
                  13           -0.604261            -0.60585         0.000388366
                  14           -0.605322           -0.605813         0.000362456
                  15           -0.606999           -0.605892         0.000346811
                  16           -0.605083           -0.605841           0.0003288
                  17             -0.6052           -0.605804         0.000311613
                  18           -0.608734           -0.605966          0.00033413
                  19           -0.606306           -0.605984         0.000317023
                  20           -0.607704            -0.60607          0.00031261
