                   1           -0.987994           -0.987994                   0
                   2                  -1           -0.993997          0.00424476
                   3                  -1           -0.995998          0.00326762
                   4                  -1           -0.996999          0.00259938
                   5                  -1           -0.997599           0.0021477
                   6                  -1           -0.997999          0.00182665
                   7                  -1           -0.998285          0.00158791
                   8                  -1           -0.998499          0.00140382
                   9                  -1           -0.998666          0.00125771
                  10                  -1           -0.998799          0.00113899
                  11                  -1           -0.998909          0.00104066
                  12                  -1              -0.999         0.000957906
                  13                  -1           -0.999076         0.000887307
                  14                  -1           -0.999142         0.000826377
                  15                  -1             -0.9992          0.00077326
                  16                  -1            -0.99925         0.000726547
                  17                  -1           -0.999294         0.000685149
                  18                  -1           -0.999333         0.000648207
                  19                  -1           -0.999368         0.000615041
                  20                  -1             -0.9994           0.0005851
