                   1            0.009942            0.009942                   0
                   2           -0.000912            0.004515          0.00383747
                   3            -0.02078         -0.00391667          0.00734441
                   4           -0.006128          -0.0044695          0.00552907
                   5           -0.004116          -0.0043988          0.00442371
                   6            0.000592           -0.003567          0.00376381
                   7            0.001296         -0.00287229          0.00328962
                   8            0.001506           -0.002325          0.00292359
                   9            -0.01906         -0.00418444          0.00313478
                  10            0.026396          -0.0011264          0.00404675
                  11            0.011248        -1.45455e-06          0.00383204
                  12            0.011752            0.000978          0.00363572
                  13           -0.002086         0.000742308          0.00336368
                  14           -0.036988         -0.00195271          0.00406203
                  15            0.007554         -0.00131893          0.00384035
                  16            0.000408           -0.001211          0.00360185
                  17            0.048844          0.00173341            0.004433
                  18           -0.002304          0.00150911          0.00419239
                  19            0.052378          0.00418642          0.00475031
                  20            0.009952           0.0044747          0.00452153
