                   1            -0.77288            -0.77288                   0
                   2           -0.775644           -0.774262         0.000977222
                   3           -0.775304           -0.774609         0.000710531
                   4            -0.77712           -0.775237         0.000761219
                   5           -0.774548           -0.775099         0.000621323
                   6           -0.774712           -0.775035          0.00052111
                   7           -0.772776           -0.774712         0.000537355
                   8           -0.776528           -0.774939         0.000515909
                   9            -0.77278           -0.774699         0.000511325
                  10           -0.773104            -0.77454         0.000484435
                  11           -0.773404           -0.774436         0.000451261
                  12            -0.77468           -0.774457         0.000414113
                  13           -0.772044           -0.774271           0.0004218
                  14           -0.775228           -0.774339         0.000397171
                  15           -0.773928           -0.774312         0.000371639
                  16            -0.77474           -0.774339         0.000349373
                  17           -0.775876           -0.774429         0.000340322
                  18           -0.773496           -0.774377          0.00032534
                  19           -0.772688           -0.774288         0.000320136
                  20           -0.777704           -0.774459         0.000346701
