                   1             0.14667             0.14667                   0
                   2             0.14385             0.14526         0.000997021
                   3              0.1424            0.144307          0.00102357
                   4            0.131898            0.141204          0.00279408
                   5             0.14722            0.142408           0.0024808
                   6            0.170252            0.147048           0.0047139
                   7            0.137988            0.145754          0.00421444
                   8            0.158108            0.147298          0.00396046
                   9            0.135742            0.146014          0.00372275
                  10            0.150668             0.14648          0.00337944
                  11            0.166628            0.148311          0.00353391
                  12            0.194292            0.152143          0.00489412
                  13             0.17131            0.153617          0.00473453
                  14            0.128832            0.151847          0.00471575
                  15             0.15918            0.152336          0.00442663
                  16            0.162596            0.152977          0.00419616
                  17            0.132568            0.151777          0.00411748
                  18            0.155458            0.151981          0.00389381
                  19            0.152458            0.152006          0.00368895
                  20             0.17627            0.153219          0.00369862
