                   1           -0.770921           -0.770921                   0
                   2           -0.770685           -0.770803           8.358e-05
                   3           -0.770556           -0.770721         8.73569e-05
                   4           -0.772798            -0.77124         0.000454466
                   5            -0.77308           -0.771608          0.00049047
                   6           -0.772121           -0.771694         0.000416107
                   7           -0.771504           -0.771667         0.000357546
                   8           -0.771258           -0.771615         0.000316476
                   9           -0.771019           -0.771549         0.000288171
                  10           -0.769653            -0.77136         0.000315613
                  11           -0.774849           -0.771677          0.00041687
                  12            -0.77255            -0.77175         0.000388428
                  13           -0.771558           -0.771735         0.000358827
                  14           -0.770333           -0.771635         0.000346893
                  15           -0.772976           -0.771724         0.000335088
                  16           -0.774984           -0.771928         0.000370949
                  17           -0.772235           -0.771946         0.000349569
                  18           -0.771053           -0.771896         0.000333649
                  19           -0.769625           -0.771777          0.00033682
                  20           -0.775625           -0.771969         0.000370898
