                   1            0.437762            0.437762                   0
                   2            0.425911            0.431836          0.00418966
                   3            0.421517            0.428397          0.00396095
                   4              0.4299            0.428773          0.00298849
                   5            0.435552            0.430128          0.00268078
                   6            0.428034            0.429779          0.00225659
                   7            0.432306             0.43014          0.00196288
                   8            0.424683            0.429458          0.00183223
                   9            0.425435            0.429011          0.00168229
                  10            0.442725            0.430383          0.00199627
                  11             0.42382            0.429786          0.00190186
                  12            0.427331            0.429581          0.00175434
                  13            0.423062             0.42908          0.00168956
                  14            0.432141            0.429299          0.00158296
                  15            0.434615            0.429653          0.00151658
                  16            0.423342            0.429259          0.00147219
                  17            0.433737            0.429522          0.00140897
                  18             0.43874            0.430034          0.00142071
                  19            0.433899            0.430238          0.00136042
                  20            0.426847            0.430068          0.00130292
