                   1            0.007326            0.007326                   0
                   2            0.009368            0.008347         0.000721956
                   3             0.00326          0.00665133          0.00146578
                   4            0.012894            0.008212          0.00174221
                   5           -0.007802           0.0050092          0.00318574
                   6            0.001966            0.004502          0.00269486
                   7            0.002114          0.00416086          0.00233137
                   8           -0.002986           0.0032675          0.00220448
                   9              0.0117          0.00420444          0.00214944
                  10            0.011058           0.0048898          0.00204084
                  11              0.0039          0.00479982          0.00185729
                  12            0.014258            0.005588          0.00186226
                  13            0.003178          0.00540262          0.00172821
                  14            -0.00581          0.00460171          0.00178071
                  15            0.002316          0.00444933           0.0016685
                  16            0.002128          0.00430425          0.00157051
                  17               9e-05          0.00405635          0.00149757
                  18            -0.00964          0.00329544          0.00159601
                  19             0.00106          0.00317779          0.00151634
                  20            0.010414           0.0035396          0.00148306
