                   1             6.65259             6.65259                   0
                   2             6.71162             6.68211           0.0208699
                   3              6.8887             6.75097           0.0579216
                   4             7.03333             6.82156           0.0749952
                   5             7.22475              6.9022           0.0938158
                   6             7.44729             6.99305            0.113974
                   7             7.14333             7.01451           0.0996932
                   8             7.01052             7.01402           0.0872328
                   9             6.55071             6.96254           0.0914774
                  10             6.38962             6.90525           0.0986523
                  11             6.70023             6.88661           0.0914276
                  12              7.1639             6.90972           0.0866797
                  13             6.44135             6.87369           0.0871786
                  14             6.78947             6.86767           0.0811589
                  15             6.57078             6.84788           0.0781245
                  16             6.89174             6.85062           0.0732898
                  17             6.88341             6.85255            0.069004
                  18             6.54724             6.83559           0.0672227
                  19             6.42433             6.81394            0.067079
                  20             7.05562             6.82603           0.0648043
