                   1           -0.001668           -0.001668                   0
                   2            0.102204            0.050268           0.0367243
                   3           -0.079154          0.00712733            0.042897
                   4           -0.009388           0.0029985           0.0323709
                   5            0.068348           0.0160684            0.028413
                   6             0.06312           0.0239103            0.024736
                   7            0.069132           0.0303706           0.0220297
                   8           -0.022306            0.023786           0.0202362
                   9             0.02485           0.0239042            0.017988
                  10            0.047678           0.0262816           0.0163456
                  11           -0.014676           0.0225582           0.0152778
                  12            0.053358           0.0251248           0.0142186
                  13           -0.033516            0.020614           0.0138219
                  14           -0.055732           0.0151607           0.0138687
                  15            0.008692           0.0147295           0.0129509
                  16           -0.132596          0.00552162           0.0150632
                  17           -0.050192          0.00224435           0.0145293
                  18            -0.06041         -0.00123644           0.0141329
                  19            0.047058          0.00130537           0.0136157
                  20            -0.04641          -0.0010804           0.0131423
