                   1             22.3963             22.3963                   0
                   2             25.5665             23.9814             1.12084
                   3             21.2407             23.0679             1.05581
                   4             22.0471             22.8127            0.822121
                   5             23.6288             22.9759            0.673707
                   6             22.5907             22.9117            0.564473
                   7             24.0454             23.0737            0.506535
                   8             24.2937             23.2262            0.465609
                   9             20.2297             22.8932            0.519444
                  10             24.1485             23.0188            0.482429
                  11             23.1248             23.0284            0.438668
                  12             24.9561              23.189            0.430523
                  13             22.8015             23.1592            0.398437
                  14             27.4205             23.4636            0.472136
                  15             24.4789             23.5313            0.445486
                  16             24.6301                23.6            0.422903
                  17             25.7353             23.7256            0.416262
                  18              25.105             23.8022            0.400129
                  19             22.3192             23.7242            0.386607
                  20             24.1031             23.7431            0.367741
