                   1            0.022418            0.022418                   0
                   2            0.000818            0.011618          0.00763675
                   3           -0.001322          0.00730467          0.00619058
                   4             -0.0006           0.0053285          0.00494831
                   5            0.000208           0.0043044          0.00406324
                   6           -0.002264          0.00320967          0.00353043
                   7             0.00388          0.00330543          0.00302738
                   8           -0.006524          0.00207675          0.00288754
                   9            0.006276          0.00254333          0.00260413
                  10            0.016226           0.0039116          0.00267917
                  11            0.000898          0.00363764          0.00244958
                  12            0.011748           0.0043135          0.00233682
                  13             0.00241          0.00416708          0.00216165
                  14           -0.003784          0.00359914          0.00208052
                  15            0.008596          0.00393227           0.0019683
                  16           -0.004436          0.00340925          0.00191351
                  17            0.002868          0.00337741          0.00180122
                  18            0.001106          0.00325122          0.00170556
                  19           -0.001104            0.003022          0.00163113
                  20            0.013966           0.0035692          0.00163879
