                   1             1.55729             1.55729                   0
                   2             1.54331              1.5503          0.00494301
                   3             1.56697             1.55586           0.0056058
                   4              1.5396             1.55179          0.00548285
                   5             1.52996             1.54743          0.00587288
                   6             1.54979             1.54782          0.00490721
                   7             1.56625             1.55045          0.00486142
                   8             1.53198             1.54814          0.00477056
                   9             1.55564             1.54898          0.00431263
                  10             1.52988             1.54707          0.00428324
                  11             1.54717             1.54708          0.00389387
                  12             1.54601             1.54699           0.0035704
                  13             1.56062             1.54804           0.0034463
                  14             1.55553             1.54857          0.00324145
                  15             1.54319             1.54821          0.00304515
                  16               1.596              1.5512          0.00406349
                  17             1.61148             1.55475          0.00514376
                  18             1.50836             1.55217          0.00546548
                  19             1.54633             1.55186          0.00518646
                  20             1.56945             1.55274          0.00500113
