                   1            0.030542            0.030542                   0
                   2            0.035142            0.032842          0.00162635
                   3            0.034886           0.0335233          0.00121862
                   4            0.036656           0.0343065          0.00113813
                   5            0.023818           0.0322088           0.0020855
                   6            0.033436           0.0324133          0.00174791
                   7             0.03363           0.0325871          0.00150683
                   8            0.027864           0.0319967          0.00142947
                   9            0.032438           0.0320458          0.00127148
                  10            0.032692           0.0321104          0.00114597
                  11            0.038982           0.0327351          0.00120004
                  12            0.038146            0.033186          0.00118172
                  13            0.034346           0.0332752          0.00109418
                  14            0.024018            0.032614          0.00119929
                  15            0.033198           0.0326529          0.00111997
                  16            0.033326            0.032695          0.00105076
                  17            0.037556           0.0329809          0.00102712
                  18             0.02589            0.032587          0.00104287
                  19            0.031922            0.032552         0.000988571
                  20            0.034646           0.0326567         0.000944671
