                   1            0.212367            0.212367                   0
                   2            0.210722            0.211545         0.000581646
                   3            0.213747            0.212279          0.00071398
                   4             0.21398            0.212704         0.000649857
                   5            0.214938            0.213151         0.000655725
                   6            0.215034            0.213465         0.000616992
                   7            0.219073            0.214266         0.000910995
                   8            0.214821            0.214335         0.000799756
                   9            0.221254            0.215104          0.00101524
                  10            0.214343            0.215028         0.000916568
                  11            0.215273             0.21505         0.000833514
                  12            0.216088            0.215137         0.000768526
                  13            0.224093            0.215826         0.000970256
                  14            0.214514            0.215732         0.000905468
                  15            0.221786            0.216136         0.000930709
                  16            0.215182            0.216076         0.000874447
                  17            0.213916            0.215949         0.000832187
                  18            0.213267              0.2158         0.000799181
                  19            0.216053            0.215813          0.00075723
                  20            0.213311            0.215688         0.000729632
