                   1             3.23839             3.23839                   0
                   2             3.21991             3.22915          0.00653367
                   3             3.28084             3.24638           0.0147272
                   4             3.29715             3.25908           0.0155822
                   5             3.13472              3.2342              0.0255
                   6             3.27137              3.2404           0.0219897
                   7             3.30665             3.24986           0.0207853
                   8             3.37654              3.2657           0.0234555
                   9              3.2082             3.25931           0.0217018
                  10              3.2116             3.25454           0.0200493
                  11             3.24385             3.25357           0.0182502
                  12             3.20329             3.24938           0.0172034
                  13             3.30254             3.25347           0.0163589
                  14             3.28978             3.25606           0.0153946
                  15             3.21327             3.25321           0.0146303
                  16             3.35935             3.25984           0.0151455
                  17             3.36398             3.26597           0.0154438
                  18              3.1154              3.2576           0.0166982
                  19             3.17879             3.25345           0.0163264
                  20             3.39422             3.26049           0.0169594
