                   1           -0.838015           -0.838015                   0
                   2            -0.84034           -0.839178         0.000821941
                   3           -0.838089           -0.838815          0.00062291
                   4           -0.840463           -0.839227         0.000587904
                   5           -0.836496           -0.838681         0.000678103
                   6           -0.835687           -0.838182         0.000725809
                   7           -0.839712             -0.8384           0.0006542
                   8           -0.839218           -0.838503         0.000580346
                   9           -0.836672           -0.838299         0.000550368
                  10           -0.837655           -0.838235         0.000499088
                  11           -0.842337           -0.838608         0.000576455
                  12           -0.838199           -0.838574         0.000529419
                  13           -0.835701           -0.838353         0.000532828
                  14            -0.83403           -0.838044         0.000577339
                  15           -0.833592           -0.837747         0.000610377
                  16           -0.832906           -0.837445         0.000642861
                  17           -0.835674            -0.83734         0.000613427
                  18           -0.835976           -0.837265         0.000584013
                  19           -0.833077           -0.837044         0.000593414
                  20           -0.839031           -0.837144         0.000571998
