                   1            0.221366            0.221366                   0
                   2            0.264406            0.242886           0.0152169
                   3            0.200264            0.228679           0.0154104
                   4            0.217766             0.22595           0.0117968
                   5            0.256214            0.232003           0.0108799
                   6            0.226752            0.231128          0.00910175
                   7            0.267788            0.236365          0.00918547
                   8            0.290884             0.24318           0.0102584
                   9             0.23778             0.24258          0.00913612
                  10            0.279344            0.246256          0.00893162
                  11            0.288454            0.250093          0.00890545
                  12            0.253772            0.250399          0.00816861
                  13            0.248234            0.250233          0.00754195
                  14              0.2049            0.246995           0.0076669
                  15            0.234016            0.246129          0.00720443
                  16            0.193704            0.242853          0.00746214
                  17            0.179082            0.239102          0.00791007
                  18            0.214598             0.23774          0.00758685
                  19            0.195034            0.235493          0.00751313
                  20             0.22215            0.234825          0.00716703
