                   1             10.0842             10.0842                   0
                   2             10.7257             10.4049            0.226835
                   3             9.96053             10.2568            0.193646
                   4             10.4743             10.3112            0.152677
                   5             10.9406             10.4371            0.166116
                   6             10.8447              10.505            0.151686
                   7             10.1345             10.4521            0.138942
                   8             10.3814             10.4432            0.121855
                   9              10.656             10.4669            0.110586
                  10              10.483             10.4685           0.0995394
                  11             10.2007             10.4441           0.0934189
                  12             11.2288             10.5095            0.106078
                  13             10.6451               10.52           0.0984295
                  14             10.2093             10.4978           0.0938672
                  15              10.254             10.4815           0.0890052
                  16             10.6954             10.4949           0.0844398
                  17             9.97683             10.4644           0.0847934
                  18             9.96945             10.4369           0.0844236
                  19             10.1307             10.4208           0.0815045
                  20             10.8396             10.4417           0.0800743
