                   1             1.64289             1.64289                   0
                   2             1.62058             1.63174          0.00788791
                   3             1.66794             1.64381            0.011169
                   4             1.62933             1.64019            0.008944
                   5             1.63853             1.63986          0.00716132
                   6             1.64041             1.63995          0.00596835
                   7             1.68075             1.64578          0.00743564
                   8             1.66493             1.64817          0.00688096
                   9              1.6625             1.64976          0.00629786
                  10             1.66733             1.65152          0.00590797
                  11             1.65353              1.6517           0.0053737
                  12             1.60482              1.6478          0.00618495
                  13             1.64681             1.64772          0.00570965
                  14             1.62076             1.64579          0.00561722
                  15             1.68142             1.64817          0.00572293
                  16             1.61097             1.64584          0.00581832
                  17             1.68163             1.64795          0.00584443
                  18             1.63195             1.64706          0.00558691
                  19             1.67006             1.64827           0.0054224
                  20              1.6564             1.64868          0.00516649
