                   1           -0.885635           -0.885635                   0
                   2           -0.893999           -0.889817          0.00295696
                   3            -0.88452           -0.888051          0.00244221
                   4           -0.890198           -0.888588          0.00188972
                   5           -0.888102           -0.888491          0.00151428
                   6           -0.882202           -0.887443          0.00158361
                   7            -0.89143           -0.888012          0.00145621
                   8           -0.892165           -0.888531          0.00136357
                   9           -0.889327            -0.88862          0.00121492
                  10           -0.887791           -0.888537          0.00109625
                  11           -0.885374           -0.888249          0.00103362
                  12           -0.885937           -0.888057         0.000965279
                  13           -0.885271           -0.887842         0.000914494
                  14           -0.881313           -0.887376         0.000960773
                  15           -0.883899           -0.887144         0.000924256
                  16           -0.884606           -0.886985         0.000879999
                  17           -0.886056           -0.886931         0.000829931
                  18           -0.884658           -0.886805         0.000793369
                  19           -0.884128           -0.886664         0.000764016
                  20           -0.890489           -0.886855         0.000749376
