                   1            0.348356            0.348356                   0
                   2            0.420134            0.384245           0.0253774
                   3            0.326598            0.365029           0.0230735
                   4             0.35411            0.362299           0.0174659
                   5            0.339088            0.357657           0.0145766
                   6            0.344508            0.355466           0.0123108
                   7            0.404482            0.362468           0.0123845
                   8            0.437652            0.371866           0.0139539
                   9            0.403136             0.37534           0.0128287
                  10            0.378534             0.37566           0.0115498
                  11            0.375496            0.375645           0.0104998
                  12            0.348836            0.373411          0.00985965
                  13            0.358766            0.372284          0.00916535
                  14            0.300436            0.367152          0.00984317
                  15            0.351962             0.36614          0.00923891
                  16            0.340094            0.364512          0.00880372
                  17            0.377214            0.365259           0.0083175
                  18            0.343912            0.364073          0.00793952
                  19            0.314804             0.36148          0.00793382
                  20            0.384058            0.362609          0.00761702
