                   1            0.001142            0.001142                   0
                   2            0.008642            0.004892          0.00265165
                   3            0.004214            0.004666          0.00177737
                   4            0.007378            0.005344          0.00145662
                   5           -0.006054           0.0030644          0.00234844
                   6            0.002606            0.002988          0.00195828
                   7           -0.000728          0.00245714            0.001749
                   8            0.002926          0.00251575          0.00153135
                   9            0.007392          0.00305756          0.00145389
                  10            0.002746           0.0030264          0.00130884
                  11            0.004472          0.00315782          0.00119643
                  12            0.009618          0.00369617          0.00121181
                  13            0.004164          0.00373215          0.00111913
                  14           -0.006024          0.00303529          0.00123728
                  15            0.001844          0.00295587          0.00115734
                  16            0.003182             0.00297          0.00108509
                  17            0.002308          0.00293106          0.00102196
                  18           -0.007334          0.00236078          0.00111298
                  19            0.005616          0.00253211          0.00106751
                  20            0.009616           0.0028863          0.00107129
