                   1           -0.542268           -0.542268                   0
                   2           -0.541004           -0.541636         0.000446891
                   3           -0.541812           -0.541695         0.000301754
                   4            -0.54212           -0.541801         0.000244333
                   5           -0.541436           -0.541728         0.000206083
                   6             -0.5416           -0.541707         0.000172837
                   7            -0.54198           -0.541746         0.000152493
                   8           -0.542976           -0.541899         0.000196208
                   9           -0.543196           -0.542044         0.000221052
                  10           -0.542668           -0.542106          0.00020758
                  11           -0.538464           -0.541775         0.000367786
                  12           -0.538876           -0.541533         0.000408849
                  13           -0.539348           -0.541365         0.000410505
                  14           -0.542508           -0.541447         0.000389214
                  15            -0.54298           -0.541549         0.000376448
                  16            -0.54088           -0.541507         0.000355235
                  17           -0.540676           -0.541458         0.000337687
                  18           -0.544116           -0.541606         0.000349718
                  19           -0.541104            -0.54158         0.000332309
                  20           -0.541144           -0.541558         0.000316406
