                   1             2.02931             2.02931                   0
                   2             1.91796             1.97364           0.0393683
                   3             2.05833             2.00187           0.0349308
                   4               1.964              1.9924           0.0274511
                   5              2.0487             2.00366           0.0241602
                   6             2.04319             2.01025           0.0210125
                   7             2.06684             2.01833           0.0195041
                   8              2.0601             2.02355           0.0177513
                   9             2.08386             2.03025           0.0169965
                  10             2.06477             2.03371           0.0156435
                  11             2.02971             2.03334           0.0142256
                  12             2.04548             2.03435            0.013076
                  13             1.99015             2.03095           0.0125045
                  14             2.02218             2.03033            0.011627
                  15             2.08547               2.034           0.0114183
                  16             2.10382             2.03837           0.0115083
                  17             2.11735             2.04301           0.0117317
                  18             2.04957             2.04338           0.0110856
                  19             2.01115             2.04168           0.0106311
                  20             2.07403              2.0433           0.0102218
