                   1            0.152988            0.152988                   0
                   2                   0           0.0764938           0.0540892
                   3                   0           0.0509958           0.0416379
                   4                   0           0.0382469           0.0331228
                   5                   0           0.0305975           0.0273672
                   6                   0           0.0254979           0.0232763
                   7                   0           0.0218554           0.0202341
                   8                   0           0.0191234           0.0178883
                   9                   0           0.0169986           0.0160264
                  10                   0           0.0152988           0.0145137
                  11                   0            0.013908           0.0132607
                  12                   0            0.012749           0.0122062
                  13                   0           0.0117683           0.0113066
                  14                   0           0.0109277           0.0105302
                  15                   0           0.0101992          0.00985333
                  16                   0          0.00956172          0.00925809
                  17                   0          0.00899926          0.00873057
                  18                   0          0.00849931          0.00825984
                  19                   0          0.00805197          0.00783722
                  20                   0          0.00764938          0.00745569
