                   1            0.290408            0.290408                   0
                   2            0.287019            0.288713          0.00119793
                   3            0.281917            0.286448          0.00201482
                   4            0.281984            0.285332          0.00179373
                   5            0.286893            0.285644          0.00146191
                   6            0.284145            0.285394          0.00123943
                   7            0.285466            0.285405          0.00106241
                   8             0.28958            0.285926             0.00105
                   9             0.29815            0.287285          0.00158458
                  10            0.292395            0.287796          0.00150627
                  11            0.286083             0.28764          0.00137736
                  12            0.293883             0.28816           0.0013573
                  13            0.289281            0.288247          0.00125563
                  14             0.28237            0.287827          0.00123411
                  15            0.290392            0.287998          0.00116362
                  16            0.293815            0.288361          0.00114629
                  17            0.293409            0.288658          0.00111665
                  18             0.28898            0.288676          0.00105476
                  19            0.282241            0.288337          0.00105223
                  20            0.295681            0.288705          0.00106175
