                   1            -0.57548            -0.57548                   0
                   2           -0.578137           -0.576809         0.000939674
                   3           -0.576752            -0.57679         0.000626636
                   4           -0.575933           -0.576576         0.000505254
                   5           -0.575778           -0.576416         0.000428623
                   6           -0.575768           -0.576308          0.00037054
                   7           -0.576418           -0.576324         0.000317938
                   8            -0.57544           -0.576213         0.000296772
                   9            -0.57645            -0.57624         0.000264961
                  10           -0.573814           -0.575997         0.000331402
                  11            -0.57615           -0.576011         0.000301564
                  12           -0.574206           -0.575861         0.000311691
                  13           -0.576738           -0.575928         0.000294928
                  14            -0.57556           -0.575902         0.000275031
                  15           -0.576761           -0.575959         0.000262594
                  16           -0.577368           -0.576047         0.000260524
                  17           -0.575861           -0.576036         0.000245428
                  18           -0.575122           -0.575985         0.000236991
                  19           -0.577615           -0.576071         0.000239527
                  20            -0.57626           -0.576081         0.000227737
