                   1            -0.23997            -0.23997                   0
                   2            0.225016           -0.007477            0.164397
                   3            0.506422            0.163823            0.177691
                   4            0.313966            0.201358            0.137176
                   5           -0.242612            0.112564            0.135464
                   6           -0.029566            0.088876            0.114939
                   7            -0.39906           0.0191709            0.117774
                   8             0.04699           0.0226482            0.103104
                   9           -0.302462          -0.0134751           0.0977712
                  10            0.431058           0.0309782           0.0975779
                  11           -0.207274          0.00931891           0.0910793
                  12           -0.283844          -0.0151113            0.086704
                  13            0.272688          0.00702708           0.0828126
                  14           -0.464416          -0.0266474           0.0834636
                  15           -0.394118          -0.0511455           0.0814154
                  16            0.134424          -0.0395474           0.0771486
                  17           -0.455912          -0.0640394           0.0763993
                  18           -0.671404          -0.0977819           0.0792567
                  19           -0.143566           -0.100192           0.0751219
                  20           -0.237546           -0.107059           0.0716791
