                   1            0.203384            0.203384                   0
                   2            0.173082            0.188233           0.0107134
                   3            0.163066            0.179844          0.00989589
                   4             0.15175             0.17282          0.00959594
                   5            0.188062            0.175869          0.00814654
                   6            0.195496             0.17914          0.00741653
                   7            0.180232            0.179296          0.00635867
                   8            0.166012            0.177636          0.00577658
                   9            0.193822            0.179434          0.00540747
                  10            0.192198             0.18071           0.0050151
                  11            0.169426            0.179685          0.00466292
                  12            0.199636            0.181347          0.00456114
                  13             0.20566            0.183217          0.00457768
                  14            0.180576            0.183029          0.00425459
                  15             0.18066            0.182871          0.00397388
                  16            0.192158            0.183451          0.00376766
                  17            0.174644            0.182933          0.00358148
                  18            0.170322            0.182233          0.00345036
                  19             0.18855            0.182565          0.00328474
                  20            0.173838            0.182129          0.00314935
