                   1            0.125644            0.125644                   0
                   2            0.142694            0.134169          0.00602809
                   3            0.095832             0.12139           0.0111812
                   4             0.11677            0.120235          0.00844533
                   5            0.103998            0.116988          0.00735415
                   6            0.107334            0.115379            0.006302
                   7            0.110544            0.114688          0.00543943
                   8            0.085894            0.111089          0.00582994
                   9             0.12804            0.112972          0.00547797
                  10            0.121636            0.113839          0.00499821
                  11            0.112976             0.11376          0.00454445
                  12            0.122806            0.114514           0.0042278
                  13            0.125558            0.115364          0.00398702
                  14            0.090492            0.113587          0.00407887
                  15            0.115154            0.113691          0.00380829
                  16            0.100534            0.112869          0.00365798
                  17             0.10594            0.112462          0.00346544
                  18            0.114404            0.112569          0.00327459
                  19            0.117302            0.112819           0.0031117
                  20            0.123254             0.11334          0.00299955
