                   1           -0.718249           -0.718249                   0
                   2           -0.725966           -0.722107          0.00272837
                   3           -0.722237            -0.72215          0.00181925
                   4           -0.721291           -0.721936          0.00137706
                   5           -0.721852           -0.721919          0.00110175
                   6           -0.722683           -0.722046         0.000925448
                   7           -0.721947           -0.722032          0.00079335
                   8           -0.719114           -0.721667         0.000773507
                   9           -0.722589            -0.72177         0.000694306
                  10           -0.719085           -0.721501         0.000674796
                  11           -0.717796           -0.721164         0.000692453
                  12           -0.721204           -0.721168         0.000634757
                  13           -0.720711           -0.721133           0.0005869
                  14           -0.720282           -0.721072         0.000548114
                  15           -0.719763           -0.720984          0.00051847
                  16           -0.722859           -0.721102         0.000499123
                  17           -0.721307           -0.721114         0.000469908
                  18           -0.723256           -0.721233         0.000458628
                  19           -0.720722           -0.721206         0.000435277
                  20           -0.724377           -0.721364         0.000441449
