                   1            0.409133            0.409133                   0
                   2            0.412438            0.410785          0.00116838
                   3            0.405226            0.408932          0.00170171
                   4            0.395983            0.405695          0.00308039
                   5            0.413072             0.40717          0.00279545
                   6            0.404418            0.406712          0.00236688
                   7            0.413809            0.407726          0.00223539
                   8            0.392082             0.40577          0.00267801
                   9            0.406343            0.405834          0.00238121
                  10            0.405334            0.405784          0.00214361
                  11            0.389908            0.404341          0.00238564
                  12            0.412369             0.40501          0.00227871
                  13            0.412456            0.405582          0.00217422
                  14            0.411661            0.406017          0.00206182
                  15            0.414033            0.406551          0.00199242
                  16            0.392211            0.405655          0.00205963
                  17            0.411247            0.405984          0.00196457
                  18            0.406928            0.406036          0.00185613
                  19            0.402532            0.405852          0.00176758
                  20            0.407512            0.405935          0.00168115
