                   1            -0.62404            -0.62404                   0
                   2           -0.623068           -0.623554         0.000343654
                   3           -0.623628           -0.623579         0.000229986
                   4           -0.624936           -0.623918         0.000340754
                   5           -0.622776            -0.62369         0.000340655
                   6            -0.62274           -0.623531         0.000318529
                   7            -0.62212            -0.62333         0.000330735
                   8           -0.624004           -0.623414         0.000299941
                   9            -0.62264           -0.623328         0.000278671
                  10           -0.621752            -0.62317         0.000291987
                  11           -0.620596           -0.622936         0.000346776
                  12             -0.6215           -0.622817         0.000337905
                  13           -0.621488           -0.622714         0.000327004
                  14           -0.622648            -0.62271         0.000303681
                  15           -0.623044           -0.622732         0.000284252
                  16           -0.622524           -0.622719         0.000266784
                  17           -0.622556           -0.622709         0.000251263
                  18           -0.625652           -0.622873         0.000285575
                  19           -0.622464           -0.622851         0.000271354
                  20           -0.622976           -0.622858         0.000257858
