                   1             3.21589             3.21589                   0
                   2               3.063             3.13945            0.054056
                   3             3.13556             3.13815           0.0360529
                   4             3.03082             3.11132           0.0356535
                   5             3.09803             3.10866           0.0286217
                   6             3.09298             3.10605           0.0239704
                   7             3.20926             3.12079           0.0246679
                   8             3.15551             3.12513           0.0219628
                   9              3.1016             3.12252           0.0196775
                  10             3.17371             3.12764           0.0183637
                  11              2.9858             3.11474           0.0207326
                  12             3.25167             3.12615           0.0219211
                  13             3.08278             3.12282           0.0204871
                  14             3.07603             3.11947           0.0192944
                  15             3.24469             3.12782           0.0197316
                  16             3.10986              3.1267           0.0185303
                  17              3.2483             3.13385           0.0187701
                  18             3.13824              3.1341           0.0177289
                  19             3.06538             3.13048           0.0171607
                  20             3.25691              3.1368           0.0174282
