                   1            0.238448            0.238448                   0
                   2            0.233327            0.235888          0.00181073
                   3            0.237187            0.236321          0.00125787
                   4            0.238504            0.236867          0.00105523
                   5            0.242436             0.23798          0.00130579
                   6            0.241282            0.238531          0.00119853
                   7            0.240381            0.238795          0.00105605
                   8            0.238486            0.238756         0.000924753
                   9            0.245515            0.239507          0.00108488
                  10            0.239376            0.239494         0.000976471
                  11            0.238689            0.239421          0.00089044
                  12            0.241049            0.239557         0.000826503
                  13            0.245867            0.240042         0.000894194
                  14            0.235239            0.239699         0.000893714
                  15            0.244141            0.239995         0.000881837
                  16            0.240357            0.240018         0.000827013
                  17            0.240836            0.240066         0.000779766
                  18            0.237088            0.239901         0.000753791
                  19            0.234922            0.239638         0.000758292
                  20            0.237217            0.239517         0.000729982
