                   1             1.78218             1.78218                   0
                   2             1.69741             1.73979           0.0299708
                   3             1.79901             1.75953           0.0256709
                   4             1.74286             1.75536           0.0195885
                   5             1.78528             1.76135           0.0165594
                   6             1.77265             1.76323           0.0139063
                   7             1.83092              1.7729           0.0149072
                   8              1.8349             1.78065           0.0149227
                   9              1.7946              1.7822           0.0133449
                  10             1.80077             1.78406            0.012139
                  11             1.82223             1.78753           0.0115209
                  12             1.79729             1.78834           0.0105895
                  13             1.76915             1.78687          0.00987734
                  14             1.78938             1.78704          0.00917345
                  15             1.82711             1.78972          0.00894231
                  16             1.87597             1.79511          0.00987572
                  17             1.88067             1.80014           0.0104992
                  18             1.82018             1.80125          0.00997481
                  19             1.78108             1.80019          0.00950617
                  20             1.82155             1.80126          0.00909062
