                   1           -0.991976           -0.991976                   0
                   2           -0.995552           -0.993764          0.00126431
                   3           -0.993984           -0.993837         0.000844995
                   4           -0.994796           -0.994077         0.000666869
                   5           -0.995012           -0.994264           0.0005591
                   6           -0.995512           -0.994472         0.000503122
                   7           -0.995508            -0.99462         0.000452492
                   8           -0.991756           -0.994262          0.00051856
                   9            -0.99206           -0.994017          0.00051544
                  10           -0.991552           -0.993771         0.000519519
                  11           -0.993992           -0.993791         0.000472679
                  12            -0.99514           -0.993903         0.000446459
                  13           -0.995104           -0.993996         0.000421561
                  14           -0.996024           -0.994141           0.0004156
                  15             -0.9909           -0.993925         0.000440479
                  16           -0.993472           -0.993896         0.000413856
                  17           -0.996668           -0.994059         0.000420404
                  18           -0.997308            -0.99424         0.000434064
                  19           -0.992512           -0.994149         0.000420636
                  20           -0.994564            -0.99417         0.000400116
