                   1             110.911             110.911                   0
                   2             115.087             112.999             1.47631
                   3             112.745             112.915             0.98663
                   4             114.874             113.405            0.852978
                   5             114.535             113.631            0.711737
                   6             114.949              113.85            0.626109
                   7             115.113             114.031            0.562054
                   8             110.372             113.574            0.651802
                   9             110.758             113.261            0.650133
                  10             109.824             112.917            0.669842
                  11             113.128             112.936            0.609222
                  12             115.295             113.133            0.589303
                  13               113.8             113.184            0.546201
                  14             115.671             113.362            0.535294
                  15             108.693              113.05            0.583122
                  16             112.952             113.044            0.546709
                  17             116.187             113.229            0.544919
                  18             117.195             113.449            0.557413
                  19             111.598             113.352            0.536527
                  20             113.881             113.378            0.510353
