                   1             0.17912             0.17912                   0
                   2            0.095798            0.137459           0.0294588
                   3            0.127428            0.134116            0.019828
                   4            0.115952            0.129575           0.0153822
                   5            0.110952             0.12585           0.0127487
                   6           0.0964223            0.120946           0.0115288
                   7             0.09614            0.117402           0.0104122
                   8            0.169852            0.123958           0.0109825
                   9            0.169432            0.129011           0.0108625
                  10             0.17714            0.133824             0.01079
                  11            0.129633            0.133443          0.00981579
                  12            0.112217            0.131674          0.00915579
                  13            0.107128            0.129786          0.00864399
                  14           0.0867663            0.126713          0.00855532
                  15            0.188138            0.130808          0.00891127
                  16             0.13613            0.131141          0.00836052
                  17           0.0754926            0.127867          0.00848538
                  18            0.059896            0.124091          0.00881425
                  19            0.164425            0.126214          0.00860217
                  20            0.115978            0.125702          0.00818728
