                   1             352.228             352.228                   0
                   2             357.143             354.686             1.73761
                   3             357.143             355.505             1.33762
                   4             357.143             355.914             1.06407
                   5             357.143              356.16            0.879171
                   6             357.143             356.324             0.74775
                   7             357.143             356.441             0.65002
                   8             357.143             356.529            0.574662
                   9             357.143             356.597            0.514849
                  10             357.143             356.651            0.466251
                  11             357.143             356.696               0.426
                  12             357.143             356.733            0.392123
                  13             357.143             356.765            0.363223
                  14             357.143             356.792            0.338281
                  15             357.143             356.815            0.316538
                  16             357.143             356.836            0.297416
                  17             357.143             356.854            0.280469
                  18             357.143              356.87            0.265347
                  19             357.143             356.884             0.25177
                  20             357.143             356.897            0.239514
