                   1            0.329579            0.329579                   0
                   2                   0            0.164789            0.116524
                   3                   0             0.10986              0.0897
                   4                   0           0.0823947           0.0713559
                   5                   0           0.0659158           0.0589569
                   6                   0           0.0549298           0.0501438
                   7                   0           0.0470827           0.0435901
                   8                   0           0.0411974           0.0385366
                   9                   0           0.0366199           0.0345256
                  10                   0           0.0329579           0.0312666
                  11                   0           0.0299617           0.0285674
                  12                   0           0.0274649           0.0262957
                  13                   0           0.0253522           0.0243576
                  14                   0           0.0235414            0.022685
                  15                   0           0.0219719           0.0212269
                  16                   0           0.0205987           0.0199446
                  17                   0            0.019387           0.0188081
                  18                   0           0.0183099           0.0177941
                  19                   0           0.0173463           0.0168836
                  20                   0           0.0164789           0.0160617
