                   1             7.94218             7.94218                   0
                   2             7.38615             7.66417            0.196586
                   3             7.72917             7.68584            0.132246
                   4             7.93365             7.74779            0.112767
                   5             7.51113             7.70046            0.099653
                   6             8.03849              7.7568           0.0976802
                   7             8.02357             7.79491           0.0908566
                   8             7.74674             7.78889           0.0796988
                   9             7.37238             7.74261           0.0832019
                  10             7.70237             7.73858           0.0749789
                  11             7.75029             7.73965           0.0681702
                  12             7.90079             7.75308           0.0637982
                  13             7.43756             7.72881           0.0633392
                  14             7.32584             7.70002            0.065027
                  15             7.58061             7.69206           0.0611772
                  16              7.7588             7.69623           0.0574957
                  17             7.43418             7.68082            0.056142
                  18             7.65368             7.67931           0.0530432
                  19             7.50046              7.6699           0.0510799
                  20             7.73545             7.67318           0.0486309
