                   1           -0.765292           -0.765292                   0
                   2           -0.767112           -0.766202         0.000643467
                   3           -0.767464           -0.766623         0.000549541
                   4           -0.768224           -0.767023         0.000538584
                   5            -0.76634           -0.766886         0.000447855
                   6            -0.76682           -0.766875         0.000373349
                   7           -0.766624           -0.766839         0.000321736
                   8           -0.766408           -0.766786         0.000286003
                   9           -0.764364           -0.766516         0.000359134
                  10           -0.764376           -0.766302         0.000381714
                  11           -0.765076           -0.766191          0.00036293
                  12           -0.764464           -0.766047         0.000360088
                  13           -0.762976           -0.765811         0.000402486
                  14           -0.764256             -0.7657         0.000388756
                  15           -0.766732           -0.765769          0.00036888
                  16            -0.76602           -0.765784          0.00034616
                  17           -0.764244           -0.765694         0.000337446
                  18           -0.765848           -0.765702         0.000318808
                  19           -0.765252           -0.765679         0.000302908
                  20           -0.768852           -0.765837         0.000326689
