                   1           -0.811229           -0.811229                   0
                   2           -0.813959           -0.812594         0.000965073
                   3           -0.808996           -0.811395          0.00117158
                   4           -0.808612           -0.810699          0.00106538
                   5           -0.810336           -0.810626         0.000854781
                   6           -0.807947            -0.81018         0.000820721
                   7           -0.810094           -0.810167         0.000703568
                   8           -0.805404           -0.809572         0.000830194
                   9           -0.806571           -0.809238         0.000802136
                  10           -0.812655            -0.80958         0.000791354
                  11           -0.806526           -0.809303         0.000766574
                  12           -0.809931           -0.809355         0.000704477
                  13           -0.807776           -0.809233         0.000660672
                  14           -0.810608           -0.809332         0.000620738
                  15           -0.812283           -0.809528         0.000609739
                  16             -0.8085           -0.809464         0.000575005
                  17            -0.81056           -0.809529         0.000544782
                  18           -0.808882           -0.809493         0.000515699
                  19           -0.807886           -0.809408         0.000495441
                  20           -0.815484           -0.809712         0.000556061
