                   1            0.232048            0.232048                   0
                   2             0.22693            0.229489          0.00180949
                   3            0.200414            0.219797          0.00800463
                   4              0.2032            0.215648          0.00699674
                   5            0.209382            0.214395          0.00570852
                   6            0.200344            0.212053          0.00521537
                   7            0.210878            0.211885          0.00447302
                   8            0.204394            0.210949           0.0040107
                   9            0.184334            0.207992          0.00452582
                  10            0.234364            0.210629          0.00478025
                  11            0.222702            0.211726          0.00446991
                  12            0.194928            0.210326          0.00431105
                  13              0.1826            0.208194          0.00447603
                  14            0.151218            0.204124          0.00571439
                  15             0.20154            0.203952          0.00533603
                  16            0.149816            0.200568          0.00597978
                  17             0.20259            0.200687          0.00562921
                  18              0.1817            0.199632          0.00541441
                  19              0.2125             0.20031          0.00517162
                  20            0.263396            0.203464          0.00579571
