                   1            0.392655            0.392655                   0
                   2            0.386584            0.389619          0.00214638
                   3             0.38479            0.388009          0.00194301
                   4            0.378637            0.385666          0.00249815
                   5            0.388519            0.386237          0.00206264
                   6            0.387538            0.386454          0.00173024
                   7            0.396212            0.387848          0.00196605
                   8            0.383074            0.387251          0.00180859
                   9            0.388594              0.3874          0.00161378
                  10            0.390364            0.387697          0.00147937
                  11            0.376392            0.386669          0.00166399
                  12            0.396324            0.387474          0.00170882
                  13            0.387511            0.387477          0.00157737
                  14            0.403207              0.3886          0.00182145
                  15            0.394938            0.389023          0.00174834
                  16            0.379063              0.3884          0.00174637
                  17            0.395309            0.388807          0.00169028
                  18            0.394889            0.389145           0.0016298
                  19            0.390427            0.389212          0.00154542
                  20            0.388349            0.389169          0.00146875
