                   1             1.71647             1.71647                   0
                   2             1.69326             1.70487          0.00820478
                   3             1.74409             1.71794            0.011996
                   4             1.67777              1.7079           0.0125129
                   5               1.681             1.70252            0.011107
                   6             1.64914             1.69362           0.0123139
                   7             1.70653             1.69547           0.0106919
                   8             1.67415              1.6928          0.00968185
                   9             1.70596             1.69426          0.00871572
                  10             1.69653             1.69449           0.0078471
                  11              1.7282             1.69755          0.00770907
                  12             1.69362             1.69723           0.0070736
                  13             1.69894             1.69736          0.00653071
                  14             1.66391             1.69497          0.00648651
                  15             1.75409             1.69891          0.00715199
                  16             1.72524             1.70056          0.00689176
                  17             1.69756             1.70038          0.00648862
                  18             1.68199             1.69936          0.00620804
                  19             1.73065             1.70101           0.0060959
                  20             1.76569             1.70424          0.00659344
