                   1           -0.502918           -0.502918                   0
                   2           -0.505431           -0.504174          0.00088831
                   3           -0.503266           -0.503872         0.000641728
                   4           -0.502695           -0.503577         0.000544601
                   5            -0.50201           -0.503264         0.000518118
                   6           -0.503841            -0.50336           0.0004406
                   7           -0.505692           -0.503693         0.000487635
                   8           -0.501342           -0.503399          0.00050756
                   9           -0.503738           -0.503437          0.00045256
                  10           -0.502936           -0.503387         0.000410064
                  11           -0.502798           -0.503333         0.000376267
                  12           -0.502374           -0.503253         0.000353308
                  13           -0.503632           -0.503283         0.000327331
                  14           -0.502982           -0.503261         0.000304651
                  15           -0.505465           -0.503408         0.000317808
                  16           -0.504985           -0.503507         0.000312861
                  17           -0.504004           -0.503536         0.000295824
                  18           -0.503996           -0.503562         0.000280492
                  19           -0.502961            -0.50353         0.000267506
                  20           -0.504612           -0.503584         0.000259541
