                   1             311.373             311.373                   0
                   2               312.5             311.936            0.398561
                   3               312.5             312.124            0.306812
                   4               312.5             312.218            0.244068
                   5               312.5             312.275            0.201658
                   6               312.5             312.312            0.171513
                   7               312.5             312.339            0.149097
                   8               312.5             312.359            0.131812
                   9               312.5             312.375            0.118092
                  10               312.5             312.387            0.106945
                  11               312.5             312.398           0.0977126
                  12               312.5             312.406           0.0899423
                  13               312.5             312.413           0.0833134
                  14               312.5             312.419           0.0775924
                  15               312.5             312.425            0.072605
                  16               312.5              312.43            0.068219
                  17               312.5             312.434           0.0643319
                  18               312.5             312.437           0.0608633
                  19               312.5             312.441           0.0577491
                  20               312.5             312.444           0.0549378
