                   1              356.66              356.66                   0
                   2             357.143             356.901            0.170716
                   3             357.143             356.982            0.131417
                   4             357.143             357.022            0.104542
                   5             357.143             357.046           0.0863761
                   6             357.143             357.062           0.0734644
                   7             357.143             357.074           0.0638627
                   8             357.143             357.082           0.0564589
                   9             357.143             357.089           0.0505825
                  10             357.143             357.095           0.0458079
                  11             357.143             357.099           0.0418533
                  12             357.143             357.103            0.038525
                  13             357.143             357.106           0.0356857
                  14             357.143             357.108           0.0332352
                  15             357.143             357.111            0.031099
                  16             357.143             357.113           0.0292203
                  17             357.143             357.114           0.0275553
                  18             357.143             357.116           0.0260696
                  19             357.143             357.117           0.0247357
                  20             357.143             357.119           0.0235315
