                   1            0.166663            0.166663                   0
                   2         -5.6644e-13           0.0833315           0.0589243
                   3         -5.6644e-13           0.0555543           0.0453599
                   4         -5.6644e-13           0.0416657           0.0360836
                   5         -5.6644e-13           0.0333326           0.0298136
                   6         -5.6644e-13           0.0277772            0.025357
                   7         -5.6644e-13            0.023809           0.0220428
                   8         -5.6644e-13           0.0208329           0.0194874
                   9         -5.6644e-13           0.0185181            0.017459
                  10         -5.6644e-13           0.0166663            0.015811
                  11         -5.6644e-13           0.0151512           0.0144461
                  12         -5.6644e-13           0.0138886           0.0132973
                  13         -5.6644e-13           0.0128202           0.0123173
                  14         -5.6644e-13           0.0119045           0.0114715
                  15         -5.6644e-13           0.0111109           0.0107341
                  16         -5.6644e-13           0.0104164           0.0100857
                  17         -5.6644e-13          0.00980371          0.00951099
                  18         -5.6644e-13          0.00925906          0.00899818
                  19         -5.6644e-13          0.00877174          0.00853778
                  20         -5.6644e-13          0.00833315          0.00812215
