                   1           -0.547192           -0.547192                   0
                   2            -0.54934           -0.548266         0.000759433
                   3           -0.546332           -0.547621         0.000730337
                   4           -0.546356           -0.547305          0.00061244
                   5           -0.545708           -0.546986         0.000567156
                   6           -0.545748           -0.546779         0.000508757
                   7           -0.547256           -0.546847         0.000440611
                   8           -0.545436           -0.546671         0.000419373
                   9           -0.545616           -0.546554         0.000388814
                  10           -0.543908           -0.546289         0.000430643
                  11           -0.547292            -0.54638         0.000401027
                  12            -0.54452           -0.546225         0.000396443
                  13           -0.548036           -0.546365         0.000389647
                  14           -0.545992           -0.546338         0.000362723
                  15           -0.548464            -0.54648         0.000365184
                  16           -0.548208           -0.546588         0.000357979
                  17            -0.54574           -0.546538         0.000340377
                  18           -0.547024           -0.546565         0.000322537
                  19            -0.54682           -0.546578         0.000305841
                  20           -0.546444           -0.546572         0.000290622
