                   1             4.04021             4.04021                   0
                   2             3.87996             3.96008           0.0566579
                   3             3.98486             3.96834            0.038369
                   4             4.03726             3.98557           0.0324155
                   5             4.13546             4.01555           0.0373015
                   6             3.97342             4.00853           0.0317384
                   7             3.77925             3.97578           0.0407387
                   8             3.93997              3.9713           0.0358914
                   9             3.99856             3.97433            0.032031
                  10             4.00156             3.97705           0.0289434
                  11             3.87579             3.96785           0.0277377
                  12             3.90395             3.96252           0.0259323
                  13             3.82247             3.95175           0.0260794
                  14             4.04892             3.95869           0.0251232
                  15             4.05846             3.96534           0.0243129
                  16             3.98596             3.96663           0.0228275
                  17             4.09853             3.97439           0.0227652
                  18             3.95505             3.97331           0.0215258
                  19             4.10825             3.98042           0.0215326
                  20             3.89936             3.97636           0.0208339
