                   1           -0.587224           -0.587224                   0
                   2           -0.585544           -0.586384          0.00059397
                   3           -0.585824           -0.586197         0.000424299
                   4           -0.586752           -0.586336         0.000340129
                   5           -0.585812           -0.586231         0.000287796
                   6           -0.584872           -0.586005         0.000316675
                   7           -0.584936           -0.585852         0.000306031
                   8           -0.587724           -0.586086         0.000345855
                   9           -0.586552           -0.586138         0.000311279
                  10            -0.58522           -0.586046         0.000293369
                  11           -0.583496           -0.585814         0.000346385
                  12           -0.584372           -0.585694         0.000337726
                  13           -0.583372           -0.585515         0.000355859
                  14             -0.5864           -0.585579         0.000336003
                  15           -0.586732           -0.585655         0.000322282
                  16            -0.58522           -0.585628         0.000303286
                  17           -0.586028           -0.585652         0.000286356
                  18             -0.5876            -0.58576         0.000290182
                  19            -0.58616           -0.585781         0.000275672
                  20            -0.58604           -0.585794         0.000262193
