                   1            0.298422            0.298422                   0
                   2            0.295777              0.2971         0.000935041
                   3            0.296217            0.296806         0.000668018
                   4             0.29274            0.295789          0.00101278
                   5              0.2975            0.296131         0.000866072
                   6            0.298457            0.296519         0.000803824
                   7            0.297463            0.296654         0.000700216
                   8             0.29492            0.296437         0.000645341
                   9            0.305304            0.297422          0.00109172
                  10            0.299665            0.297647          0.00100531
                  11            0.298126             0.29769         0.000914861
                  12            0.308467            0.298588           0.0012011
                  13            0.298213            0.298559          0.00110906
                  14            0.298077            0.298525          0.00103037
                  15            0.294768            0.298274          0.00099166
                  16             0.30112            0.298452         0.000945499
                  17            0.301586            0.298637         0.000907673
                  18            0.290592             0.29819         0.000960991
                  19            0.290246            0.297772         0.000997227
                  20            0.298704            0.297818         0.000948453
