                   1            0.675106            0.675106                   0
                   2            0.710998            0.693052           0.0126897
                   3            0.556554            0.647553           0.0381011
                   4            0.644302             0.64674           0.0285845
                   5              0.6325            0.643892            0.023009
                   6            0.664086            0.647258           0.0194188
                   7            0.643454            0.646714           0.0166523
                   8            0.639384            0.645798           0.0145959
                   9            0.709932            0.652924           0.0146105
                  10            0.661164            0.653748           0.0131727
                  11            0.705894            0.658489           0.0127998
                  12            0.558078            0.650121           0.0142073
                  13            0.614846            0.647408            0.013371
                  14            0.789474            0.657555           0.0158043
                  15            0.773226            0.665267           0.0165252
                  16            0.545494            0.657781           0.0171041
                  17            0.604712            0.654659           0.0163803
                  18            0.510434            0.646647           0.0173195
                  19             0.59221            0.643781           0.0166432
                  20             0.61234            0.642209           0.0158851
