                   1             124.413             124.413                   0
                   2              128.64             126.527             1.49445
                   3             128.739             127.264             1.16414
                   4             131.391             128.296             1.24923
                   5             130.553             128.747             1.07783
                   6             129.851             128.931            0.913748
                   7             129.373             128.994            0.785385
                   8             131.503             129.308             0.74718
                   9              120.06              128.28             1.17462
                  10              125.71             128.023             1.08491
                  11             125.716             127.814             1.00636
                  12             131.009              128.08            0.957089
                  13             131.164             128.317            0.912404
                  14             127.437             128.254            0.849395
                  15             131.509             128.471             0.82002
                  16             131.265             128.646            0.787137
                  17              129.01             128.667            0.741126
                  18             131.327             128.815            0.714529
                  19             130.509             128.904            0.682463
                  20             128.971             128.908            0.648348
