                   1           -0.507017           -0.507017                   0
                   2           -0.509999           -0.508508          0.00105445
                   3           -0.508624           -0.508547         0.000703669
                   4           -0.506851           -0.508123         0.000642903
                   5           -0.507111            -0.50792         0.000545251
                   6           -0.508416           -0.508003         0.000460597
                   7           -0.510678           -0.508385         0.000530087
                   8            -0.50531           -0.508001         0.000586835
                   9           -0.507904            -0.50799         0.000521731
                  10            -0.50725           -0.507916         0.000474779
                  11           -0.506777           -0.507812         0.000442765
                  12            -0.50726           -0.507766         0.000408255
                  13           -0.508452           -0.507819          0.00038024
                  14           -0.507679           -0.507809         0.000353211
                  15           -0.509906           -0.507949         0.000356266
                  16           -0.510299           -0.508096         0.000363012
                  17           -0.507955           -0.508087         0.000341753
                  18           -0.508487            -0.50811         0.000323486
                  19           -0.509168           -0.508165         0.000311217
                  20           -0.510367           -0.508275          0.00031453
