                   1            0.401281            0.401281                   0
                   2            0.398066            0.399673          0.00113644
                   3            0.388586            0.395978           0.0031112
                   4            0.382831            0.392691          0.00368052
                   5            0.401657            0.394484          0.00335294
                   6            0.391028            0.393908          0.00284317
                   7            0.403328            0.395254          0.00273702
                   8            0.379307            0.393261          0.00303522
                   9            0.394704            0.393421           0.0027022
                  10             0.39456            0.393535          0.00243438
                  11            0.377142            0.392045          0.00262997
                  12            0.407283            0.393314          0.00270004
                  13            0.404909            0.394206          0.00263553
                  14            0.397493            0.394441          0.00245771
                  15            0.404689            0.395124          0.00238694
                  16             0.38703            0.394618          0.00229073
                  17             0.39728            0.394775          0.00216133
                  18             0.38541            0.394255          0.00210294
                  19            0.390055            0.394034          0.00200384
                  20            0.400022            0.394333          0.00192589
