                   1            0.114378            0.114378                   0
                   2            0.130708            0.122543          0.00577353
                   3            0.092958            0.112681          0.00892468
                   4            0.104396             0.11061          0.00692971
                   5             0.09371             0.10723           0.0063145
                   6            0.088196            0.104058          0.00600632
                   7             0.08857            0.101845          0.00554082
                   8            0.080114           0.0991287          0.00547372
                   9            0.111314            0.100483          0.00503019
                  10             0.12385            0.102819          0.00504079
                  11             0.10036            0.102596          0.00458749
                  12            0.109558            0.103176          0.00424173
                  13            0.118598            0.104362          0.00407796
                  14            0.090952            0.103404          0.00389755
                  15            0.111884             0.10397          0.00367849
                  16             0.09757             0.10357          0.00347026
                  17            0.095532            0.103097          0.00329818
                  18            0.095572            0.102679          0.00314133
                  19             0.10746            0.102931          0.00298606
                  20            0.113928             0.10348          0.00288694
