                   1           -0.012018           -0.012018                   0
                   2           -0.003308           -0.007663          0.00307945
                   3            0.003442         -0.00396133          0.00365371
                   4           -0.004776           -0.004165          0.00274595
                   5           -0.003648          -0.0040616          0.00219871
                   6            -0.00321         -0.00391967          0.00183683
                   7            0.003052         -0.00292371          0.00182456
                   8             0.00533           -0.001892          0.00186552
                   9           -0.003852         -0.00210978           0.0016709
                  10            0.000482          -0.0018506          0.00152378
                  11           -0.003246         -0.00197745          0.00139053
                  12           -0.002506          -0.0020215          0.00127535
                  13           -0.008436         -0.00251492          0.00126911
                  14             0.00362         -0.00207671          0.00125183
                  15           -0.002004         -0.00207187          0.00116838
                  16             0.00103           -0.001878          0.00111133
                  17            0.006052         -0.00141153          0.00113966
                  18            0.006238        -0.000986556          0.00115286
                  19           -0.006536         -0.00127863          0.00112857
                  20           -0.005542          -0.0014918          0.00109209
