                   1            -0.59344            -0.59344                   0
                   2           -0.593804           -0.593622         0.000128693
                   3            -0.59284           -0.593361         0.000229475
                   4           -0.590868           -0.592738         0.000566594
                   5           -0.592688           -0.592728         0.000453364
                   6           -0.590584           -0.592371          0.00049914
                   7           -0.591864           -0.592298         0.000433051
                   8           -0.590664           -0.592094         0.000424377
                   9           -0.592048           -0.592089         0.000377255
                  10           -0.588532           -0.591733         0.000478689
                  11           -0.594276           -0.591964         0.000487805
                  12           -0.588052           -0.591638          0.00054533
                  13           -0.590708           -0.591567         0.000508056
                  14           -0.591256           -0.591545         0.000472251
                  15           -0.592888           -0.591634          0.00044918
                  16           -0.592612           -0.591695         0.000425243
                  17           -0.593172           -0.591782         0.000409005
                  18           -0.592076           -0.591798         0.000386609
                  19           -0.592164           -0.591818         0.000366739
                  20           -0.592176           -0.591836          0.00034884
