                   1            0.306032            0.306032                   0
                   2             0.30089            0.303461          0.00181805
                   3             0.30205            0.302991          0.00127137
                   4            0.295761            0.301183           0.0018328
                   5            0.300652            0.301077          0.00146932
                   6            0.295528            0.300152          0.00148726
                   7             0.29975            0.300095           0.0012759
                   8            0.302227            0.300361          0.00114391
                   9            0.307786            0.301186          0.00128016
                  10            0.297906            0.300858          0.00119344
                  11            0.301627            0.300928          0.00108699
                  12            0.303391            0.301133           0.0010156
                  13            0.305437            0.301464         0.000989969
                  14            0.294019            0.300933          0.00105246
                  15            0.304154            0.301147          0.00100397
                  16            0.305461            0.301417         0.000976756
                  17            0.305275            0.301644         0.000945297
                  18            0.305256            0.301845         0.000913837
                  19            0.301882            0.301847         0.000865742
                  20            0.303656            0.301937         0.000827171
