                   1           -0.023854           -0.023854                   0
                   2            -0.00873           -0.016292          0.00534714
                   3           -0.004234          -0.0122727          0.00484536
                   4            0.006756          -0.0075155          0.00549355
                   5           -0.029052          -0.0118228          0.00584439
                   6            0.017134         -0.00699667          0.00656732
                   7            0.008154         -0.00483229          0.00597515
                   8            0.002292         -0.00394175          0.00529421
                   9             0.00987         -0.00240711          0.00492336
                  10             0.01311          -0.0008554          0.00466916
                  11           -0.016508         -0.00227836          0.00445625
                  12            -0.02013           -0.003766          0.00432608
                  13            0.001726         -0.00334354          0.00401388
                  14            0.017684         -0.00184157          0.00399832
                  15            0.011456        -0.000955067          0.00382879
                  16           -0.003504         -0.00111437           0.0035928
                  17           -0.020902         -0.00227835          0.00356503
                  18           -0.009166           -0.002661          0.00338744
                  19            0.008574         -0.00206968          0.00326036
                  20            -0.00162          -0.0020472          0.00309742
