                   1             6.80466             6.80466                   0
                   2             6.98096             6.89281           0.0623325
                   3             6.26848              6.6847            0.174929
                   4             6.23549              6.5724            0.163315
                   5             6.65645             6.58921            0.131514
                   6              6.4093             6.55922            0.112961
                   7             6.65553             6.57298           0.0976583
                   8             5.86934             6.48503            0.118621
                   9             6.55456             6.49275            0.105693
                  10             6.42078             6.48556            0.095368
                  11             6.57427             6.49362           0.0870386
                  12             6.83399             6.52199           0.0842803
                  13             6.32327              6.5067           0.0791713
                  14             6.48381             6.50506           0.0735331
                  15             6.95328             6.53495           0.0744551
                  16             6.66774             6.54324           0.0702627
                  17             6.29435              6.5286           0.0676378
                  18             6.86006             6.54702           0.0663394
                  19             6.43174             6.54095           0.0631247
                  20             7.16201               6.572           0.0671735
