                   1            0.429891            0.429891                   0
                   2            0.411386            0.420638          0.00654251
                   3            0.413997            0.418424          0.00472135
                   4            0.431836            0.421777          0.00457931
                   5            0.429105            0.423243          0.00389093
                   6            0.419739            0.422659          0.00328597
                   7            0.426355            0.423187          0.00285864
                   8            0.405896            0.421026          0.00321621
                   9            0.429336            0.421949          0.00298845
                  10            0.426245            0.422378          0.00272031
                  11            0.422267            0.422368          0.00247303
                  12            0.423756            0.422484          0.00226965
                  13            0.427749            0.422889          0.00213089
                  14            0.418462            0.422573          0.00200201
                  15            0.419669            0.422379          0.00187788
                  16            0.420002            0.422231          0.00176638
                  17            0.421226            0.422172          0.00166346
                  18            0.423126            0.422225          0.00157189
                  19            0.426027            0.422425          0.00150185
                  20            0.431174            0.422862          0.00148911
