                   1            0.007888            0.007888                   0
                   2            0.008898            0.008393         0.000357089
                   3           -0.006132          0.00355133          0.00396037
                   4             0.02917            0.009956          0.00629185
                   5           -0.022152           0.0035344          0.00763711
                   6            0.032814          0.00841433          0.00776843
                   7            0.016174          0.00952286          0.00673729
                   8            0.002896           0.0086945          0.00594583
                   9            -0.00131          0.00758289          0.00538809
                  10           -0.010294           0.0057952          0.00513729
                  11            -0.02312          0.00316655          0.00530029
                  12           -0.020238          0.00121617          0.00520509
                  13           -0.007932         0.000512462          0.00485203
                  14           -0.018846        -0.000870286          0.00469836
                  15           -0.002964         -0.00100987          0.00438721
                  16            0.011944         -0.00020025          0.00418705
                  17             0.02291          0.00115918          0.00415558
                  18            0.004874          0.00136556          0.00392983
                  19            0.026742          0.00270116          0.00394344
                  20           -0.026576           0.0012373          0.00400877
