                   1            0.146154            0.146154                   0
                   2            0.169014            0.157584          0.00808223
                   3            0.128802             0.14799          0.00950765
                   4            0.139184            0.145788          0.00738122
                   5            0.138556            0.144342          0.00604505
                   6            0.133314            0.142504          0.00530962
                   7              0.1315            0.140932          0.00477814
                   8            0.113176            0.137462          0.00529268
                   9            0.158766             0.13983          0.00520708
                  10            0.162868            0.142133          0.00517098
                  11            0.152334            0.143061          0.00478332
                  12             0.14515            0.143235          0.00438788
                  13             0.14329            0.143239          0.00405035
                  14            0.102004            0.140294          0.00471179
                  15            0.151642             0.14105          0.00445799
                  16             0.12977            0.140345          0.00423475
                  17            0.111848            0.138669          0.00430466
                  18            0.139682            0.138725          0.00406588
                  19            0.153458            0.139501          0.00392513
                  20             0.16618            0.140835          0.00394905
