                   1           -0.630492           -0.630492                   0
                   2           -0.633092           -0.631792         0.000919239
                   3           -0.631308           -0.631631         0.000626824
                   4            -0.63102           -0.631478         0.000488355
                   5           -0.628592           -0.630901         0.000647427
                   6           -0.628748           -0.630542         0.000631162
                   7           -0.629148           -0.630343          0.00057155
                   8            -0.62942           -0.630227         0.000511615
                   9           -0.630292           -0.630235         0.000454819
                  10           -0.628284            -0.63004         0.000449225
                  11           -0.629756           -0.630014         0.000409125
                  12           -0.627556           -0.629809         0.000423206
                  13           -0.631748           -0.629958         0.000416106
                  14           -0.630052           -0.629965         0.000386438
                  15           -0.630972           -0.630032         0.000366462
                  16           -0.631004           -0.630093         0.000348557
                  17           -0.631044           -0.630149         0.000332515
                  18           -0.628092           -0.630034         0.000333096
                  19            -0.63094           -0.630082         0.000318956
                  20           -0.631544           -0.630155         0.000311271
