                   1            0.337413            0.337413                   0
                   2            0.332755            0.335084          0.00164699
                   3            0.328919            0.333029          0.00200532
                   4            0.326268            0.331339           0.0020987
                   5            0.327228            0.330517          0.00183295
                   6            0.330801            0.330564          0.00152807
                   7            0.334082            0.331067          0.00138994
                   8            0.328131              0.3307           0.0012637
                   9            0.335394            0.331221          0.00122622
                  10            0.328472            0.330946            0.001134
                  11            0.329482            0.330813          0.00103869
                  12            0.328797            0.330645         0.000965621
                  13            0.338974            0.331286           0.0010832
                  14            0.328347            0.331076          0.00102598
                  15            0.329563            0.330975         0.000962522
                  16            0.329684            0.330894          0.00090574
                  17            0.337342            0.331274         0.000928475
                  18            0.326136            0.330988         0.000919728
                  19            0.332216            0.331053         0.000873588
                  20            0.333367            0.331169         0.000837534
