                   1           -0.998584           -0.998584                   0
                   2                  -1           -0.999292         0.000500632
                   3                  -1           -0.999528         0.000385386
                   4           -0.999904           -0.999622         0.000300285
                   5                  -1           -0.999698         0.000249563
                   6                  -1           -0.999748         0.000212998
                   7                  -1           -0.999784         0.000185587
                   8                  -1           -0.999811         0.000164341
                   9                  -1           -0.999832         0.000147416
                  10                  -1           -0.999849         0.000133628
                  11           -0.999996           -0.999862         0.000122149
                  12                  -1           -0.999874         0.000112508
                  13                  -1           -0.999883         0.000104273
                  14           -0.999992           -0.999891         9.71128e-05
                  15                  -1           -0.999898         9.09093e-05
                  16                  -1           -0.999905          8.5449e-05
                  17                  -1            -0.99991          8.0606e-05
                  18                  -1           -0.999915         7.62816e-05
                  19                  -1            -0.99992         7.23969e-05
                  20                  -1           -0.999924          6.8888e-05
