                   1           -0.987994           -0.987994                   0
                   2                  -1           -0.993997          0.00424476
                   3                  -1           -0.995998          0.00326762
                   4           -0.999778           -0.996943          0.00258375
                   5                  -1           -0.997554          0.00213812
                   6                  -1           -0.997962           0.0018202
                   7                  -1           -0.998253          0.00158328
                   8                  -1           -0.998471          0.00140035
                   9                  -1           -0.998641          0.00125501
                  10                  -1           -0.998777          0.00113684
                  11           -0.999998           -0.998888           0.0010389
                  12                  -1           -0.998981         0.000956443
                  13                  -1           -0.999059         0.000886078
                  14           -0.999994           -0.999126         0.000825299
                  15                  -1           -0.999184         0.000772333
                  16                  -1           -0.999235         0.000725743
                  17                  -1            -0.99928         0.000684445
                  18                  -1            -0.99932         0.000647587
                  19                  -1           -0.999356         0.000614491
                  20                  -1           -0.999388          0.00058461
