                   1             12.0052             12.0052                   0
                   2             12.8447             12.4249            0.296786
                   3             12.9165             12.5888            0.238844
                   4             11.9353             12.4254            0.228272
                   5             13.1326             12.5668            0.222152
                   6             13.7164             12.7584            0.254676
                   7              12.813             12.7662            0.218413
                   8             12.5847             12.7435            0.192287
                   9             12.0676             12.6684            0.185008
                  10             12.2991             12.6315            0.170153
                  11             12.9536             12.6608            0.157183
                  12             12.8779             12.6789            0.145123
                  13             12.9071             12.6964            0.135018
                  14             11.9686             12.6444            0.135012
                  15             12.4574              12.632            0.126586
                  16             12.3555             12.6147            0.119848
                  17             11.5314              12.551            0.128628
                  18             12.3369             12.5391            0.122031
                  19             11.8473             12.5027            0.120918
                  20             12.7011             12.5126            0.115278
