                   1            0.207846            0.207846                   0
                   2            0.229244            0.218545          0.00756534
                   3            0.178948            0.205346           0.0118987
                   4            0.194124            0.202541          0.00924888
                   5            0.225938             0.20722          0.00850088
                   6            0.246524            0.213771          0.00927056
                   7            0.233078            0.216529          0.00834643
                   8            0.209434            0.215642          0.00735009
                   9            0.204608            0.214416          0.00663487
                  10            0.212956             0.21427          0.00597299
                  11            0.246094            0.217163          0.00609048
                  12            0.212544            0.216778          0.00559509
                  13            0.226232            0.217505          0.00521174
                  14            0.200858            0.216316          0.00497328
                  15            0.222534            0.216731          0.00465897
                  16            0.210928            0.216368          0.00438187
                  17             0.18079            0.214275          0.00459681
                  18            0.210118            0.214044          0.00434723
                  19            0.202874            0.213456          0.00415799
                  20            0.199296            0.212748          0.00400992
