                   1            0.042578            0.042578                   0
                   2            0.036522             0.03955          0.00214112
                   3            0.048404           0.0425013          0.00280079
                   4            0.047776             0.04382          0.00239095
                   5            0.047252           0.0445064          0.00200887
                   6            0.036244           0.0431293           0.0020935
                   7             0.03979           0.0426523          0.00184798
                   8            0.039838           0.0423005          0.00165013
                   9            0.040592           0.0421107          0.00147766
                  10            0.054118           0.0433114          0.00175106
                  11            0.051614           0.0440662          0.00174698
                  12            0.048496           0.0444353          0.00163994
                  13            0.048362           0.0447374          0.00154136
                  14            0.056498           0.0455774          0.00164432
                  15            0.035754           0.0449225             0.00166
                  16            0.056382           0.0456388          0.00170376
                  17             0.05003           0.0458971            0.001623
                  18             0.04929           0.0460856          0.00154374
                  19             0.04238           0.0458905          0.00147476
                  20            0.045736           0.0458828          0.00140104
