                   1           -0.563464           -0.563464                   0
                   2           -0.566794           -0.565129          0.00117764
                   3           -0.565512           -0.565257         0.000791989
                   4             -0.5651           -0.565217         0.000594965
                   5           -0.563973           -0.564969         0.000525452
                   6           -0.563329           -0.564695         0.000503953
                   7           -0.563972           -0.564592          0.00044243
                   8           -0.564285           -0.564554         0.000388789
                   9           -0.564256            -0.56452         0.000346994
                  10            -0.56177           -0.564245         0.000406932
                  11           -0.565652           -0.564373         0.000389519
                  12           -0.562294             -0.5642         0.000393721
                  13           -0.564427           -0.564218         0.000363822
                  14           -0.565018           -0.564275         0.000342298
                  15           -0.564619           -0.564298         0.000320247
                  16           -0.567312           -0.564486         0.000351292
                  17           -0.564377            -0.56448         0.000330687
                  18            -0.56541           -0.564531         0.000316328
                  19           -0.565012           -0.564557         0.000300687
                  20           -0.564255           -0.564541         0.000286031
