                   1            0.479341            0.479341                   0
                   2            0.478773            0.479057         0.000200655
                   3            0.463305            0.473806           0.0042891
                   4            0.485656            0.476769          0.00411465
                   5             0.48581            0.478577          0.00366755
                   6            0.497477            0.481727          0.00419635
                   7            0.492471            0.483262          0.00386737
                   8            0.482354            0.483148          0.00338561
                   9            0.479666            0.482761          0.00303146
                  10            0.472592            0.481745          0.00289386
                  11            0.488175            0.482329          0.00268919
                  12            0.488688            0.482859          0.00251676
                  13            0.484154            0.482959          0.00232513
                  14            0.441041            0.479965          0.00360359
                  15            0.478729            0.479882          0.00336429
                  16            0.470965            0.479325          0.00319986
                  17            0.463888            0.478417          0.00313782
                  18            0.491016            0.479117          0.00304057
                  19            0.462018            0.478217          0.00301077
                  20            0.486644            0.478638          0.00288956
