                   1             12.7354             12.7354                   0
                   2             14.1528             13.4441            0.501113
                   3             13.1545             13.3476            0.343245
                   4             13.3724             13.3538             0.25749
                   5             13.8636             13.4557            0.225277
                   6             14.0168             13.5493            0.206226
                   7             13.9662             13.6088            0.185167
                   8             13.7242             13.6232            0.162582
                   9             13.2051             13.5768             0.15101
                  10             13.7223             13.5913            0.136608
                  11              14.553             13.6788            0.149569
                  12             14.0583             13.7104             0.14041
                  13             12.7614             13.6374             0.14737
                  14             12.8274             13.5795            0.147764
                  15              13.297             13.5607            0.139108
                  16             13.3381             13.5468            0.131108
                  17             12.5631             13.4889            0.135564
                  18              13.367             13.4821            0.128202
                  19             12.5025             13.4306            0.131414
                  20             13.4335             13.4307            0.124843
