                   1             1.38471             1.38471                   0
                   2             1.35849              1.3716          0.00926914
                   3             1.38903             1.37741          0.00779003
                   4             1.34731             1.36988          0.00875106
                   5             1.36028             1.36796          0.00720874
                   6             1.38249             1.37038          0.00640085
                   7             1.37465             1.37099          0.00551545
                   8              1.3424             1.36742          0.00587066
                   9             1.36757             1.36744          0.00521839
                  10             1.34969             1.36566          0.00498917
                  11             1.36435             1.36554          0.00453704
                  12             1.37965             1.36672          0.00430854
                  13             1.39057             1.36855          0.00435018
                  14             1.39061             1.37013          0.00431533
                  15             1.36813             1.36999          0.00402968
                  16             1.38811             1.37113          0.00393361
                  17             1.40099             1.37288           0.0040756
                  18             1.38276             1.37343          0.00388594
                  19             1.35711             1.37257          0.00377521
                  20             1.41396             1.37464          0.00411474
