                   1             59.3294             59.3294                   0
                   2              62.842             61.0857              1.2419
                   3               58.72             60.2972             1.04882
                   4             59.8266             60.1795            0.793189
                   5              65.042              61.152             1.07669
                   6             58.8922             60.7754             0.96086
                   7             65.3919             61.4349             1.02524
                   8             60.8189             61.3579            0.899972
                   9             55.2299              60.677              1.0257
                  10             59.3648             60.5458            0.931484
                  11             61.5942             60.6411            0.851665
                  12             60.6957             60.6456            0.780705
                  13             62.6595             60.8006            0.735859
                  14             65.0787             61.1061            0.744046
                  15             59.3815             60.9912             0.70327
                  16             57.3398              60.763            0.695358
                  17             60.5327             60.7494            0.654586
                  18             67.1295             61.1039            0.707708
                  19             55.1575             60.7909            0.736416
                  20             58.4826             60.6755            0.708582
