                   1           -0.953064           -0.953064                   0
                   2           -0.959092           -0.956078          0.00213122
                   3           -0.955504           -0.955887          0.00142938
                   4           -0.953492           -0.955288          0.00119082
                   5           -0.961892           -0.956609          0.00151762
                   6           -0.956124           -0.956528          0.00126683
                   7           -0.960396           -0.957081          0.00120033
                   8           -0.956144           -0.956963          0.00105598
                   9           -0.950452            -0.95624          0.00116033
                  10           -0.955544            -0.95617          0.00104638
                  11           -0.957408           -0.956283         0.000957284
                  12           -0.956972            -0.95634         0.000879231
                  13              -0.959           -0.956545         0.000835062
                  14           -0.961632           -0.956908         0.000850805
                  15           -0.955104           -0.956788         0.000802543
                  16           -0.952972           -0.956549         0.000787025
                  17           -0.956412           -0.956541         0.000740771
                  18            -0.96272           -0.956885         0.000775076
                  19           -0.949816           -0.956513         0.000818716
                  20           -0.953748           -0.956374         0.000789363
