                   1            0.405668            0.405668                   0
                   2            0.382065            0.393867          0.00834482
                   3             0.40298            0.396904          0.00609103
                   4            0.444067            0.408695           0.0111864
                   5            0.381293            0.403215           0.0102037
                   6             0.36988            0.397659          0.00990066
                   7            0.393918            0.397124          0.00850069
                   8            0.414124            0.399249          0.00769912
                   9            0.430816            0.402757           0.0076007
                  10            0.396797            0.402161          0.00686395
                  11            0.392516            0.401284          0.00629571
                  12            0.395284            0.400784          0.00579088
                  13            0.381931            0.399334          0.00552405
                  14            0.387156            0.398464           0.0051975
                  15              0.3958            0.398286          0.00485404
                  16            0.405879            0.398761           0.0045738
                  17            0.379756            0.397643          0.00443927
                  18            0.386903            0.397046          0.00423255
                  19            0.422394             0.39838           0.0042148
                  20            0.390974             0.39801           0.0040203
