                   1            0.211589            0.211589                   0
                   2            0.206988            0.209289           0.0016267
                   3            0.212223            0.210267          0.00134679
                   4            0.213697            0.211124          0.00125377
                   5            0.213174            0.211534          0.00106792
                   6            0.214908            0.212097          0.00102734
                   7            0.216595            0.212739          0.00106273
                   8            0.215811            0.213123         0.000996833
                   9             0.21833            0.213702          0.00104048
                  10             0.21336            0.213667         0.000936993
                  11            0.213335            0.213637           0.0008523
                  12            0.215644            0.213804         0.000797506
                  13            0.222085            0.214441         0.000957298
                  14            0.213406            0.214367          0.00089177
                  15            0.219382            0.214702         0.000892772
                  16            0.213503            0.214627         0.000840111
                  17            0.213375            0.214553         0.000793914
                  18            0.212991            0.214466         0.000754536
                  19            0.212834             0.21438           0.0007197
                  20            0.212817            0.214302         0.000687949
