                   1            0.001078            0.001078                   0
                   2            0.004272            0.002675          0.00112925
                   3            0.003822          0.00305733         0.000814991
                   4             0.00434            0.003378         0.000671371
                   5           -0.006354           0.0014316          0.00182188
                   6            0.001652          0.00146833           0.0015186
                   7            0.003722          0.00179029          0.00133535
                   8           -0.002404            0.001266          0.00126718
                   9            0.000324          0.00116133           0.0011307
                  10            0.002042           0.0012494          0.00102105
                  11            0.006678          0.00174291          0.00104068
                  12            0.007394          0.00221383          0.00105514
                  13            0.005554          0.00247077          0.00100477
                  14           -0.004896          0.00194457          0.00106189
                  15            0.000152          0.00182507         0.000997797
                  16            0.005382          0.00204737          0.00095988
                  17            0.005472          0.00224882         0.000924314
                  18            -0.00515          0.00183778         0.000960019
                  19            0.002066          0.00184979         0.000909567
                  20            0.004906           0.0020026         0.000876831
