                   1           -0.992296           -0.992296                   0
                   2           -0.999624            -0.99596          0.00259084
                   3            0.636694           -0.451742            0.444355
                   4              0.9821          -0.0932815            0.455453
                   5             0.99532            0.124439            0.413136
                   6              0.9949            0.269516            0.368874
                   7            0.996296            0.373341            0.330467
                   8            0.999876            0.451658            0.298294
                   9           -0.959848            0.294824            0.303593
                  10           -0.999806            0.165361            0.299568
                  11           -0.990972             0.06024            0.290193
                  12           -0.295972           0.0305557            0.267524
                  13            0.999962            0.105125            0.257129
                  14           -0.067224           0.0928147            0.239057
                  15            0.981622            0.152069            0.230346
                  16            0.995218            0.204765            0.221895
                  17               0.026             0.19425            0.209092
                  18           -0.997982            0.128015            0.207702
                  19            0.504256            0.147817            0.197712
                  20             0.99406            0.190129              0.1923
