                   1           -0.916959           -0.916959                   0
                   2           -0.925117           -0.921038          0.00288403
                   3           -0.913803           -0.918626          0.00275221
                   4           -0.908046           -0.915981          0.00308344
                   5           -0.918398           -0.916465          0.00250433
                   6           -0.915843           -0.916361          0.00208908
                   7           -0.923606           -0.917396           0.0020309
                   8           -0.928406           -0.918772          0.00219434
                   9           -0.915872            -0.91845          0.00197405
                  10           -0.919735           -0.918578          0.00178082
                  11           -0.916435           -0.918384          0.00162955
                  12           -0.919604           -0.918485          0.00149692
                  13           -0.921384           -0.918708          0.00139829
                  14           -0.919557           -0.918769          0.00129972
                  15           -0.919344           -0.918807          0.00121364
                  16           -0.909113           -0.918201          0.00128013
                  17           -0.921212           -0.918378          0.00121701
                  18           -0.924375           -0.918712          0.00119412
                  19           -0.918483             -0.9187          0.00113133
                  20           -0.924068           -0.918968          0.00110615
