                   1            0.546222            0.546222                   0
                   2            0.476102            0.511162           0.0247912
                   3            0.510632            0.510985           0.0165281
                   4            0.500175            0.508283           0.0126151
                   5            0.486539            0.503934           0.0108157
                   6             0.49839             0.50301          0.00905243
                   7            0.513203            0.504466          0.00787547
                   8            0.519131            0.506299          0.00710117
                   9            0.547378            0.510864          0.00763947
                  10            0.554448            0.515222          0.00802302
                  11            0.527154            0.516307          0.00736662
                  12            0.565232            0.520384          0.00779983
                  13            0.527594            0.520938          0.00721953
                  14            0.536603            0.522057             0.00679
                  15            0.514702            0.521567          0.00635502
                  16             0.50087            0.520273          0.00608806
                  17            0.541578            0.521527           0.0058575
                  18            0.486983            0.519608            0.005838
                  19            0.505458            0.518863          0.00557803
                  20            0.534796             0.51966          0.00535572
