                   1             2.90864             2.90864                   0
                   2             2.73942             2.82403           0.0598261
                   3             2.80732             2.81846           0.0401425
                   4             2.74281             2.79955           0.0342742
                   5             2.83398             2.80643           0.0281025
                   6             2.75076             2.79715           0.0249037
                   7              2.8547             2.80537           0.0226625
                   8             2.81439              2.8065           0.0198577
                   9             2.92419             2.81958           0.0215305
                  10             2.88233             2.82585           0.0202714
                  11             2.73735             2.81781           0.0199617
                  12             2.92638             2.82686           0.0202452
                  13             2.82093              2.8264            0.018693
                  14             2.80507             2.82488           0.0174197
                  15             2.90339             2.83011           0.0170266
                  16             2.87286             2.83278           0.0161707
                  17              2.8274             2.83247           0.0152226
                  18             2.80351             2.83086           0.0144616
                  19             2.73405             2.82576           0.0145704
                  20              3.0037             2.83466           0.0163339
