                   1            -0.53394            -0.53394                   0
                   2           -0.532956           -0.533448         0.000347897
                   3           -0.531396           -0.532764         0.000604728
                   4           -0.530292           -0.532146         0.000701532
                   5           -0.529792           -0.531675         0.000701638
                   6           -0.531108           -0.531581         0.000591033
                   7           -0.531844           -0.531618         0.000507795
                   8           -0.530224           -0.531444         0.000473286
                   9           -0.528604           -0.531128         0.000515266
                  10             -0.5295           -0.530966         0.000488795
                  11           -0.532276           -0.531085         0.000458646
                  12           -0.528832           -0.530897         0.000457233
                  13           -0.530996           -0.530905         0.000422125
                  14           -0.530428           -0.530871         0.000393344
                  15           -0.531748           -0.530929         0.000371445
                  16            -0.53344           -0.531086         0.000379937
                  17           -0.531668            -0.53112         0.000359127
                  18           -0.530944            -0.53111         0.000339309
                  19            -0.53126           -0.531118         0.000321542
                  20           -0.530964           -0.531111         0.000305558
