                   1             2.13546             2.13546                   0
                   2             2.12054               2.128          0.00527424
                   3             2.17493             2.14364           0.0132469
                   4             2.18818             2.15478           0.0138453
                   5             2.12009             2.14784           0.0126957
                   6             2.16191             2.15018           0.0107941
                   7             2.10739             2.14407           0.0108457
                   8               2.095             2.13794           0.0110896
                   9             2.08468             2.13202           0.0113266
                  10             2.12672             2.13149           0.0102064
                  11             2.18182             2.13606           0.0102528
                  12             2.11333             2.13417          0.00957176
                  13             2.15852             2.13604          0.00901687
                  14             2.16133             2.13785          0.00855176
                  15              2.2171             2.14313          0.00947413
                  16             2.16721             2.14464          0.00900074
                  17             2.17482             2.14641          0.00864464
                  18             2.13105             2.14556           0.0082064
                  19             2.07966             2.14209          0.00847589
                  20             2.15871             2.14292          0.00809274
