                   1           -0.548611           -0.548611                   0
                   2           -0.550378           -0.549495         0.000624899
                   3           -0.549535           -0.549508         0.000416742
                   4           -0.548078            -0.54915         0.000439935
                   5           -0.547844           -0.548889          0.00042251
                   6           -0.548269           -0.548786         0.000364526
                   7           -0.548671           -0.548769          0.00031282
                   8           -0.548014           -0.548675         0.000287604
                   9           -0.546996           -0.548488         0.000310326
                  10           -0.545367           -0.548176         0.000407036
                  11           -0.549016           -0.548252         0.000377118
                  12           -0.546555           -0.548111         0.000371277
                  13           -0.549049           -0.548183         0.000349657
                  14            -0.54709           -0.548105         0.000333281
                  15           -0.549596           -0.548204         0.000325555
                  16           -0.549205           -0.548267         0.000311151
                  17           -0.548366           -0.548273         0.000292902
                  18           -0.546582           -0.548179         0.000291299
                  19           -0.549027           -0.548224          0.00027937
                  20           -0.547802           -0.548202         0.000266196
