                   1             2.48721             2.48721                   0
                   2             2.38075             2.43398           0.0376403
                   3             2.51584             2.46126           0.0335566
                   4             2.46062              2.4611           0.0251678
                   5             2.43222             2.45533           0.0207868
                   6             2.46249             2.45652           0.0173566
                   7             2.49814             2.46247           0.0158626
                   8             2.44945             2.46084            0.013963
                   9             2.59853             2.47614           0.0190292
                  10             2.53901             2.48242           0.0181352
                  11             2.45585             2.48001           0.0166467
                  12             2.56648             2.48721           0.0167466
                  13             2.43015             2.48282           0.0160234
                  14             2.49777             2.48389           0.0149144
                  15             2.52832             2.48685           0.0142112
                  16             2.56348             2.49164           0.0141069
                  17             2.51292             2.49289           0.0133325
                  18             2.46542             2.49137           0.0126788
                  19             2.41648             2.48743           0.0126094
                  20             2.60246             2.49318           0.0132258
