                   1            -0.57728            -0.57728                   0
                   2           -0.575531           -0.576406         0.000618464
                   3           -0.575275           -0.576029         0.000514456
                   4           -0.576712             -0.5762         0.000413206
                   5           -0.574985           -0.575957         0.000395621
                   6           -0.575395           -0.575863         0.000340558
                   7           -0.575705            -0.57584         0.000292655
                   8           -0.577488           -0.576046          0.00032046
                   9           -0.577802           -0.576241         0.000339062
                  10           -0.575367           -0.576154         0.000316223
                  11           -0.573715           -0.575932         0.000356867
                  12           -0.575212           -0.575872         0.000332132
                  13           -0.573443           -0.575685         0.000355293
                  14           -0.576084           -0.575714         0.000331052
                  15           -0.577015           -0.575801         0.000320139
                  16           -0.575749           -0.575797         0.000300146
                  17           -0.575708           -0.575792         0.000282536
                  18           -0.578196           -0.575926         0.000296719
                  19           -0.575406           -0.575898         0.000282359
                  20           -0.576231           -0.575915         0.000268731
