                   1            0.289066            0.289066                   0
                   2            0.288385            0.288725         0.000240564
                   3            0.288672            0.288708         0.000161027
                   4             0.28836            0.288621         0.000142305
                   5            0.288693            0.288635         0.000114581
                   6            0.292836            0.289335         0.000646271
                   7            0.287303            0.289045          0.00061572
                   8            0.284726            0.288505         0.000738416
                   9            0.298835            0.289653          0.00126566
                  10            0.295649            0.290253          0.00127324
                  11            0.290602            0.290284          0.00115789
                  12            0.301734            0.291239           0.0014004
                  13            0.295948            0.291601           0.0013387
                  14            0.290351            0.291512          0.00124605
                  15            0.289862            0.291402          0.00116783
                  16            0.292205            0.291452          0.00109592
                  17            0.296021            0.291721           0.0010639
                  18            0.283197            0.291247          0.00110516
                  19            0.283862            0.290858          0.00111325
                  20            0.290572            0.290844          0.00105768
