                   1             5.53115             5.53115                   0
                   2              6.0714             5.80127            0.191008
                   3             5.59571             5.73275            0.139087
                   4             5.36949             5.64193            0.130642
                   5             5.57118             5.62778            0.105277
                   6             5.50869             5.60793           0.0895826
                   7             5.52377             5.59591           0.0775879
                   8             5.15538             5.54084           0.0852184
                   9             5.71787             5.56051           0.0779866
                  10             5.44702             5.54916           0.0710089
                  11             5.45583             5.54068           0.0650586
                  12             5.89816             5.57047           0.0661064
                  13             5.74661             5.58402           0.0623943
                  14             5.39525             5.57053           0.0593766
                  15             5.89685             5.59229           0.0592695
                  16             5.76792             5.60327           0.0565725
                  17             5.47406             5.59566           0.0537528
                  18             5.81894             5.60807           0.0521781
                  19             5.71174             5.61353           0.0497164
                  20             6.03097              5.6344           0.0514255
