                   1                0.53                0.53                   0
                   2            0.492882            0.511441           0.0131233
                   3             0.54132              0.5214           0.0119445
                   4            0.512213            0.519104           0.0091766
                   5            0.535277            0.522338           0.0078908
                   6            0.537485            0.524863          0.00696782
                   7            0.501497            0.521525          0.00672459
                   8            0.522178            0.521606          0.00588452
                   9            0.525073            0.521992          0.00524327
                  10            0.531287            0.522921          0.00480064
                  11            0.526632            0.523259          0.00437605
                  12            0.526362            0.523517          0.00401902
                  13             0.55689            0.526084          0.00445492
                  14            0.546167            0.527519          0.00436155
                  15            0.520483             0.52705          0.00409593
                  16            0.514775            0.526283          0.00391112
                  17            0.514449            0.525586          0.00374249
                  18            0.529952            0.525829          0.00354242
                  19            0.509878            0.524989          0.00345403
                  20            0.504783            0.523979          0.00342591
