                   1            0.533505            0.533505                   0
                   2            0.504742            0.519123           0.0101695
                   3            0.501647            0.513298          0.00828178
                   4            0.488144             0.50701          0.00826065
                   5            0.545675            0.514743          0.00956629
                   6            0.532984            0.517783          0.00844121
                   7            0.496458            0.514737          0.00776562
                   8            0.536456            0.517451          0.00725397
                   9            0.540771            0.520043          0.00689522
                  10            0.515293            0.519568          0.00622204
                  11            0.528892            0.520415          0.00571385
                  12            0.516515             0.52009          0.00524694
                  13            0.528272             0.52072          0.00488093
                  14            0.518248            0.520543          0.00453548
                  15            0.525472            0.520872            0.004245
                  16            0.493983            0.519191          0.00429948
                  17            0.510317            0.518669          0.00407814
                  18            0.530176            0.519308          0.00390136
                  19            0.517366            0.519206          0.00369736
                  20            0.494659            0.517979          0.00371062
