                   1           -0.905899           -0.905899                   0
                   2           -0.915721            -0.91081          0.00347287
                   3           -0.908452           -0.910024          0.00240255
                   4           -0.906359           -0.909108          0.00196885
                   5           -0.911374           -0.909561          0.00162639
                   6           -0.907929           -0.909289          0.00137789
                   7           -0.914278           -0.910002          0.00135287
                   8           -0.910264           -0.910034          0.00118416
                   9           -0.910977           -0.910139          0.00105721
                  10           -0.910704           -0.910196         0.000952999
                  11           -0.907467           -0.909948          0.00089806
                  12           -0.906013            -0.90962         0.000881051
                  13           -0.903859           -0.909177         0.000917982
                  14           -0.903359           -0.908761         0.000941783
                  15            -0.90608           -0.908582         0.000895801
                  16           -0.899017           -0.907985          0.00101996
                  17           -0.904256           -0.907765         0.000983258
                  18           -0.907729           -0.907763         0.000928634
                  19           -0.906993           -0.907723         0.000880644
                  20           -0.903803           -0.907527         0.000858147
