                   1           -0.006636           -0.006636                   0
                   2             0.00091           -0.002863          0.00266791
                   3           -0.001202         -0.00230933          0.00183516
                   4            0.006064           -0.000216          0.00227617
                   5           -0.002716           -0.000716          0.00187505
                   6            0.004394         0.000135667          0.00174527
                   7           -0.005122        -0.000615429          0.00164967
                   8           -0.003292            -0.00095            0.001477
                   9              0.0055        -0.000233333          0.00147656
                  10           -0.002802          -0.0004902          0.00135106
                  11            -0.00245        -0.000668364          0.00123993
                  12            0.001316           -0.000503          0.00114757
                  13           -0.002746        -0.000675538          0.00107219
                  14             0.00444        -0.000310143          0.00105603
                  15            0.004514         1.14667e-05          0.00103344
                  16            -0.00531        -0.000321125          0.00102097
                  17           -0.001854        -0.000411294         0.000964887
                  18           -0.006182        -0.000731889         0.000963071
                  19            0.003274        -0.000521053         0.000935177
                  20            0.007122          -0.0001389         0.000963341
