                   1           -0.477016           -0.477016                   0
                   2            -0.47812           -0.477568         0.000390323
                   3           -0.476084           -0.477073          0.00048046
                   4           -0.477036           -0.477064         0.000360436
                   5             -0.4759           -0.476831         0.000355671
                   6            -0.47766           -0.476969         0.000322101
                   7           -0.477756           -0.477082         0.000295041
                   8            -0.47676           -0.477042         0.000260887
                   9           -0.476704           -0.477004         0.000234579
                  10            -0.47526            -0.47683         0.000268227
                  11           -0.474788           -0.476644         0.000301289
                  12            -0.47584           -0.476577         0.000283534
                  13           -0.477172           -0.476623         0.000265392
                  14           -0.475216           -0.476522         0.000264776
                  15           -0.477716           -0.476602         0.000258807
                  16           -0.475928            -0.47656         0.000246035
                  17           -0.476352           -0.476548         0.000231865
                  18           -0.474996           -0.476461         0.000234459
                  19             -0.4749           -0.476379         0.000236081
                  20           -0.477644           -0.476442         0.000232593
