                   1              1.4481              1.4481                   0
                   2              1.4336             1.44085          0.00512854
                   3             1.44579              1.4425          0.00367408
                   4             1.47449              1.4505          0.00745469
                   5             1.47836             1.45607          0.00777273
                   6             1.45158             1.45532          0.00651321
                   7             1.43516             1.45244          0.00618684
                   8             1.49224             1.45742          0.00713875
                   9             1.48336              1.4603          0.00690315
                  10              1.4744             1.46171          0.00635527
                  11             1.44331             1.46004          0.00599359
                  12             1.47864             1.46159          0.00569102
                  13             1.52352             1.46635          0.00696766
                  14             1.45302              1.4654          0.00653475
                  15              1.4599             1.46503          0.00610938
                  16             1.43928             1.46342          0.00593568
                  17              1.4466             1.46243           0.0056684
                  18             1.45648              1.4621          0.00536313
                  19             1.46146             1.46207          0.00508097
                  20             1.48456             1.46319          0.00494978
