                   1            0.403132            0.403132                   0
                   2             0.47027            0.436701           0.0237369
                   3            0.409602            0.427668           0.0174589
                   4             0.41137            0.423594           0.0135613
                   5            0.437476             0.42637           0.0111296
                   6            0.416444            0.424716          0.00939685
                   7              0.4999            0.435456           0.0127967
                   8            0.478198            0.440799           0.0122618
                   9            0.503674            0.447785            0.012735
                  10            0.472002            0.450207           0.0116894
                  11             0.45897            0.451003           0.0106539
                  12            0.427446             0.44904          0.00994528
                  13            0.423748            0.447095          0.00936863
                  14            0.399946            0.443727          0.00928504
                  15            0.446392            0.443905          0.00866774
                  16            0.349672            0.438015          0.00992727
                  17            0.390624            0.435227          0.00972686
                  18            0.429626            0.434916          0.00919145
                  19            0.386226            0.432354          0.00905789
                  20             0.37253            0.429362          0.00908547
