                   1             17.8294             17.8294                   0
                   2             17.5505               17.69           0.0986021
                   3              17.797             17.7256           0.0718929
                   4             16.9855             17.5406            0.169075
                   5             18.5552             17.7435            0.226348
                   6             17.9009             17.7697            0.190137
                   7              17.782             17.7715            0.162982
                   8              18.192             17.8241            0.150846
                   9              18.315             17.8786            0.143608
                  10             18.0191             17.8926            0.129933
                  11             17.8641             17.8901            0.118147
                  12             17.6139              17.867            0.110519
                  13             16.9485             17.7964            0.122541
                  14             17.6626             17.7868             0.11416
                  15             17.2357             17.7501            0.112307
                  16               18.26              17.782            0.109717
                  17             17.3296             17.7553            0.106441
                  18             16.8596             17.7056            0.111556
                  19             18.1158             17.7272            0.107753
                  20             17.0923             17.6954            0.106939
