                   1            0.494544            0.494544                   0
                   2            0.469181            0.481863          0.00896698
                   3            0.505327            0.489684          0.00874749
                   4            0.487306            0.489089          0.00658079
                   5            0.517573            0.494786          0.00732654
                   6             0.48924            0.493862          0.00616348
                   7            0.496004            0.494168          0.00529058
                   8            0.504063            0.495405          0.00477165
                   9            0.514436            0.497519          0.00468663
                  10            0.490088            0.496776          0.00427647
                  11            0.500259            0.497093           0.0038994
                  12             0.48767            0.496308          0.00365265
                  13            0.501762            0.496727          0.00339569
                  14            0.486907            0.496026          0.00322477
                  15            0.514985             0.49729          0.00324805
                  16            0.509696            0.498065          0.00313624
                  17            0.492922            0.497762          0.00296631
                  18            0.494744            0.497595          0.00280625
                  19            0.488544            0.497118          0.00269868
                  20             0.49039            0.496782          0.00258463
