                   1             8.58498             8.58498                   0
                   2             8.50921              8.5471           0.0267874
                   3             7.66862             8.25427            0.239756
                   4             7.43164             8.04861            0.253093
                   5             8.15102             8.06909            0.203301
                   6             7.53674             7.98037            0.187783
                   7             8.29852             8.02582            0.166367
                   8             6.95603             7.89209            0.191931
                   9             8.19024             7.92522            0.173441
                  10             8.18647             7.95135            0.158052
                  11             8.11221             7.96597            0.144359
                  12             8.08192             7.97563            0.132652
                  13             7.66499             7.95174            0.124582
                  14             7.69963             7.93373            0.116977
                  15             8.33928             7.96077             0.11226
                  16             8.07628             7.96799            0.105475
                  17             7.49576             7.94021            0.102864
                  18             8.61373             7.97763            0.103732
                  19             7.75349             7.96583           0.0989405
                  20             8.63938             7.99951           0.0995603
