                   1            0.014442            0.014442                   0
                   2            0.022346            0.018394          0.00279449
                   3             2.8e-05            0.012272          0.00533448
                   4            0.004996            0.010453          0.00429982
                   5           -0.000492            0.008264          0.00395803
                   6           -0.018208            0.003852          0.00520582
                   7            0.007262          0.00433914          0.00448487
                   8           -0.020926            0.001181          0.00491192
                   9            0.006218          0.00174067          0.00439792
                  10            0.021276           0.0036942          0.00437052
                  11           -0.001952          0.00318091          0.00400323
                  12            0.014884          0.00415617          0.00378656
                  13             0.01714          0.00515492          0.00362461
                  14            -0.00288            0.004581          0.00341084
                  15            0.009806          0.00492933          0.00320119
                  16            0.000418          0.00464738          0.00301351
                  17           -0.005554          0.00404729          0.00289537
                  18           -0.013434          0.00307611          0.00289282
                  19            0.002208          0.00303042          0.00274093
                  20            0.008848           0.0033213          0.00261927
