                   1             4.73261             4.73261                   0
                   2             4.83866             4.78563           0.0374972
                   3             4.79499             4.78875           0.0251276
                   4             4.41422             4.69512           0.0832512
                   5             4.57926             4.67195           0.0697512
                   6             4.64438             4.66735           0.0582771
                   7             4.92681             4.70442           0.0606035
                   8             4.53029             4.68265           0.0568026
                   9             4.64346              4.6783           0.0506579
                  10             4.64211             4.67468           0.0457211
                  11             4.53379             4.66187           0.0433215
                  12             4.89198             4.68105           0.0437499
                  13             4.66506             4.67982           0.0404018
                  14             4.77863             4.68687           0.0381275
                  15             4.82165             4.69586           0.0366291
                  16             4.90501             4.70893           0.0365979
                  17              4.6563             4.70584           0.0345758
                  18             4.83485               4.713           0.0333896
                  19             4.67268             4.71088           0.0316996
                  20               5.074             4.72904           0.0349291
