                   1            0.242493            0.242493                   0
                   2            0.237507                0.24          0.00176281
                   3            0.240813            0.240271          0.00119585
                   4            0.242094            0.240727         0.000979867
                   5            0.246544             0.24189          0.00130284
                   6            0.244703            0.242359            0.001167
                   7            0.243741            0.242557          0.00101684
                   8            0.241621             0.24244         0.000896434
                   9            0.250732            0.243361          0.00117875
                  10            0.243662            0.243391          0.00106126
                  11            0.243526            0.243403         0.000964848
                  12            0.246507            0.243662         0.000918452
                  13            0.250668            0.244201           0.0009934
                  14            0.238995            0.243829         0.000989584
                  15            0.246187            0.243986         0.000936011
                  16            0.245129            0.244058         0.000880233
                  17            0.246235            0.244186         0.000837716
                  18            0.239107            0.243904         0.000837342
                  19            0.237791            0.243582         0.000852839
                  20            0.241227            0.243464         0.000818287
