                   1           -0.520996           -0.520996                   0
                   2            -0.52194           -0.521468         0.000333754
                   3           -0.521908           -0.521615         0.000252682
                   4            -0.52158           -0.521606          0.00018966
                   5           -0.520336           -0.521352         0.000273193
                   6           -0.521764           -0.521421         0.000236133
                   7           -0.522696           -0.521603         0.000263471
                   8            -0.52248           -0.521713         0.000252322
                   9           -0.522472           -0.521797          0.00023798
                  10           -0.522968           -0.521914         0.000241283
                  11           -0.518868           -0.521637         0.000343251
                  12           -0.519132           -0.521428         0.000372761
                  13           -0.519424           -0.521274         0.000374618
                  14            -0.52312           -0.521406         0.000370335
                  15           -0.522952           -0.521509         0.000359702
                  16           -0.520576           -0.521451         0.000341916
                  17           -0.520856           -0.521416         0.000323588
                  18           -0.523816           -0.521549         0.000331951
                  19           -0.521228           -0.521532          0.00031491
                  20           -0.521964           -0.521554         0.000299903
