                   1            -0.00029            -0.00029                   0
                   2            0.005352            0.002531          0.00199475
                   3            0.000578             0.00188          0.00143213
                   4            0.005502           0.0027855           0.0013299
                   5           -0.007632            0.000702          0.00214586
                   6            0.002168         0.000946333          0.00180207
                   7            0.001462             0.00102          0.00154614
                   8            0.002212            0.001169          0.00136003
                   9            0.005622          0.00166378          0.00129579
                  10            0.002878           0.0017852          0.00117189
                  11            0.004024          0.00198873          0.00108288
                  12            0.011454           0.0027775          0.00124726
                  13              0.0055          0.00298692          0.00116877
                  14           -0.006248          0.00232729          0.00125773
                  15            0.001104          0.00224573          0.00117652
                  16            0.006012          0.00248112          0.00112629
                  17            0.003222          0.00252471          0.00106088
                  18           -0.005378          0.00208567          0.00108901
                  19            0.003828          0.00217737          0.00103554
                  20             0.00724           0.0024305          0.00101423
