                   1           -0.998584           -0.998584                   0
                   2                  -1           -0.999292         0.000500632
                   3                  -1           -0.999528         0.000385386
                   4           -0.999904           -0.999622         0.000300285
                   5                  -1           -0.999698         0.000249563
                   6           -0.999956           -0.999741         0.000211653
                   7           -0.999932           -0.999768         0.000183173
                   8                  -1           -0.999797         0.000162556
                   9                  -1            -0.99982          0.00014605
                  10                  -1           -0.999838         0.000132555
                  11           -0.999988           -0.999851         0.000121208
                  12                  -1           -0.999864         0.000111739
                  13                  -1           -0.999874         0.000103635
                  14           -0.999992           -0.999883         9.65736e-05
                  15                  -1            -0.99989         9.04521e-05
                  16                  -1           -0.999897         8.50579e-05
                  17                  -1           -0.999903         8.02689e-05
                  18                  -1           -0.999909         7.59891e-05
                  19                  -1           -0.999913         7.21416e-05
                  20                  -1           -0.999918         6.86641e-05
