                   1           -0.987994           -0.987994                   0
                   2                  -1           -0.993997          0.00424476
                   3                  -1           -0.995998          0.00326762
                   4           -0.999778           -0.996943          0.00258375
                   5                  -1           -0.997554          0.00213812
                   6           -0.999932           -0.997951          0.00181811
                   7           -0.999924           -0.998233          0.00158009
                   8                  -1           -0.998453          0.00139794
                   9                  -1           -0.998625          0.00125313
                  10                  -1           -0.998763          0.00113533
                  11           -0.999994           -0.998875          0.00103762
                  12                  -1           -0.998969         0.000955379
                  13                  -1           -0.999048         0.000885177
                  14           -0.999994           -0.999115         0.000824526
                  15                  -1           -0.999174         0.000771664
                  16                  -1           -0.999226         0.000725158
                  17                  -1           -0.999272         0.000683929
                  18                  -1           -0.999312         0.000647129
                  19                  -1           -0.999348         0.000614082
                  20                  -1           -0.999381         0.000584242
