                   1           -0.726935           -0.726935                   0
                   2           -0.733502           -0.730218          0.00232187
                   3           -0.729291           -0.729909          0.00156835
                   4           -0.728811           -0.729635          0.00120005
                   5           -0.730327           -0.729773         0.000967993
                   6           -0.730399           -0.729877         0.000812257
                   7           -0.729625           -0.729841         0.000697021
                   8           -0.726821           -0.729464         0.000704773
                   9           -0.730621           -0.729592         0.000638093
                  10           -0.726832           -0.729316         0.000631162
                  11           -0.726126           -0.729026         0.000636939
                  12           -0.729823           -0.729093         0.000587308
                  13           -0.728495           -0.729047         0.000543927
                  14           -0.728054           -0.728976         0.000509679
                  15           -0.730469           -0.729075         0.000485331
                  16           -0.730833           -0.729185         0.000467272
                  17           -0.728011           -0.729116         0.000444859
                  18           -0.731227           -0.729233         0.000435334
                  19           -0.728191           -0.729178         0.000415867
                  20            -0.73234           -0.729337         0.000424059
