                   1            0.130528            0.130528                   0
                   2             0.15049            0.140509          0.00705763
                   3            0.100744            0.127254           0.0118012
                   4             0.11955            0.125328          0.00900668
                   5             0.11874             0.12401          0.00730108
                   6             0.11833            0.123064          0.00614531
                   7            0.112434            0.121545           0.0054518
                   8            0.090634            0.117681          0.00598494
                   9             0.13726            0.119857          0.00570161
                  10            0.127808            0.120652           0.0051866
                  11            0.121502            0.120729          0.00471567
                  12            0.127528            0.121296           0.0043566
                  13             0.12794            0.121807          0.00405134
                  14            0.096878            0.120026          0.00413479
                  15             0.12927            0.120642          0.00390479
                  16            0.103868            0.119594          0.00379888
                  17            0.101758            0.118545          0.00371748
                  18            0.120572            0.118657          0.00351266
                  19             0.12653            0.119072          0.00335213
                  20            0.130214            0.119629          0.00323048
