                   1           -0.998488           -0.998488                   0
                   2           -0.999952            -0.99922         0.000517602
                   3           -0.999832           -0.999424         0.000383166
                   4           -0.999836           -0.999527           0.0003009
                   5           -0.999988           -0.999619         0.000254454
                   6           -0.999792           -0.999648         0.000213668
                   7           -0.999828           -0.999674         0.000184685
                   8           -0.999832           -0.999694         0.000162656
                   9           -0.999616           -0.999685         0.000144811
                  10            -0.99792           -0.999508         0.000212178
                  11           -0.996348           -0.999221         0.000335035
                  12           -0.999864           -0.999275         0.000311369
                  13           -0.999764           -0.999312         0.000289684
                  14           -0.999852           -0.999351         0.000271545
                  15           -0.999912           -0.999388         0.000256006
                  16           -0.999868           -0.999418         0.000241755
                  17           -0.999796            -0.99944         0.000228553
                  18            -0.99894           -0.999413         0.000217541
                  19           -0.999976           -0.999442         0.000208102
                  20            -0.99998           -0.999469         0.000199426
