                   1             166.077             166.077                   0
                   2             166.662              166.37            0.206786
                   3             165.074             165.938            0.378534
                   4             166.666              166.12            0.324727
                   5             166.665             166.229            0.277498
                   6             166.667             166.302            0.240643
                   7             166.667             166.354             0.21183
                   8             166.667             166.393            0.188921
                   9             166.666             166.423            0.170345
                  10             166.667             166.448            0.155037
                  11             166.666             166.468            0.142206
                  12             166.666             166.484            0.131313
                  13             166.666             166.498            0.121955
                  14             166.656             166.509            0.113762
                  15             166.425             166.504            0.106315
                  16             166.667             166.514            0.100157
                  17             166.648             166.522           0.0945762
                  18              166.62             166.527           0.0894783
                  19             166.666             166.535           0.0850661
                  20             166.666             166.541           0.0810661
