                   1             1.99511             1.99511                   0
                   2             1.86442             1.92977           0.0462058
                   3             1.99041             1.94998           0.0349464
                   4             1.93748             1.94686           0.0263492
                   5             1.99416             1.95632           0.0227144
                   6              1.9822             1.96063           0.0193339
                   7             2.01604             1.96855           0.0181199
                   8             2.02015               1.975           0.0169642
                   9             2.00686             1.97854           0.0154443
                  10             2.03362             1.98405           0.0148499
                  11             2.00848             1.98627            0.013665
                  12             2.01301             1.98849           0.0127066
                  13              1.9397             1.98474            0.012271
                  14             1.98538             1.98479           0.0113946
                  15             2.03357             1.98804           0.0110894
                  16             2.03514             1.99098           0.0107798
                  17             2.05923               1.995           0.0108676
                  18             2.00273             1.99543           0.0102723
                  19             1.97572             1.99439          0.00978391
                  20             2.02041             1.99569           0.0093808
