                   1            0.253652            0.253652                   0
                   2            0.251053            0.252353         0.000918813
                   3            0.254812            0.253173          0.00090738
                   4            0.253303            0.253205         0.000681121
                   5            0.256685            0.253901         0.000827237
                   6            0.257873            0.254563         0.000916751
                   7            0.252993            0.254339         0.000812762
                   8            0.252599            0.254121         0.000739679
                   9            0.262371            0.255038          0.00108587
                  10            0.256129            0.255147         0.000982753
                  11            0.255121            0.255145         0.000893415
                  12            0.260608              0.2556         0.000927739
                  13            0.261604            0.256062         0.000964496
                  14            0.250922            0.255695         0.000962938
                  15            0.257805            0.255835         0.000908962
                  16            0.254124            0.255728         0.000858421
                  17            0.260338               0.256         0.000849672
                  18            0.249055            0.255614          0.00088573
                  19             0.25324            0.255489         0.000847875
                  20            0.254667            0.255448         0.000806475
