                   1            0.551905            0.551905                   0
                   2            0.490331            0.521118           0.0217696
                   3            0.524387            0.522207           0.0145403
                   4            0.509835            0.519114           0.0112294
                   5            0.501098            0.515511          0.00954412
                   6            0.501477            0.513172          0.00823507
                   7            0.516302            0.513619          0.00707076
                   8            0.475257            0.508824          0.00764188
                   9            0.506967            0.508618          0.00679556
                  10            0.546918            0.512448          0.00711393
                  11             0.53822            0.514791          0.00684216
                  12            0.533007            0.516309          0.00643817
                  13            0.525812             0.51704          0.00598429
                  14            0.537444            0.518497          0.00573157
                  15            0.491754            0.516714          0.00561992
                  16             0.56806            0.519923          0.00611667
                  17            0.530109            0.520522          0.00578613
                  18            0.510916            0.519989          0.00548924
                  19            0.518215            0.519895          0.00520113
                  20            0.521742            0.519988          0.00494189
