                   1            0.583508            0.583508                   0
                   2            0.639526            0.611517           0.0198054
                   3            0.514518            0.579184           0.0295175
                   4            0.407394            0.536237           0.0432835
                   5            0.590632            0.547116            0.035968
                   6            0.559204             0.54913           0.0300297
                   7              0.5729            0.552526           0.0259311
                   8            0.618412            0.560762           0.0239619
                   9            0.622848             0.56766           0.0222703
                  10            0.590624            0.569957           0.0201613
                  11            0.467168            0.560612           0.0203792
                  12            0.645868            0.567717           0.0198808
                  13            0.707674            0.578483           0.0210658
                  14            0.479686            0.571426           0.0207094
                  15            0.504234            0.566946           0.0198073
                  16            0.552984            0.566074           0.0185886
                  17            0.586222            0.567259           0.0175329
                  18            0.560292            0.566872           0.0165631
                  19            0.570044            0.567039           0.0156922
                  20            0.615146            0.569444           0.0150908
