                   1             9.10567             9.10567                   0
                   2             9.77331             9.43949            0.236048
                   3              8.9344             9.27112            0.208954
                   4             9.31618             9.28239            0.157018
                   5             9.57079             9.34007            0.135797
                   6             10.0367             9.45617            0.155045
                   7             8.74632             9.35476            0.162713
                   8             9.32685             9.35127            0.142411
                   9             9.12855             9.32653             0.12872
                  10             8.86898             9.28077            0.123713
                  11             9.43221             9.29454             0.11323
                  12              9.0601               9.275            0.105466
                  13             9.01847             9.25527            0.099182
                  14             9.46911             9.27054           0.0932662
                  15             9.25686             9.26963           0.0870529
                  16             9.34361             9.27425           0.0817348
                  17             8.84926             9.24925           0.0806595
                  18             8.49833             9.20754           0.0862953
                  19             9.09364             9.20154           0.0819614
                  20             9.44498             9.21371           0.0787619
