                   1            0.459323            0.459323                   0
                   2            0.455301            0.457312          0.00142196
                   3             0.44872            0.454448           0.0025234
                   4             0.45223            0.453894          0.00195254
                   5            0.451428            0.453401           0.0016231
                   6            0.453353            0.453393          0.00135261
                   7            0.441997            0.451765          0.00190152
                   8             0.44572            0.451009          0.00180771
                   9            0.459512            0.451954          0.00183725
                  10            0.451695            0.451928          0.00165371
                  11            0.452134            0.451947          0.00150348
                  12            0.461055            0.452706          0.00155804
                  13            0.444452            0.452071          0.00156219
                  14            0.434833             0.45084          0.00187405
                  15            0.464468            0.451748          0.00195701
                  16            0.468553            0.452798           0.0020977
                  17            0.449389            0.452598          0.00198387
                  18            0.443271             0.45208          0.00194015
                  19            0.443447            0.451625          0.00189048
                  20            0.466177            0.452353           0.0019309
