                   1             16.3777             16.3777                   0
                   2              18.195             17.2864            0.642518
                   3             17.1696             17.2474            0.429523
                   4             17.6109             17.3383            0.331616
                   5             18.4355             17.5577            0.330007
                   6             16.4444             17.3722            0.322985
                   7             17.7235             17.4224            0.280717
                   8             17.9621             17.4898            0.253604
                   9             16.9741             17.4325            0.231809
                  10             17.3975              17.429            0.208655
                  11             18.4074              17.518             0.20778
                  12             18.1928             17.5742            0.197929
                  13             15.6672             17.4275            0.230748
                  14             17.0648             17.4016            0.215715
                  15             17.4894             17.4075            0.201414
                  16             17.1179             17.3894            0.189637
                  17             17.6552              17.405            0.179125
                  18             15.9427             17.3238             0.18669
                  19              17.963             17.3574             0.17987
                  20             18.5069             17.4149            0.179824
