                   1           -0.860372           -0.860372                   0
                   2           -0.866044           -0.863208          0.00200535
                   3           -0.862496           -0.862971          0.00135087
                   4            -0.86654           -0.863863          0.00127424
                   5            -0.86352           -0.863794          0.00102123
                   6           -0.858568           -0.862923          0.00116471
                   7           -0.860792           -0.862619          0.00103736
                   8           -0.863096           -0.862679           0.0009094
                   9           -0.860076           -0.862389         0.000853092
                  10           -0.860788           -0.862229         0.000782667
                  11           -0.860516           -0.862073         0.000726847
                  12           -0.865204           -0.862334         0.000711555
                  13            -0.85808           -0.862007         0.000728197
                  14           -0.859044           -0.861795         0.000706271
                  15            -0.85806           -0.861546         0.000701717
                  16            -0.86002           -0.861451         0.000664313
                  17           -0.862664           -0.861522         0.000629056
                  18           -0.859272           -0.861397         0.000606405
                  19           -0.861284           -0.861391         0.000574518
                  20              -0.863           -0.861472         0.000551394
