                   1            0.159956            0.159956                   0
                   2             0.27562            0.217788           0.0408934
                   3            -0.28544           0.0500453            0.139648
                   4            0.050928            0.050266            0.104736
                   5           -0.380586          -0.0359044            0.113846
                   6            -0.11203           -0.048592           0.0955759
                   7           -0.011832          -0.0433406           0.0820664
                   8           -0.163664           -0.058381           0.0731733
                   9            -0.03395          -0.0556664           0.0650933
                  10            0.014598            -0.04864            0.058962
                  11           -0.189558          -0.0614507           0.0549759
                  12            0.067852          -0.0506755           0.0514397
                  13            0.153328          -0.0349829            0.049819
                  14           -0.163026          -0.0441289           0.0470925
                  15           -0.167946          -0.0523833           0.0446706
                  16           -0.185548          -0.0607061            0.042647
                  17           -0.178118          -0.0676127           0.0406937
                  18           -0.032706          -0.0656734           0.0384791
                  19           -0.061528          -0.0654553           0.0364545
                  20           -0.025086          -0.0634368           0.0346876
