                   1            0.204804            0.204804                   0
                   2            0.201929            0.203366          0.00101636
                   3            0.204697             0.20381         0.000768263
                   4            0.205993            0.204355         0.000745221
                   5            0.208016            0.205087         0.000885499
                   6            0.201378            0.204469         0.000928968
                   7            0.204059            0.204411         0.000798106
                   8            0.203224            0.204262         0.000711989
                   9            0.203857            0.204217         0.000634301
                  10            0.204037            0.204199         0.000571127
                  11            0.204228            0.204202         0.000519213
                  12             0.20487            0.204258          0.00047892
                  13             0.20497            0.204312         0.000445207
                  14            0.199786            0.203989         0.000517646
                  15            0.207906             0.20425         0.000545025
                  16            0.207536            0.204456         0.000548291
                  17            0.203307            0.204388         0.000520186
                  18             0.20395            0.204364         0.000491856
                  19            0.207584            0.204533         0.000494314
                  20            0.208673             0.20474         0.000511099
