                   1            -0.01923            -0.01923                   0
                   2            0.188524            0.084647           0.0734521
                   3           -0.201514            -0.01074           0.0919982
                   4            0.000848           -0.007843           0.0690442
                   5             0.07433           0.0085916           0.0571579
                   6            0.049742             0.01545           0.0480413
                   7             0.06261           0.0221871            0.041648
                   8           -0.087194           0.0085145           0.0386211
                   9            0.211868           0.0311093           0.0404022
                  10           -0.071592           0.0208392           0.0376447
                  11           -0.127098          0.00739036           0.0365459
                  12            0.114364           0.0163048           0.0345706
                  13            0.072822           0.0206523           0.0321835
                  14           -0.104866           0.0116867           0.0311084
                  15           -0.018124          0.00969933            0.029098
                  16           -0.185308         -0.00248862           0.0297225
                  17            0.003552         -0.00213329           0.0279762
                  18           -0.079268         -0.00641856           0.0267481
                  19            0.183454          0.00357474            0.027143
                  20            -0.09283          -0.0012455           0.0262104
