                   1             33.0411             33.0411                   0
                   2              32.678             32.8596            0.128347
                   3             35.5233             33.7475             0.73002
                   4             32.8351             33.5194            0.582059
                   5             34.2726               33.67            0.484751
                   6             34.5313             33.8136            0.424682
                   7             30.4214              33.329            0.577744
                   8             34.6596             33.4953            0.528928
                   9             32.1852             33.3498            0.489779
                  10             31.2377             33.1386            0.484202
                  11             31.8926             33.0253            0.453238
                  12             33.1327             33.0342            0.415557
                  13             29.5689             32.7677            0.461229
                  14             37.9238              33.136            0.556218
                  15             33.0521             33.1304            0.519165
                  16             35.1779             33.2583            0.502241
                  17             38.8035             33.5845            0.568842
                  18             35.5634             33.6945             0.54776
                  19             30.1563             33.5082            0.549673
                  20             33.8965             33.5277            0.522533
