                   1            0.038096            0.038096                   0
                   2            0.044482            0.041289          0.00225779
                   3            0.038974           0.0405173          0.00163174
                   4             0.03335           0.0387255          0.00197629
                   5            0.035464           0.0380732          0.00168524
                   6            0.035236           0.0376003          0.00146921
                   7            0.036244           0.0374066          0.00127204
                   8            0.042598           0.0380555           0.0012678
                   9            0.041348           0.0384213          0.00117853
                  10             0.04234           0.0388132          0.00112394
                  11             0.03937           0.0388638           0.0010229
                  12            0.040164           0.0389722         0.000943384
                  13            0.042704           0.0392592         0.000913448
                  14            0.049746           0.0400083          0.00111376
                  15            0.035112           0.0396819          0.00108629
                  16             0.04218            0.039838          0.00102955
                  17            0.040612           0.0398835         0.000969997
                  18            0.036642           0.0397034         0.000932675
                  19            0.040612           0.0397513         0.000884812
                  20            0.034652           0.0394963         0.000876537
