                   1            0.396132            0.396132                   0
                   2            0.388574            0.392353          0.00267228
                   3            0.391255            0.391987          0.00180638
                   4            0.409356            0.396329          0.00399716
                   5            0.402207            0.397505          0.00336616
                   6            0.399718            0.397874          0.00282526
                   7            0.403888            0.398733          0.00254895
                   8            0.395921            0.398381          0.00225444
                   9            0.399379            0.398492          0.00200666
                  10            0.396632            0.398306           0.0018146
                  11            0.403657            0.398793          0.00171359
                  12            0.406145            0.399405          0.00167676
                  13            0.397783             0.39928          0.00155241
                  14            0.404667            0.399665          0.00148844
                  15            0.405917            0.400082          0.00144639
                  16            0.390381            0.399476          0.00147761
                  17            0.393714            0.399137          0.00142903
                  18             0.41316            0.399916          0.00154749
                  19             0.39685            0.399755          0.00147443
                  20            0.404748            0.400004          0.00142169
