                   1           -0.723428           -0.723428                   0
                   2           -0.728908           -0.726168          0.00193747
                   3           -0.724828           -0.725721          0.00134215
                   4           -0.728328           -0.726373          0.00115402
                   5            -0.72444           -0.725986          0.00098585
                   6           -0.727472           -0.726234         0.000852067
                   7           -0.724892           -0.726042         0.000751602
                   8           -0.724248           -0.725818         0.000690305
                   9           -0.722376           -0.725436         0.000711704
                  10            -0.72472           -0.725364         0.000644121
                  11           -0.724664             -0.7253           0.0005887
                  12           -0.721008           -0.724943         0.000639138
                  13           -0.723104           -0.724801         0.000605421
                  14           -0.723148           -0.724683         0.000573577
                  15           -0.725488           -0.724737         0.000537843
                  16           -0.724924           -0.724748         0.000504355
                  17           -0.724604            -0.72474         0.000474759
                  18           -0.724536           -0.724729         0.000448518
                  19           -0.725696            -0.72478         0.000427792
                  20           -0.726424           -0.724862         0.000414228
