                   1            0.167444            0.167444                   0
                   2           0.0747206            0.121082           0.0327826
                   3           0.0671018            0.103089           0.0263341
                   4           0.0145463           0.0809531           0.0275241
                   5           0.0285423           0.0704709           0.0239322
                   6           0.0433285           0.0659472           0.0203665
                   7           0.0590807           0.0649663           0.0174806
                   8          0.00640796           0.0576465           0.0167582
                   9            0.268083           0.0810283           0.0266056
                  10            0.124232           0.0853487           0.0242933
                  11            0.124694           0.0889255           0.0223466
                  12           0.0244336           0.0835512           0.0211208
                  13           0.0175867            0.078477           0.0200964
                  14           0.0897104           0.0792794           0.0186769
                  15          0.00618761           0.0744066           0.0180563
                  16           0.0162775           0.0707735           0.0172894
                  17           0.0632499            0.070331            0.016278
                  18           0.0116829           0.0670727           0.0156964
                  19           0.0280026           0.0650164           0.0150044
                  20           0.0594753           0.0647394           0.0142567
