                   1           -0.823008           -0.823008                   0
                   2           -0.979864           -0.901436            0.055457
                   3           -0.983674           -0.928849           0.0432186
                   4           -0.999208           -0.946438            0.035815
                   5            -0.32622           -0.822395            0.114588
                   6             0.98921           -0.520461            0.291699
                   7            -0.05237           -0.453591            0.257579
                   8           -0.999688           -0.521853            0.234252
                   9           -0.044504           -0.468814            0.214144
                  10           -0.408174            -0.46275            0.192816
                  11           -0.959198           -0.507882            0.180492
                  12           -0.997422           -0.548677            0.169998
                  13           -0.998098           -0.583248            0.160398
                  14           -0.973254           -0.611105            0.151341
                  15           -0.999714           -0.637012            0.143452
                  16           -0.998638           -0.659614            0.136255
                  17           -0.431538           -0.646198            0.128899
                  18            0.998878           -0.554805            0.150694
                  19            0.994296           -0.473273            0.163337
                  20           -0.655886           -0.482404            0.155425
