                   1            -0.99368            -0.99368                   0
                   2           -0.997308           -0.995494          0.00128269
                   3           -0.997508           -0.996165          0.00101573
                   4            -0.99952           -0.997004          0.00105255
                   5           -0.998956           -0.997394         0.000911568
                   6           -0.998404           -0.997563         0.000775015
                   7           -0.997824             -0.9976         0.000665197
                   8           -0.999768           -0.997871         0.000634854
                   9           -0.989872           -0.996982          0.00101025
                  10            -0.99524           -0.996808         0.000924127
                  11           -0.995212           -0.996663         0.000851429
                  12           -0.999108           -0.996867         0.000804488
                  13            -0.99936           -0.997058         0.000765125
                  14           -0.996636           -0.997028         0.000711068
                  15           -0.999776           -0.997211         0.000686854
                  16           -0.999408           -0.997349         0.000657502
                  17           -0.997656           -0.997367         0.000619074
                  18           -0.999576            -0.99749         0.000596722
                  19           -0.998976           -0.997568         0.000570421
                  20           -0.997792           -0.997579          0.00054201
