                   1            0.014372            0.014372                   0
                   2              0.0202            0.017286          0.00206051
                   3           -0.008236          0.00877867          0.00708073
                   4            0.016408            0.010686          0.00556151
                   5            0.020648           0.0126784          0.00479283
                   6           -0.012558          0.00847233          0.00554028
                   7            0.014358          0.00931314          0.00481219
                   8           -0.011884           0.0066635          0.00488597
                   9            0.024514          0.00864689          0.00472855
                  10             0.01557           0.0093392          0.00430607
                  11           -0.001768          0.00832945          0.00403126
                  12             0.01424            0.008822          0.00372529
                  13           -0.010446          0.00733985          0.00372192
                  14           -0.041444          0.00385529          0.00481864
                  15            0.012664          0.00444253          0.00453304
                  16           -0.008338          0.00364375          0.00431953
                  17           -0.026854          0.00184976          0.00442231
                  18           -0.015038         0.000911556          0.00427499
                  19            0.008266          0.00129863          0.00406748
                  20            0.020894           0.0022784          0.00398036
