                   1           -0.067968           -0.067968                   0
                   2            0.024636           -0.021666           0.0327405
                   3           -0.053234          -0.0321887           0.0234571
                   4            -0.08688          -0.0458615           0.0212065
                   5           -0.029224           -0.042534           0.0172243
                   6           -0.166406          -0.0631793             0.02369
                   7           -0.064578          -0.0633791           0.0203066
                   8            0.016272          -0.0534227           0.0200611
                   9            0.016952          -0.0456033            0.019296
                  10            -0.02933           -0.043976           0.0174349
                  11            0.051966           -0.035254            0.017899
                  12           -0.002452          -0.0325205           0.0166149
                  13           -0.071488           -0.035518           0.0156049
                  14           -0.075828          -0.0383973           0.0147535
                  15           -0.135166          -0.0448485           0.0151147
                  16            0.060034          -0.0382934           0.0155266
                  17            0.004386          -0.0357828           0.0148148
                  18           -0.036152          -0.0358033           0.0139918
                  19            0.027328          -0.0324806           0.0136442
                  20             0.00836          -0.0304386           0.0131139
