                   1            0.446847            0.446847                   0
                   2            0.417122            0.431984           0.0105093
                   3            0.406571            0.423513          0.00984517
                   4            0.412861             0.42085          0.00773563
                   5            0.407089            0.418098          0.00666016
                   6             0.45353            0.424003           0.0077372
                   7            0.424091            0.424016          0.00663189
                   8            0.448192            0.427038          0.00645482
                   9            0.431643            0.427549          0.00575787
                  10            0.409644            0.425759           0.0054534
                  11            0.439515            0.427009          0.00509901
                  12            0.444827            0.428494           0.0048855
                  13             0.44992            0.430142          0.00477962
                  14            0.440542            0.430885          0.00449557
                  15            0.442762            0.431677          0.00426502
                  16            0.451809            0.432935          0.00417994
                  17            0.408762            0.431513          0.00416891
                  18            0.433606             0.43163          0.00393893
                  19            0.413208             0.43066           0.0038491
                  20            0.453802            0.431817          0.00382662
