                   1             25.6891             25.6891                   0
                   2             24.7097             25.1994             0.34629
                   3             24.7034             25.0341            0.267426
                   4               27.12             25.5556            0.494153
                   5             23.7106             25.1866            0.514978
                   6             27.6207             25.5923            0.566856
                   7             26.3041              25.694            0.494913
                   8             26.1473             25.7506            0.436281
                   9             24.5219             25.6141            0.408609
                  10             23.5536              25.408            0.416473
                  11             26.4295             25.5009            0.388827
                  12             25.8835             25.5328            0.357729
                  13              26.139             25.5794            0.333237
                  14             27.4517             25.7132            0.335196
                  15             28.1822             25.8778            0.350947
                  16             28.1233             26.0181            0.355971
                  17             26.2554             26.0321            0.335305
                  18             26.8639             26.0783            0.319846
                  19             25.9979              26.074             0.30304
                  20             24.4254             25.9916             0.29889
