                   1             3.87772             3.87772                   0
                   2             3.64997             3.76384           0.0805222
                   3             3.77529             3.76766           0.0537718
                   4             3.81949             3.78061           0.0418613
                   5             3.94689             3.81387           0.0447912
                   6             3.92802              3.8329           0.0411687
                   7             3.71706             3.81635             0.03847
                   8             3.90752             3.82774           0.0353091
                   9             3.85306             3.83056           0.0314977
                  10             3.84719             3.83222           0.0283918
                  11              3.7154              3.8216            0.027726
                  12             3.90689             3.82871           0.0263108
                  13             3.83217             3.82897           0.0242882
                  14              3.9531             3.83784           0.0241174
                  15             3.82286             3.83684           0.0225303
                  16             3.82643             3.83619           0.0211315
                  17             3.94089             3.84235           0.0207667
                  18              3.7626             3.83792           0.0200801
                  19             3.98094             3.84545           0.0203853
                  20             3.90302             3.84832           0.0195682
