                   1              1.4596              1.4596                   0
                   2             1.43985             1.44972          0.00698186
                   3             1.46694             1.45546          0.00660561
                   4             1.43078             1.44929           0.0072875
                   5             1.41981             1.44339          0.00786174
                   6             1.45779             1.44579          0.00690809
                   7             1.45976             1.44779          0.00620246
                   8             1.42872             1.44541          0.00586714
                   9             1.45512             1.44648          0.00531351
                  10             1.42046             1.44388           0.0053819
                  11             1.45829             1.44519          0.00504953
                  12             1.45707             1.44618           0.0047247
                  13             1.47552             1.44844          0.00487059
                  14             1.45537             1.44893          0.00454778
                  15             1.45737              1.4495          0.00427922
                  16             1.48471              1.4517          0.00454249
                  17             1.49745             1.45439          0.00500967
                  18             1.42974             1.45302          0.00491501
                  19             1.44512              1.4526          0.00467385
                  20             1.49206             1.45458          0.00483864
