                   1            0.030382            0.030382                   0
                   2            0.034716            0.032549           0.0015323
                   3             0.03129           0.0321293          0.00107747
                   4             0.03404            0.032607          0.00090783
                   5            0.020428           0.0301712          0.00229651
                   6            0.034058            0.030819          0.00200304
                   7            0.031838           0.0309646          0.00172217
                   8             0.02665           0.0304253          0.00158911
                   9             0.02843           0.0302036          0.00142792
                  10            0.031788            0.030362          0.00129389
                  11            0.037374           0.0309995          0.00132401
                  12            0.035808           0.0314002          0.00127287
                  13             0.03075           0.0313502          0.00117594
                  14            0.022986           0.0307527          0.00123441
                  15            0.031382           0.0307947          0.00115283
                  16             0.03204           0.0308725          0.00108341
                  17            0.034918           0.0311105          0.00104548
                  18            0.024232           0.0307283          0.00105493
                  19            0.030644           0.0307239         0.000999417
                  20            0.032866            0.030831         0.000955168
