                   1           -0.580888           -0.580888                   0
                   2           -0.581648           -0.581268         0.000268701
                   3           -0.581808           -0.581448         0.000231709
                   4           -0.580444           -0.581197           0.0002783
                   5             -0.5796           -0.580878          0.00036219
                   6           -0.578796           -0.580531         0.000437494
                   7           -0.579408            -0.58037         0.000403322
                   8           -0.580604             -0.5804         0.000353963
                   9            -0.57958           -0.580308         0.000326135
                  10           -0.576912           -0.579969         0.000435864
                  11           -0.580424            -0.58001           0.0003982
                  12           -0.576968           -0.579757          0.00043835
                  13           -0.580224           -0.579793         0.000406103
                  14           -0.579524           -0.579773         0.000377548
                  15           -0.580716           -0.579836         0.000357569
                  16           -0.580888           -0.579902          0.00034121
                  17           -0.580456           -0.579935         0.000322691
                  18           -0.581712           -0.580033         0.000319515
                  19           -0.579436           -0.580002         0.000304241
                  20           -0.580904           -0.580047         0.000292354
