                   1            -0.56408            -0.56408                   0
                   2           -0.562548           -0.563314         0.000541644
                   3           -0.563572             -0.5634          0.00036786
                   4           -0.563664           -0.563466         0.000281753
                   5           -0.562456           -0.563264         0.000288876
                   6           -0.562156           -0.563079         0.000293886
                   7           -0.562136           -0.562945         0.000281107
                   8            -0.56512           -0.563217          0.00035384
                   9            -0.56406            -0.56331         0.000326701
                  10           -0.562816           -0.563261         0.000297746
                  11           -0.560336           -0.562995          0.00037086
                  12            -0.56094           -0.562824         0.000377425
                  13            -0.56008           -0.562613         0.000403105
                  14           -0.564332           -0.562735         0.000392575
                  15           -0.564104           -0.562827         0.000376856
                  16              -0.563           -0.562837         0.000353459
                  17            -0.56276           -0.562833         0.000332696
                  18           -0.565484            -0.56298         0.000345277
                  19           -0.562844           -0.562973         0.000327179
                  20           -0.562164           -0.562933         0.000313311
