                   1            0.208777            0.208777                   0
                   2            0.208113            0.208445         0.000234692
                   3            0.210483            0.209124         0.000576257
                   4             0.21092            0.209573         0.000581283
                   5            0.210476            0.209754         0.000492266
                   6            0.212041            0.210135         0.000537915
                   7            0.215685            0.210928         0.000866828
                   8            0.210928            0.210928         0.000758474
                   9            0.216052            0.211497         0.000861815
                  10            0.210226             0.21137         0.000784952
                  11            0.212496            0.211472         0.000720237
                  12            0.212575            0.211564         0.000666057
                  13            0.219521            0.212176         0.000850751
                  14            0.210695            0.212071         0.000796535
                  15            0.216546            0.212369         0.000797349
                  16            0.211493            0.212314         0.000749392
                  17            0.210705            0.212219         0.000711263
                  18              0.2103            0.212113         0.000679697
                  19            0.212225            0.212119         0.000643949
                  20            0.209924            0.212009         0.000621033
