                   1             1.52381             1.52381                   0
                   2             1.50212             1.51297          0.00767081
                   3             1.53189             1.51927          0.00725835
                   4             1.49791             1.51393          0.00714319
                   5              1.5015             1.51145          0.00613203
                   6             1.52094             1.51303           0.0053104
                   7             1.53848             1.51667          0.00566129
                   8             1.50341             1.51501          0.00519048
                   9             1.52026             1.51559          0.00464648
                  10             1.49726             1.51376          0.00452905
                  11             1.51536              1.5139          0.00411965
                  12             1.52075             1.51448           0.0038156
                  13             1.53924             1.51638          0.00396911
                  14              1.5179             1.51649          0.00368708
                  15             1.51102             1.51612          0.00345924
                  16             1.54942              1.5182          0.00381801
                  17              1.5756             1.52158          0.00486203
                  18              1.4835             1.51947          0.00503119
                  19             1.51383             1.51917          0.00477513
                  20             1.54453             1.52044          0.00470179
