                   1           -0.008112           -0.008112                   0
                   2            0.006102           -0.001005          0.00502541
                   3            0.002404         0.000131333          0.00347637
                   4            -0.00287           -0.000619          0.00268703
                   5           -0.003174            -0.00113          0.00219768
                   6            0.004962        -0.000114667          0.00205259
                   7            0.000636        -7.42857e-06          0.00176216
                   8           -0.008264          -0.0010395          0.00181919
                   9           -0.009834         -0.00201667          0.00186108
                  10            0.006472          -0.0011678          0.00185851
                  11           -0.010866         -0.00204945          0.00188713
                  12           -0.006042         -0.00238217          0.00175895
                  13            0.003068         -0.00196292          0.00167286
                  14           -0.000856         -0.00188386          0.00155524
                  15            0.002122          -0.0016168          0.00147431
                  16           -0.005654         -0.00186912          0.00140359
                  17             0.02014        -0.000574471          0.00182281
                  18           -0.013952         -0.00131767          0.00186692
                  19            0.000742         -0.00120926           0.0017718
                  20           -0.003882          -0.0013429          0.00168824
