                   1           -0.663332           -0.663332                   0
                   2            -0.66632           -0.664826          0.00105642
                   3           -0.664508            -0.66472         0.000709576
                   4           -0.666052           -0.665053         0.000605297
                   5           -0.664904           -0.665023         0.000484971
                   6            -0.66442           -0.664923         0.000414432
                   7           -0.662936           -0.664639         0.000441845
                   8           -0.662764           -0.664404         0.000444442
                   9           -0.664284           -0.664391         0.000395261
                  10           -0.663896           -0.664342         0.000358823
                  11           -0.665804           -0.664475         0.000349965
                  12             -0.6616           -0.664235         0.000394352
                  13           -0.661452           -0.664021         0.000418106
                  14           -0.662396           -0.663905          0.00040403
                  15           -0.665864           -0.664035         0.000397645
                  16           -0.666892           -0.664214         0.000410921
                  17           -0.665348           -0.664281         0.000392126
                  18           -0.661728           -0.664139         0.000395155
                  19            -0.66392           -0.664127         0.000374525
                  20           -0.665236           -0.664183         0.000359878
