                   1             0.01425             0.01425                   0
                   2             0.00464            0.009445          0.00339765
                   3            0.001672            0.006854          0.00309939
                   4             0.00708           0.0069105          0.00232505
                   5           -0.008034           0.0039216          0.00325677
                   6           -0.001382          0.00303767          0.00283139
                   7            0.005274          0.00335714          0.00244487
                   8           -0.002486          0.00262675          0.00224571
                   9            0.011482          0.00361067           0.0022012
                  10            0.011094            0.004359          0.00210444
                  11            0.003838          0.00431164          0.00191366
                  12            0.015216          0.00522033          0.00195809
                  13            0.003868          0.00511631          0.00181023
                  14           -0.008986            0.004109          0.00194106
                  15            0.007572          0.00433987          0.00182533
                  16           -0.000506            0.004037          0.00173619
                  17           -0.001598          0.00370553           0.0016654
                  18           -0.006936          0.00311433          0.00167453
                  19              0.0005          0.00297674          0.00159204
                  20            0.011534           0.0034046          0.00156888
