                   1           -0.587791           -0.587791                   0
                   2           -0.588415           -0.588103         0.000220801
                   3           -0.590997           -0.589068         0.000801375
                   4             -0.5881           -0.588826         0.000636506
                   5           -0.588341           -0.588729          0.00051653
                   6           -0.589043           -0.588781         0.000433081
                   7           -0.587287           -0.588568         0.000420519
                   8           -0.586142           -0.588265          0.00046457
                   9           -0.586587           -0.588078         0.000448784
                  10           -0.585667           -0.587837         0.000464186
                  11           -0.586845           -0.587747         0.000430669
                  12           -0.586069           -0.587607         0.000416853
                  13           -0.587098           -0.587568         0.000386621
                  14           -0.587686           -0.587576         0.000359097
                  15            -0.58924           -0.587687          0.00035186
                  16           -0.590315           -0.587851         0.000366185
                  17           -0.588257           -0.587875         0.000345423
                  18           -0.588709           -0.587922         0.000329319
                  19           -0.588459            -0.58795         0.000313198
                  20           -0.588322           -0.587969         0.000298091
