                   1             0.04874             0.04874                   0
                   2            0.043366            0.046053              0.0019
                   3             0.05167           0.0479253          0.00198533
                   4            0.054604            0.049595          0.00207556
                   5            0.060866           0.0518492          0.00261194
                   6            0.055136            0.052397          0.00223332
                   7             0.05357           0.0525646          0.00192055
                   8            0.054116           0.0527585          0.00169025
                   9            0.050962           0.0525589          0.00151418
                  10             0.05375            0.052678          0.00136744
                  11            0.044226           0.0519096          0.00144294
                  12            0.061066           0.0526727          0.00151103
                  13            0.060312           0.0532603          0.00150473
                  14            0.057894           0.0535913          0.00143319
                  15            0.056982           0.0538173          0.00135535
                  16            0.050328           0.0535993          0.00128807
                  17            0.051472           0.0534741          0.00121836
                  18            0.047026           0.0531159          0.00120219
                  19            0.051348           0.0530228          0.00114251
                  20             0.04891           0.0528172          0.00110374
