                   1           -0.849424           -0.849424                   0
                   2           -0.857292           -0.853358          0.00278176
                   3           -0.852208           -0.852975          0.00188073
                   4            -0.85158           -0.852626          0.00144251
                   5           -0.854164           -0.852934          0.00118635
                   6           -0.852928           -0.852933         0.000988624
                   7           -0.851224           -0.852689         0.000877008
                   8           -0.851572           -0.852549         0.000778409
                   9            -0.84512           -0.851724          0.00104135
                  10            -0.85218           -0.851769         0.000938212
                  11            -0.85118           -0.851716         0.000854448
                  12           -0.853364           -0.851853         0.000794209
                  13           -0.854988           -0.852094         0.000768857
                  14           -0.857228           -0.852461         0.000796602
                  15            -0.85344           -0.852526         0.000746164
                  16           -0.851996           -0.852493         0.000700264
                  17            -0.85568            -0.85268         0.000683706
                  18           -0.857352            -0.85294         0.000693232
                  19           -0.847556           -0.852657         0.000712311
                  20           -0.854344           -0.852741         0.000681674
