                   1            -0.67582            -0.67582                   0
                   2           -0.681568           -0.678694          0.00203222
                   3           -0.677872            -0.67842          0.00137316
                   4            -0.68024           -0.678875          0.00110268
                   5           -0.678216           -0.678743         0.000889987
                   6           -0.678536           -0.678709         0.000742326
                   7            -0.67804           -0.678613         0.000642396
                   8           -0.678204           -0.678562         0.000564129
                   9           -0.678028           -0.678503         0.000504558
                  10              -0.679           -0.678552         0.000456547
                  11           -0.679236           -0.678615         0.000419251
                  12           -0.677628           -0.678532         0.000392291
                  13           -0.675572           -0.678305         0.000423077
                  14           -0.677892           -0.678275         0.000393882
                  15           -0.678052            -0.67826         0.000367904
                  16           -0.679544           -0.678341         0.000353551
                  17            -0.68012           -0.678445         0.000347904
                  18           -0.675796           -0.678298         0.000358357
                  19           -0.678816           -0.678325         0.000340532
                  20           -0.680184           -0.678418         0.000335948
