                   1           -0.549561           -0.549561                   0
                   2           -0.548153           -0.548857         0.000497817
                   3           -0.548381           -0.548698         0.000356214
                   4           -0.547575           -0.548418         0.000361271
                   5           -0.547208           -0.548176          0.00036099
                   6             -0.5487           -0.548263         0.000311211
                   7           -0.548435           -0.548288         0.000267716
                   8           -0.548961           -0.548372         0.000247134
                   9           -0.550405           -0.548598         0.000305997
                  10           -0.548554           -0.548593         0.000275429
                  11            -0.54524           -0.548288         0.000383669
                  12           -0.546865            -0.54817         0.000369574
                  13           -0.545975           -0.548001         0.000377738
                  14           -0.549264           -0.548091         0.000361367
                  15           -0.549655           -0.548195         0.000351984
                  16           -0.547749           -0.548168         0.000331088
                  17           -0.546877           -0.548092         0.000320193
                  18           -0.550404            -0.54822          0.00032717
                  19           -0.547481           -0.548181         0.000312256
                  20           -0.548385           -0.548191         0.000296809
