                   1             3.76973             3.76973                   0
                   2             3.84281             3.80627           0.0258374
                   3             3.92425              3.8456           0.0364387
                   4             3.88381             3.85515           0.0285541
                   5             3.91793             3.86771           0.0254549
                   6             3.99447             3.88883           0.0286688
                   7             3.81238             3.87791           0.0265723
                   8             3.86183              3.8759           0.0233267
                   9             3.94279             3.88333            0.021887
                  10             3.83183             3.87818           0.0202952
                  11             3.77783             3.86906           0.0203978
                  12             3.78831             3.86233           0.0197768
                  13             3.68176             3.84844           0.0226134
                  14             3.74822             3.84128           0.0221022
                  15             3.92145             3.84663           0.0212651
                  16             3.94704              3.8529           0.0208416
                  17             3.89836             3.85558           0.0197864
                  18             3.75914             3.85022            0.019399
                  19             3.69363             3.84198           0.0200524
                  20             3.83402             3.84158           0.0190537
