                   1             0.08116             0.08116                   0
                   2            0.074948            0.078054          0.00219627
                   3            0.072642             0.07625          0.00207688
                   4            0.072036           0.0751965          0.00180519
                   5            0.078028           0.0757628           0.0015304
                   6            0.075342           0.0756927          0.00127694
                   7             0.08265           0.0766866          0.00142993
                   8            0.080766           0.0771965          0.00133903
                   9             0.08199           0.0777291          0.00129184
                  10            0.074194           0.0773756          0.00121006
                  11            0.063078           0.0760758          0.00165709
                  12            0.081478            0.076526          0.00157897
                  13            0.072944           0.0762505          0.00148136
                  14            0.067862           0.0756513          0.00149181
                  15            0.094534           0.0769101           0.0018487
                  16            0.076108             0.07686          0.00173384
                  17            0.062288           0.0760028          0.00183152
                  18            0.082918            0.076387           0.0017696
                  19               0.075            0.076314          0.00167797
                  20            0.068132           0.0759049          0.00164318
