                   1           -0.651363           -0.651363                   0
                   2           -0.655079           -0.653221          0.00131372
                   3           -0.653785           -0.653409         0.000889152
                   4           -0.653113           -0.653335         0.000669942
                   5           -0.651673           -0.653002         0.000612925
                   6           -0.653359           -0.653062         0.000513641
                   7           -0.652069            -0.65292          0.00045943
                   8           -0.652331           -0.652846         0.000407852
                   9           -0.653072           -0.652871         0.000363303
                  10           -0.652264           -0.652811         0.000332014
                  11           -0.652954           -0.652824         0.000302085
                  12           -0.651874           -0.652745           0.0002871
                  13           -0.652603           -0.652734         0.000265222
                  14           -0.650329           -0.652562         0.000296717
                  15           -0.655011           -0.652725         0.000318698
                  16           -0.655366            -0.65289          0.00033884
                  17           -0.653598           -0.652932         0.000321454
                  18           -0.651378           -0.652846         0.000314968
                  19           -0.651076           -0.652752         0.000311856
                  20           -0.655039           -0.652867         0.000316522
