                   1             0.01709             0.01709                   0
                   2               3e-05             0.00856          0.00603162
                   3             0.00851          0.00854333           0.0040211
                   4           -0.020878            0.001188          0.00704776
                   5              0.0028           0.0015104          0.00564558
                   6           -0.010142        -0.000431667           0.0050276
                   7            0.010996          0.00120086          0.00456673
                   8           -0.007012          0.00017425          0.00410966
                   9            0.003284         0.000519778          0.00366753
                  10           -0.011802          -0.0007124          0.00350165
                  11            0.009952         0.000257091          0.00331481
                  12           -0.000846         0.000165167          0.00303985
                  13            0.004654         0.000510462          0.00282556
                  14            0.006762            0.000957          0.00265879
                  15           -0.001088         0.000820667          0.00248503
                  16           -0.007514          0.00029975          0.00238369
                  17            0.016154          0.00123235          0.00241904
                  18           -0.002548          0.00102233          0.00229374
                  19            0.017782          0.00190442          0.00233648
                  20            0.005168           0.0020676          0.00222535
