                   1             178.444             178.444                   0
                   2             178.571             178.508           0.0449619
                   3             178.571             178.529           0.0346117
                   4             178.571              178.54           0.0275334
                   5             178.571             178.546           0.0227491
                   6             178.571              178.55           0.0193485
                   7             178.571             178.553           0.0168197
                   8             178.571             178.556           0.0148697
                   9             178.571             178.557            0.013322
                  10             178.571             178.559           0.0120645
                  11             178.571              178.56            0.011023
                  12             178.571             178.561           0.0101464
                  13             178.571             178.562          0.00939864
                  14             178.571             178.562          0.00875325
                  15             178.569             178.563          0.00817999
                  16             178.571             178.563          0.00768662
                  17             178.561             178.563          0.00723528
                  18             178.571             178.564          0.00684775
                  19             178.571             178.564          0.00649955
                  20             178.571             178.564          0.00618499
