                   1             66.0368             66.0368                   0
                   2              73.669             69.8529              2.6984
                   3             71.2939             70.3332             1.84119
                   4              69.271             70.0677             1.39991
                   5             74.8059             71.0153             1.40452
                   6             74.8747             71.6586             1.30947
                   7             65.2665             70.7454             1.40518
                   8             70.2082             70.6782             1.23113
                   9              74.634             71.1178             1.17017
                  10             75.1602              71.522              1.1208
                  11             75.8873             71.9189              1.0869
                  12             81.5911             72.7249             1.26024
                  13             77.9166             73.1242             1.22494
                  14             70.2392             72.9182             1.15465
                  15             71.4436             72.8199             1.08185
                  16             69.6893             72.6242             1.03177
                  17             72.7261             72.6302            0.971098
                  18             75.8874             72.8112            0.933856
                  19             75.7131             72.9639            0.897109
                  20             75.6984             73.1006             0.86261
