                   1             0.49411             0.49411                   0
                   2            0.371434            0.432772           0.0433724
                   3            0.415536            0.427026            0.029293
                   4            0.434018            0.428774           0.0220218
                   5            0.353986            0.413817           0.0221215
                   6            0.393014            0.410349           0.0187043
                   7            0.471851            0.419135           0.0179777
                   8            0.441307            0.421907           0.0159427
                   9            0.359423            0.414964             0.01561
                  10            0.354574            0.408925           0.0151722
                  11            0.394673             0.40763           0.0138481
                  12            0.286202            0.397511           0.0159688
                  13             0.32936            0.392268           0.0155771
                  14            0.428433            0.394852           0.0146771
                  15            0.419263            0.396479           0.0137886
                  16             0.43186             0.39869           0.0131029
                  17            0.410704            0.399397           0.0123512
                  18            0.384166            0.398551            0.011694
                  19            0.365948            0.396835           0.0112037
                  20            0.354351            0.394711            0.010843
