                   1            0.453121            0.453121                   0
                   2            0.442422            0.447771          0.00378271
                   3            0.433723            0.443089          0.00458023
                   4            0.433892            0.440789           0.0039705
                   5            0.407647            0.434161          0.00672606
                   6            0.415907            0.431119           0.0062554
                   7            0.438274            0.432141          0.00544466
                   8            0.441171             0.43327          0.00487969
                   9            0.411083            0.430804          0.00492094
                  10            0.455368            0.433261          0.00500449
                  11             0.45438            0.435181          0.00490401
                  12            0.453772             0.43673          0.00473373
                  13             0.45503            0.438138          0.00457413
                  14            0.410738            0.436181          0.00464728
                  15            0.428109            0.435642           0.0043685
                  16            0.413006            0.434228          0.00431848
                  17            0.469793             0.43632          0.00454302
                  18            0.415001            0.435135          0.00444234
                  19            0.439191            0.435349          0.00421366
                  20            0.454887            0.436326          0.00411466
