                   1             22.2572             22.2572                   0
                   2             22.9964             22.6268            0.261343
                   3             19.5619             21.6052            0.852165
                   4             20.7785             21.3985             0.66371
                   5             20.4403             21.2069             0.55795
                   6             19.7807             20.9692            0.513096
                   7             20.4902             20.9008            0.444335
                   8             21.1948             20.9375            0.390311
                   9              16.347             20.4275            0.592973
                  10             21.2984             20.5146            0.540034
                  11              21.708             20.6231             0.50172
                  12             23.1294             20.8319            0.501504
                  13             23.0211             21.0003            0.490385
                  14             23.5431             21.1819            0.487835
                  15              21.902             21.2299            0.457668
                  16             21.5323             21.2488            0.429454
                  17             23.5825             21.3861            0.425566
                  18             22.6468             21.4562            0.407646
                  19             20.4519             21.4033            0.389603
                  20             21.9136             21.4288            0.370957
