                   1            0.026646            0.026646                   0
                   2            0.025998            0.026322         0.000229103
                   3            -0.01105           0.0138647           0.0101725
                   4            0.014024           0.0139045          0.00762947
                   5            0.035922            0.018308          0.00726404
                   6            0.010916            0.017076          0.00615695
                   7            0.025418           0.0182677          0.00539149
                   8           -0.012398           0.0144345          0.00592555
                   9            0.012706           0.0142424          0.00527027
                  10             0.05928           0.0187462          0.00638387
                  11            0.014698           0.0183782          0.00581411
                  12            0.012872           0.0179193          0.00534768
                  13           -0.018622           0.0151085          0.00562676
                  14             0.00652            0.014495          0.00525819
                  15           -0.022214           0.0120477          0.00544746
                  16           -0.043398          0.00858237          0.00611061
                  17           -0.033666          0.00609718          0.00623608
                  18            0.011984          0.00642422           0.0058982
                  19            -0.00863          0.00563189          0.00564074
                  20            0.044398           0.0075702          0.00568198
