                   1           -0.815836           -0.815836                   0
                   2            -0.81934           -0.817588          0.00123885
                   3           -0.820008           -0.818395          0.00105637
                   4           -0.814856            -0.81751          0.00110213
                   5           -0.817272           -0.817462         0.000882728
                   6           -0.816588           -0.817317          0.00074754
                   7           -0.817696           -0.817371         0.000642709
                   8           -0.817892           -0.817436         0.000565662
                   9           -0.816796           -0.817365         0.000507261
                  10           -0.819744           -0.817603          0.00050928
                  11           -0.813972           -0.817273         0.000559817
                  12           -0.820276           -0.817523         0.000566353
                  13           -0.819344           -0.817663         0.000539832
                  14           -0.820588           -0.817872          0.00054019
                  15            -0.81722           -0.817829         0.000505924
                  16           -0.821468           -0.818056         0.000522944
                  17            -0.82084            -0.81822          0.00051719
                  18           -0.823072           -0.818489         0.000554275
                  19           -0.815576           -0.818336         0.000545899
                  20             -0.8208           -0.818459         0.000532325
