                   1            0.067152            0.067152                   0
                   2           -0.013062            0.027045           0.0283599
                   3           -0.208568          -0.0514927           0.0668548
                   4           -0.007228          -0.0404265           0.0510488
                   5            0.026132          -0.0271148           0.0425392
                   6            -0.01213          -0.0246173           0.0355226
                   7            0.114194         -0.00478714           0.0355547
                   8            0.012426          -0.0026355           0.0311754
                   9           -0.082602          -0.0115207             0.02895
                  10           -0.034278          -0.0137964           0.0261443
                  11            0.059836         -0.00710255           0.0246095
                  12           -0.002134          -0.0066885           0.0225622
                  13            0.103968          0.00182354           0.0223748
                  14            0.029862          0.00382629            0.020866
                  15            0.026924          0.00536613           0.0195317
                  16            0.089438           0.0106206           0.0190046
                  17            0.028538           0.0116746           0.0179159
                  18            0.120834            0.017739           0.0179176
                  19           -0.170852          0.00781316           0.0195313
                  20           -0.037128           0.0055661           0.0186836
