                   1            0.469885            0.469885                   0
                   2            0.436099            0.452992           0.0119453
                   3            0.455934            0.453973          0.00800367
                   4            0.431981            0.448475          0.00766184
                   5            0.441316            0.447043          0.00626183
                   6            0.417003            0.442036          0.00693677
                   7            0.460191             0.44463          0.00641233
                   8            0.427791            0.442525          0.00594621
                   9            0.443828             0.44267          0.00528729
                  10            0.433146            0.441717          0.00484357
                  11            0.457168            0.443122           0.0046024
                  12            0.440619            0.442913          0.00422359
                  13            0.451543            0.443577          0.00395052
                  14            0.434994            0.442964          0.00371561
                  15            0.430073            0.442105          0.00356591
                  16             0.40966            0.440077          0.00387697
                  17            0.445408             0.44039          0.00366157
                  18            0.440624            0.440403          0.00345817
                  19            0.423793            0.439529          0.00338486
                  20            0.447493            0.439927          0.00323895
