                   1            0.470065            0.470065                   0
                   2            0.429398            0.449732           0.0143778
                   3            0.448629            0.449364          0.00958989
                   4            0.432071            0.445041          0.00810852
                   5            0.422994            0.440632          0.00759162
                   6            0.411685            0.435807           0.0077083
                   7            0.457858            0.438957          0.00722214
                   8            0.436363            0.438633          0.00632665
                   9            0.447114            0.439575          0.00569343
                  10            0.429642            0.438582          0.00521002
                  11            0.452272            0.439826          0.00488276
                  12            0.444462            0.440213          0.00449112
                  13            0.449341            0.440915          0.00420018
                  14            0.425621            0.439823          0.00403973
                  15            0.431143            0.439244          0.00381163
                  16            0.407624            0.437268          0.00405347
                  17            0.458323            0.438506          0.00399978
                  18            0.437913            0.438473          0.00377771
                  19             0.43008            0.438032          0.00360462
                  20            0.447428            0.438501          0.00345487
