                   1             0.00425             0.00425                   0
                   2            0.087322            0.045786           0.0293704
                   3           -0.053914           0.0125527           0.0334618
                   4           -0.024674            0.003246           0.0263588
                   5           -0.005262           0.0015444           0.0211419
                   6            0.027212          0.00582233           0.0180459
                   7            0.064976           0.0142729           0.0173339
                   8            0.005222           0.0131415           0.0152041
                   9           -0.031414          0.00819089            0.014298
                  10            0.064772            0.013849           0.0139429
                  11            -0.04975          0.00806727           0.0138222
                  12             0.02544            0.009515            0.012746
                  13           -0.029822          0.00648908           0.0121194
                  14            0.006866            0.006516           0.0112537
                  15           -0.006292          0.00566213           0.0105358
                  16            -0.05118           0.0021095           0.0104592
                  17           -0.013884          0.00116871          0.00988613
                  18            -0.09457         -0.00415011           0.0106722
                  19            0.011264         -0.00333884           0.0101413
                  20            0.018472          -0.0022483          0.00969269
