                   1           -0.202576           -0.202576                   0
                   2           -0.718006           -0.460291            0.182232
                   3             0.02827           -0.297437            0.180112
                   4            0.016994            -0.21883            0.151268
                   5            -0.61967           -0.298998            0.140663
                   6            0.934498           -0.093415             0.22127
                   7            0.522808         -0.00538314             0.20643
                   8             -0.7844            -0.10276            0.202294
                   9              0.1866          -0.0706091            0.182354
                  10           -0.341012          -0.0976494            0.166111
                  11           -0.116362          -0.0993505            0.151019
                  12            0.549068          -0.0453157            0.147785
                  13           -0.971628            -0.11657            0.152631
                  14            0.037224           -0.105585            0.142124
                  15           -0.547016           -0.135014            0.135662
                  16            -0.23102           -0.141014            0.127315
                  17           -0.400192            -0.15626            0.120736
                  18           -0.650194           -0.183701            0.117105
                  19           -0.515046            -0.20114            0.112232
                  20           -0.006536            -0.19141            0.107042
