                   1             96.7431             96.7431                   0
                   2             104.824             100.784             2.85709
                   3             99.4997             100.356             1.93652
                   4             101.609             100.669             1.47752
                   5             101.779             100.891             1.19858
                   6             109.201             102.276             1.61131
                   7             107.847             103.072             1.56538
                   8             104.206             103.214             1.37612
                   9             98.4075              102.68             1.32278
                  10             107.404             103.152             1.27208
                  11             108.851              103.67             1.25753
                  12             108.424             104.066             1.21353
                  13             109.886             104.514             1.19992
                  14             99.5929             104.163             1.16456
                  15             101.201             103.965             1.10354
                  16             105.126             104.038             1.03695
                  17             106.298             104.171            0.984433
                  18             102.118             104.057            0.936325
                  19             96.9705             103.684            0.958447
                  20             107.249             103.862            0.926956
