                   1            0.057814            0.057814                   0
                   2            0.091726             0.07477           0.0119897
                   3           -0.220838           -0.023766           0.0808504
                   4            0.017446           -0.013463           0.0612907
                   5           -0.037218           -0.018214           0.0492164
                   6           -0.037832          -0.0214837           0.0411221
                   7              0.0402          -0.0126717           0.0361794
                   8            0.032016         -0.00708575           0.0320853
                   9           -0.033536          -0.0100247           0.0286545
                  10           -0.054318           -0.014454           0.0261292
                  11            0.048248         -0.00875382           0.0243676
                  12           -0.224522          -0.0267345           0.0282011
                  13           -0.193066          -0.0395292           0.0287883
                  14             0.09375          -0.0300093           0.0282623
                  15           -0.157328          -0.0384972           0.0276233
                  16            0.272532          -0.0190579           0.0320143
                  17            0.033558          -0.0159628           0.0302804
                  18            0.199582         -0.00398811           0.0308752
                  19           -0.029198         -0.00531495           0.0292787
                  20           -0.302032          -0.0201508            0.031349
