                   1           -0.993953           -0.993953                   0
                   2           -0.993545           -0.993749         0.000144547
                   3           -0.991009           -0.992836         0.000751799
                   4           -0.991166           -0.992418         0.000669819
                   5           -0.996386           -0.993212         0.000889356
                   6           -0.998679           -0.994123          0.00111403
                   7           -0.993603           -0.994049         0.000957351
                   8            -0.99136           -0.993713         0.000894737
                   9             -0.9974           -0.994122         0.000884176
                  10           -0.993698            -0.99408         0.000796778
                  11           -0.997197           -0.994363         0.000773105
                  12           -0.987327           -0.993777         0.000904074
                  13           -0.999217           -0.994195         0.000926329
                  14           -0.995388           -0.994281         0.000864067
                  15           -0.994155           -0.994272         0.000806504
                  16           -0.986612           -0.993793         0.000886885
                  17           -0.998575           -0.994075         0.000878175
                  18           -0.999715           -0.994388         0.000883525
                  19           -0.986671           -0.993982          0.00092568
                  20            -0.99459           -0.994012         0.000879896
