                   1            0.354273            0.354273                   0
                   2            0.341847             0.34806           0.0043932
                   3            0.397941            0.364687           0.0138883
                   4            0.375195            0.367314           0.0106618
                   5            0.321381            0.358127           0.0118434
                   6            0.306998            0.349606           0.0125667
                   7            0.352433             0.35001           0.0107779
                   8            0.367264            0.352166          0.00964406
                   9            0.308108            0.347271          0.00973602
                  10            0.353118            0.347856          0.00877996
                  11            0.288127            0.342426          0.00951379
                  12            0.431458            0.349845           0.0112479
                  13            0.299327            0.345959           0.0110335
                  14            0.374713            0.348013           0.0104348
                  15            0.338256            0.347363          0.00975943
                  16            0.434839             0.35283           0.0105705
                  17            0.292432            0.349277           0.0105289
                  18            0.287025            0.345819           0.0104966
                  19            0.461158            0.351889            0.011567
                  20            0.352051            0.351897           0.0109887
