                   1           -0.867096           -0.867096                   0
                   2           -0.874276           -0.870686          0.00253851
                   3           -0.867216           -0.869529          0.00193802
                   4             -0.8708           -0.869847          0.00147932
                   5            -0.87174           -0.870226          0.00123095
                   6           -0.869984           -0.870185          0.00102645
                   7           -0.869412           -0.870075         0.000885742
                   8             -0.8718            -0.87029         0.000800845
                   9           -0.862728            -0.86945          0.00106506
                  10           -0.866996           -0.869205         0.000986429
                  11           -0.866612           -0.868969         0.000924486
                  12           -0.873264           -0.869327         0.000914105
                  13            -0.87442           -0.869719         0.000923936
                  14           -0.874844           -0.870085         0.000927636
                  15           -0.872008           -0.870213         0.000874609
                  16           -0.868388           -0.870099         0.000827351
                  17           -0.872304           -0.870229         0.000788785
                  18             -0.8738           -0.870427         0.000769512
                  19           -0.866012           -0.870195         0.000763291
                  20           -0.874644           -0.870417         0.000756851
