                   1            0.239526            0.239526                   0
                   2            0.237246            0.238386         0.000805962
                   3            0.239874            0.238882         0.000672867
                   4            0.240642            0.239322         0.000632334
                   5            0.244272            0.240312           0.0010198
                   6            0.241319             0.24048         0.000863513
                   7            0.241334            0.240602         0.000748719
                   8             0.23809            0.240288         0.000717932
                   9            0.249665             0.24133           0.0011714
                  10            0.242382            0.241435          0.00105898
                  11            0.241936            0.241481         0.000963686
                  12            0.244078            0.241697         0.000907361
                  13            0.248891             0.24225         0.000992049
                  14            0.235962            0.241801          0.00101782
                  15             0.24632            0.242102         0.000993536
                  16            0.241031            0.242036         0.000933693
                  17            0.242161            0.242043         0.000878799
                  18            0.236468            0.241733         0.000882875
                  19            0.238441             0.24156         0.000853242
                  20            0.237957             0.24138         0.000829375
