                   1            0.202625            0.202625                   0
                   2            0.182808            0.192717          0.00700627
                   3            0.267197            0.217543           0.0208022
                   4            0.243543            0.224043           0.0165861
                   5            0.252624            0.229759           0.0142198
                   6            0.147014            0.215968            0.017289
                   7            0.257372            0.221883           0.0157985
                   8            0.172636            0.215727           0.0149751
                   9            0.216319            0.215793           0.0133113
                  10            0.147486            0.208962           0.0136205
                  11            0.161726            0.204668           0.0130416
                  12            0.161117            0.201039           0.0124496
                  13            0.141886            0.196489           0.0122954
                  14            0.288659            0.203072           0.0130613
                  15            0.164371            0.200492           0.0124428
                  16            0.229375            0.202297           0.0117953
                  17            0.299173            0.207996           0.0124019
                  18             0.21979            0.208651           0.0117302
                  19            0.130531             0.20454           0.0118114
                  20            0.181341             0.20338           0.0112777
