                   1            -1.00979            -1.00979                   0
                   2            -1.00999            -1.00989         7.10642e-05
                   3            -1.00499            -1.00826           0.0013363
                   4            -1.00461            -1.00735          0.00127666
                   5            -1.00669            -1.00721          0.00102813
                   6            -1.01214            -1.00804           0.0011387
                   7            -1.00498             -1.0076          0.00105621
                   8            -1.01042            -1.00795         0.000981307
                   9            -1.00839              -1.008         0.000873498
                  10            -1.01147            -1.00835         0.000852362
                  11            -1.01011            -1.00851         0.000789726
                  12            -1.01113            -1.00873         0.000753575
                  13            -1.01223              -1.009          0.00074224
                  14            -1.00414            -1.00865         0.000765934
                  15              -1.011            -1.00881         0.000730701
                  16            -1.00661            -1.00867         0.000697841
                  17             -0.9979            -1.00804         0.000899471
                  18            -1.00851            -1.00806         0.000849883
                  19             -1.0125            -1.00829         0.000836604
                  20            -1.00964            -1.00836         0.000797476
