                   1               1.523               1.523                   0
                   2             1.46112             1.49206           0.0218766
                   3             1.49943             1.49452           0.0147217
                   4             1.47565              1.4898           0.0117725
                   5             1.48463             1.48877          0.00946324
                   6             1.48569             1.48825          0.00789994
                   7             1.50848             1.49114          0.00728039
                   8             1.47866             1.48958          0.00653549
                   9             1.48712             1.48931          0.00581505
                  10             1.48728             1.48911           0.0052371
                  11             1.50336              1.4904          0.00491865
                  12             1.47054             1.48875          0.00477911
                  13             1.51622             1.49086          0.00485627
                  14             1.51192             1.49236          0.00473664
                  15             1.50382             1.49313            0.004482
                  16             1.52315               1.495          0.00457774
                  17             1.55412             1.49848          0.00547211
                  18             1.48985               1.498          0.00518908
                  19             1.49009             1.49758          0.00493263
                  20             1.51798              1.4986          0.00479022
