                   1            0.017373            0.017373                   0
                   2          0.00229364          0.00983333          0.00533136
                   3          0.00548183          0.00838283          0.00374637
                   4          0.00131611          0.00661615          0.00319933
                   5          0.00457813          0.00620855           0.0025853
                   6         0.000321921          0.00522744          0.00233316
                   7          0.00255672          0.00484591          0.00203081
                   8         -1.0842e-13          0.00424017          0.00186511
                   9          0.00145296          0.00393048          0.00168339
                  10         0.000159383          0.00355337          0.00155672
                  11         0.000318749          0.00325931           0.0014427
                  12          0.00209935          0.00316265          0.00132571
                  13         0.000650151          0.00296938          0.00123774
                  14           0.0654099          0.00742942          0.00444882
                  15          0.00733781          0.00742331          0.00415224
                  16          0.00946032          0.00755062          0.00389467
                  17          0.00531363          0.00741903           0.0036678
                  18          0.00551791          0.00731342          0.00346555
                  19          0.00728459           0.0073119          0.00328315
                  20         0.000971974           0.0069949          0.00313426
