                   1            0.163612            0.163612                   0
                   2            0.250892            0.207252           0.0308581
                   3            0.162668            0.192391           0.0238841
                   4             0.23114            0.202078           0.0197803
                   5            0.226842            0.207031           0.0164326
                   6            0.216458            0.208602           0.0137688
                   7            0.239494            0.213015            0.012489
                   8            0.238754            0.216233           0.0113348
                   9            0.235382             0.21836           0.0102731
                  10            0.274604            0.223985            0.010675
                  11            0.247924            0.226161          0.00992388
                  12             0.22919            0.226413           0.0091001
                  13            0.211624            0.225276          0.00847091
                  14            0.223448            0.225145          0.00786685
                  15            0.239016             0.22607          0.00739654
                  16            0.233348            0.226525          0.00694823
                  17            0.193258            0.224568           0.0068095
                  18            0.215176            0.224046          0.00645115
                  19            0.187782            0.222137          0.00638773
                  20            0.208332            0.221447          0.00610552
