                   1            0.031056            0.031056                   0
                   2            0.041984             0.03652          0.00386363
                   3            0.029094           0.0340447          0.00327404
                   4            0.030016           0.0330375          0.00260585
                   5            0.035942           0.0336184          0.00214845
                   6            0.035602            0.033949          0.00181563
                   7            0.037684           0.0344826          0.00163278
                   8            0.027196           0.0335717          0.00166344
                   9            0.039948           0.0342802          0.00162248
                  10            0.034988            0.034351          0.00146178
                  11            0.042448           0.0350871          0.00150284
                  12              0.0394           0.0354465          0.00141993
                  13            0.038632           0.0356915          0.00133168
                  14            0.039198            0.035942          0.00125989
                  15            0.032964           0.0357435          0.00119144
                  16             0.03286           0.0355632          0.00113052
                  17            0.035614           0.0355662          0.00106402
                  18            0.044864           0.0360828          0.00112332
                  19            0.037942           0.0361806          0.00106845
                  20            0.034814           0.0361123          0.00101721
