                   1           -0.522145           -0.522145                   0
                   2            -0.52382           -0.522982         0.000592046
                   3           -0.522894           -0.522953         0.000395432
                   4           -0.520824           -0.522421         0.000548032
                   5           -0.521263           -0.522189         0.000484893
                   6            -0.52232           -0.522211         0.000404568
                   7           -0.523102           -0.522338         0.000366236
                   8           -0.520404           -0.522096         0.000392232
                   9           -0.521655           -0.522047         0.000351705
                  10           -0.521224           -0.521965         0.000326035
                  11           -0.522133            -0.52198         0.000296753
                  12           -0.520796           -0.521882         0.000287967
                  13           -0.524949           -0.522118         0.000349339
                  14           -0.522816           -0.522167         0.000327929
                  15           -0.522759           -0.522207         0.000308432
                  16           -0.525321           -0.522402         0.000345151
                  17           -0.522308           -0.522396         0.000324892
                  18           -0.523261           -0.522444         0.000310378
                  19           -0.523271           -0.522488         0.000297077
                  20           -0.523244           -0.522525         0.000284622
