                   1            0.260296            0.260296                   0
                   2            0.260366            0.260331         2.48906e-05
                   3            0.260056            0.260239         7.65077e-05
                   4            0.259346            0.260016          0.00020171
                   5              0.2633            0.260673         0.000609242
                   6            0.262678            0.261007         0.000592341
                   7            0.258555            0.260657         0.000602473
                   8            0.257779            0.260297         0.000625393
                   9            0.269283            0.261296          0.00109323
                  10            0.263334            0.261499          0.00100273
                  11            0.262967            0.261633         0.000920402
                  12            0.267891            0.262154         0.000980368
                  13            0.267308            0.262551         0.000981858
                  14            0.258718            0.262277          0.00094912
                  15            0.263775            0.262377         0.000891088
                  16            0.260759            0.262276         0.000841111
                  17            0.264698            0.262418         0.000803613
                  18            0.256221            0.262074         0.000829445
                  19            0.261133            0.262024         0.000787268
                  20            0.260636            0.261955         0.000750961
