                   1             58.7578             58.7578                   0
                   2              57.637             58.1974            0.396263
                   3             62.2924             59.5624             1.14542
                   4             61.4695             60.0392            0.953141
                   5             63.1256             60.6564            0.941418
                   6               67.82             61.8504             1.34288
                   7             56.7297             61.1188             1.33551
                   8              62.527             61.2949             1.18011
                   9             54.7969             60.5729              1.2505
                  10             62.0167             60.7173             1.13375
                  11             66.3276             61.2273             1.13965
                  12             60.7467             61.1872             1.04538
                  13             61.0114             61.1737            0.965054
                  14             63.4465             61.3361            0.909674
                  15             58.4057             61.1407            0.869754
                  16              63.822             61.3083            0.831381
                  17             63.1224              61.415            0.789295
                  18             63.3761             61.5239            0.752928
                  19             62.2663              61.563            0.714313
                  20               60.67             61.5184            0.679991
