                   1             3.39853             3.39853                   0
                   2                3.24             3.31926           0.0560486
                   3             3.36325             3.33393           0.0392372
                   4             3.40518             3.35174           0.0332263
                   5             3.24413             3.33022            0.032819
                   6             3.29757             3.32478           0.0277965
                   7             3.43339             3.34029           0.0278211
                   8             3.46531             3.35592           0.0283951
                   9             3.38781             3.35946           0.0254602
                  10             3.32392             3.35591           0.0231609
                  11             3.25067             3.34634           0.0229463
                  12             3.41039             3.35168           0.0216459
                  13             3.41902             3.35686           0.0205913
                  14             3.40399             3.36023           0.0193938
                  15             3.43209             3.36502           0.0186833
                  16              3.4507             3.37037            0.018267
                  17              3.3464             3.36896           0.0172468
                  18             3.39715             3.37053           0.0163596
                  19             3.33317             3.36856           0.0156163
                  20             3.41298             3.37078           0.0149926
