                   1           -0.757716           -0.757716                   0
                   2           -0.757884             -0.7578          5.9397e-05
                   3           -0.761156           -0.758919         0.000914245
                   4           -0.756476           -0.758308         0.000865938
                   5           -0.760584           -0.758763         0.000803535
                   6           -0.756048           -0.758311         0.000786789
                   7           -0.759864           -0.758533         0.000704989
                   8           -0.753616           -0.757918         0.000843213
                   9           -0.757992           -0.757926         0.000749563
                  10           -0.753352           -0.757469         0.000802126
                  11            -0.75352            -0.75711         0.000805539
                  12           -0.756744           -0.757079         0.000738987
                  13            -0.75698           -0.757072         0.000682182
                  14           -0.759792           -0.757266         0.000660548
                  15           -0.758572           -0.757353         0.000622223
                  16           -0.758576            -0.75743          0.00058801
                  17             -0.7589           -0.757516         0.000559747
                  18            -0.76066           -0.757691         0.000555234
                  19           -0.757324           -0.757671         0.000526346
                  20           -0.760308           -0.757803         0.000516274
