                   1            0.009678            0.009678                   0
                   2            0.026652            0.018165          0.00600122
                   3           -0.003714            0.010872          0.00717391
                   4            0.022694           0.0138275          0.00595821
                   5            0.009592           0.0129804          0.00482641
                   6           -0.009718          0.00919733          0.00530122
                   7            0.013066             0.00975          0.00457262
                   8           -0.023172          0.00563475          0.00555218
                   9            0.021532          0.00740111          0.00520867
                  10            0.013852           0.0080462          0.00472758
                  11            0.005114          0.00777964          0.00430531
                  12            0.012952          0.00821067          0.00396805
                  13            0.003452          0.00784462          0.00367966
                  14           -0.026324            0.005404          0.00414799
                  15            0.009048          0.00564693          0.00387857
                  16            0.004658          0.00558512          0.00363665
                  17           -0.027768          0.00362318          0.00391636
                  18           -0.007278          0.00301756          0.00374532
                  19            0.016444          0.00372421          0.00361425
                  20            0.029336           0.0050048          0.00365337
