                   1             3.00171             3.00171                   0
                   2             2.85985             2.93078           0.0501581
                   3             2.91229             2.92462           0.0338154
                   4             2.85138             2.90631           0.0299101
                   5             2.87619             2.90028           0.0245271
                   6             2.84246             2.89065           0.0222525
                   7             3.01034             2.90775           0.0247877
                   8             2.89383             2.90601           0.0217502
                   9             3.05626              2.9227           0.0249304
                  10             2.96532             2.92696           0.0227988
                  11             2.86037             2.92091           0.0215149
                  12             3.07748             2.93396           0.0233456
                  13             2.91513             2.93251           0.0215946
                  14             2.88091             2.92882           0.0203642
                  15             3.00896             2.93417           0.0196949
                  16             2.99073              2.9377           0.0187786
                  17             2.96246             2.93916           0.0177303
                  18             2.91806             2.93798            0.016784
                  19             2.81645             2.93159           0.0170761
                  20             3.10987              2.9405           0.0184024
