                   1            0.317331            0.317331                   0
                   2            0.313755            0.315543           0.0012643
                   3            0.313303            0.314796          0.00104031
                   4            0.311492             0.31397          0.00105859
                   5            0.311068             0.31339         0.000993339
                   6            0.318573            0.314254          0.00114327
                   7            0.317804            0.314761          0.00108661
                   8            0.311743            0.314384          0.00101417
                   9            0.324339             0.31549          0.00137853
                  10            0.320941            0.316035          0.00134415
                  11            0.312883            0.315748          0.00125213
                  12            0.329779            0.316918          0.00160328
                  13            0.320644            0.317204          0.00150536
                  14            0.320287            0.317424          0.00141385
                  15            0.314884            0.317255           0.0013297
                  16            0.317387            0.317263          0.00124662
                  17            0.323282            0.317617          0.00122253
                  18            0.311139            0.317257          0.00120644
                  19            0.307152            0.316726          0.00125471
                  20            0.321128            0.316946          0.00121113
