                   1           -0.660558           -0.660558                   0
                   2           -0.660272           -0.660415         0.000100833
                   3           -0.661453           -0.660761         0.000290364
                   4           -0.660027           -0.660577         0.000269637
                   5           -0.659568           -0.660376         0.000281283
                   6           -0.659173           -0.660175         0.000297398
                   7           -0.661264           -0.660331         0.000292784
                   8           -0.659565           -0.660235         0.000271393
                   9           -0.660729            -0.66029         0.000246732
                  10            -0.65982           -0.660243         0.000226485
                  11           -0.657613           -0.660004         0.000307163
                  12           -0.660412           -0.660038          0.00028344
                  13           -0.657224           -0.659821         0.000334222
                  14           -0.660458           -0.659867         0.000313425
                  15           -0.658805           -0.659796         0.000300422
                  16           -0.659736           -0.659792         0.000281669
                  17           -0.660282           -0.659821         0.000266572
                  18           -0.659218           -0.659788         0.000253856
                  19           -0.659326           -0.659763         0.000241652
                  20           -0.662039           -0.659877         0.000254952
