                   1             155.097             155.097                   0
                   2             156.229             155.663            0.400329
                   3             153.422             154.916            0.665883
                   4             154.182             154.733            0.524059
                   5             156.219              155.03            0.496476
                   6             156.248             155.233            0.453351
                   7             156.212             155.373            0.409611
                   8              156.25             155.483            0.372794
                   9             156.156             155.557            0.338797
                  10             156.249             155.627            0.311905
                  11             156.249             155.683            0.288633
                  12             156.187             155.725             0.26762
                  13             156.245             155.765            0.250007
                  14             155.828              155.77            0.232189
                  15             156.014             155.786            0.217281
                  16             155.495             155.768            0.204458
                  17             154.457             155.691             0.20645
                  18             155.933             155.704             0.19542
                  19             154.528             155.642            0.194686
                  20             156.243             155.672            0.187258
