                   1           0.0652491           0.0652491                   0
                   2          0.00234199           0.0337955            0.022241
                   3           0.0763203           0.0479705           0.0188096
                   4           0.0505606            0.048618           0.0141184
                   5          0.00296593           0.0394876           0.0139378
                   6         0.000312469           0.0329584           0.0130549
                   7          0.00234199           0.0285846              0.0119
                   8                   0           0.0250115           0.0109358
                   9          0.00468047           0.0227525          0.00995128
                  10         0.000156242           0.0204929          0.00920913
                  11         0.000312469           0.0186583          0.00855272
                  12          0.00452468           0.0174805          0.00792068
                  13         0.000624875           0.0161839          0.00741676
                  14           0.0146185           0.0160721          0.00688783
                  15          0.00888087           0.0155927          0.00644531
                  16           0.0207972            0.015918          0.00605068
                  17           0.0438967           0.0175638          0.00591435
                  18            0.009968           0.0171418          0.00560081
                  19           0.0402491            0.018358          0.00543647
                  20         0.000937219           0.0174869          0.00523396
