                   1             0.26061             0.26061                   0
                   2            0.262852            0.261731         0.000792667
                   3            0.226478             0.24998          0.00960919
                   4            0.235158            0.246275          0.00788907
                   5            0.260454             0.24911           0.0068019
                   6            0.280018            0.254262          0.00736492
                   7            0.244506            0.252868           0.0064433
                   8             0.32462            0.261837           0.0101081
                   9            0.282812            0.264168          0.00924973
                  10            0.269928            0.264744          0.00834268
                  11             0.27279            0.265475          0.00761625
                  12            0.266834            0.265588          0.00698241
                  13            0.257558            0.264971          0.00647257
                  14            0.214748            0.261383          0.00693345
                  15            0.242908            0.260152          0.00657971
                  16            0.268196            0.260654          0.00618766
                  17             0.18677            0.256308          0.00718979
                  18            0.224748            0.254555          0.00700088
                  19            0.227742            0.253144          0.00677315
                  20             0.25489            0.253231          0.00643506
