                   1            0.492818            0.492818                   0
                   2            0.487006            0.489912          0.00205464
                   3            0.482974            0.487599          0.00233282
                   4            0.483706            0.486626          0.00194202
                   5            0.511961            0.491693          0.00479098
                   6            0.471063            0.488255          0.00507859
                   7            0.506132            0.490809          0.00495379
                   8            0.506787            0.492806          0.00472007
                   9            0.508863             0.49459          0.00452025
                  10            0.496356            0.494767          0.00407168
                  11            0.492982            0.494604          0.00370475
                  12            0.485241            0.493824          0.00347723
                  13            0.489307            0.493477          0.00322707
                  14            0.479281            0.492463          0.00315184
                  15            0.495536            0.492668          0.00294837
                  16            0.500853            0.493179          0.00280813
                  17            0.478154            0.492295          0.00277855
                  18            0.490033             0.49217          0.00262703
                  19            0.487832            0.491941          0.00249866
                  20            0.480678            0.491378          0.00243637
