                   1           -0.647879           -0.647879                   0
                   2           -0.645618           -0.646749          0.00079937
                   3           -0.646986           -0.646828         0.000536813
                   4            -0.64602           -0.646626         0.000438941
                   5           -0.644304           -0.646162         0.000543837
                   6            -0.64565           -0.646076         0.000459832
                   7           -0.646751           -0.646173         0.000404125
                   8           -0.645217           -0.646053         0.000370856
                   9           -0.645845            -0.64603         0.000330372
                  10           -0.644425            -0.64587          0.00033405
                  11           -0.642473           -0.645561         0.000422942
                  12           -0.645262           -0.645536         0.000388429
                  13           -0.643614           -0.645388         0.000385653
                  14           -0.645111           -0.645368         0.000358613
                  15           -0.645292           -0.645363         0.000334742
                  16           -0.644131           -0.645286         0.000322566
                  17           -0.645077           -0.645274         0.000303827
                  18           -0.646321           -0.645332         0.000292465
                  19           -0.645745           -0.645354         0.000277878
                  20           -0.648731           -0.645523         0.000311075
