                   1             0.09136             0.09136                   0
                   2            0.072912            0.082136          0.00652235
                   3            0.068902           0.0777247          0.00564627
                   4             0.07141            0.076146          0.00444993
                   5            0.070424           0.0750016          0.00370418
                   6            0.066704           0.0736187          0.00333499
                   7            0.074366           0.0737254          0.00286027
                   8             0.06144           0.0721897          0.00288569
                   9             0.08005           0.0730631          0.00269398
                  10            0.086662            0.074423          0.00274645
                  11            0.071674           0.0741731          0.00250811
                  12            0.081508           0.0747843          0.00237242
                  13            0.075316           0.0748252          0.00219028
                  14             0.05877           0.0736784          0.00231467
                  15            0.081004           0.0741668          0.00221127
                  16            0.064126           0.0735393          0.00216028
                  17             0.07043           0.0733564          0.00204094
                  18            0.068056           0.0730619          0.00194868
                  19            0.072052           0.0730087          0.00184684
                  20            0.084128           0.0735647          0.00183627
