                   1             0.99455             0.99455                   0
                   2                   1            0.997275          0.00192687
                   3                   1            0.998183           0.0014833
                   4                   1            0.998637          0.00117996
                   5                   1             0.99891         0.000974926
                   6                   1            0.999092         0.000829191
                   7                   1            0.999221         0.000720817
                   8                   1            0.999319         0.000637251
                   9                   1            0.999394         0.000570923
                  10                   1            0.999455         0.000517032
                  11                   1            0.999505         0.000472397
                  12                   1            0.999546         0.000434831
                  13                   1            0.999581         0.000402784
                  14                   1            0.999611         0.000375125
                  15                   1            0.999637         0.000351013
                  16                   1            0.999659         0.000329809
                  17                   1            0.999679         0.000311016
                  18                   1            0.999697         0.000294247
                  19                   1            0.999713         0.000279192
                  20                   1            0.999727           0.0002656
