                   1             191.739             191.739                   0
                   2             192.308             192.023            0.201161
                   3             192.308             192.118            0.154854
                   4             192.308             192.165            0.123185
                   5             192.308             192.194             0.10178
                   6             192.308             192.213           0.0865659
                   7             192.308             192.226           0.0752519
                   8             192.308             192.237           0.0665277
                   9             192.308             192.244           0.0596033
                  10             192.308             192.251           0.0539772
                  11             192.308             192.256           0.0493174
                  12             192.308              192.26           0.0453955
                  13             192.308             192.264           0.0420498
                  14             192.308             192.267           0.0391623
                  15             192.308              192.27           0.0366451
                  16             192.308             192.272           0.0344314
                  17             192.308             192.274           0.0324695
                  18             192.308             192.276           0.0307188
                  19             192.308             192.278           0.0291471
                  20             192.308             192.279           0.0277281
