                   1           -0.998584           -0.998584                   0
                   2                  -1           -0.999292         0.000500632
                   3                  -1           -0.999528         0.000385386
                   4                  -1           -0.999646         0.000306573
                   5                  -1           -0.999717         0.000253302
                   6                  -1           -0.999764         0.000215438
                   7                  -1           -0.999798          0.00018728
                   8                  -1           -0.999823         0.000165568
                   9                  -1           -0.999843         0.000148335
                  10                  -1           -0.999858         0.000134334
                  11           -0.999996           -0.999871         0.000122702
                  12                  -1           -0.999882         0.000112948
                  13                  -1           -0.999891         0.000104626
                  14           -0.999992           -0.999898          9.7402e-05
                  15                  -1           -0.999905         9.11456e-05
                  16                  -1           -0.999911         8.56429e-05
                  17                  -1           -0.999916         8.07659e-05
                  18                  -1           -0.999921         7.64136e-05
                  19                  -1           -0.999925         7.25058e-05
                  20                  -1           -0.999929         6.89778e-05
