                   1             205.466             205.466                   0
                   2             208.333               206.9             1.01361
                   3             208.333             207.378            0.780276
                   4             208.333             207.617            0.620706
                   5             208.333              207.76             0.51285
                   6             208.333             207.856            0.436187
                   7             208.333             207.924            0.379178
                   8             208.333             207.975            0.335219
                   9             208.333             208.015            0.300328
                  10             208.333             208.047             0.27198
                  11             208.333             208.073            0.248493
                  12             208.333             208.094            0.228733
                  13             208.333             208.113            0.211875
                  14             208.331             208.128            0.197314
                  15             208.333             208.142            0.184632
                  16             208.333             208.154             0.17348
                  17             208.333             208.165            0.163595
                  18             208.333             208.174            0.154775
                  19             208.333             208.182            0.146857
                  20             208.333              208.19            0.139708
