                   1             0.32527             0.32527                   0
                   2            0.336422            0.330846          0.00394283
                   3            0.280728             0.31414           0.0138913
                   4            0.285244            0.306916           0.0121526
                   5            0.253322            0.296197            0.013654
                   6            0.277732             0.29312           0.0117201
                   7            0.295336            0.293436             0.01005
                   8             0.31848            0.296567          0.00926852
                   9            0.279704            0.294693          0.00842594
                  10            0.349366             0.30016          0.00918745
                  11             0.24156            0.294833          0.00977547
                  12            0.289028            0.294349          0.00897281
                  13             0.26017             0.29172          0.00865923
                  14            0.289956            0.291594          0.00804163
                  15             0.31485            0.293145          0.00765352
                  16            0.212266             0.28809          0.00868551
                  17            0.283808            0.287838          0.00817825
                  18            0.274894            0.287119          0.00775546
                  19            0.275348            0.286499          0.00737198
                  20            0.328098            0.288579          0.00729089
