                   1             19.2969             19.2969                   0
                   2             20.4678             19.8823            0.413994
                   3             16.8218             18.8621            0.877516
                   4             16.4909             18.2693            0.834697
                   5              17.909             18.1973            0.670861
                   6             16.6744             17.9435            0.605165
                   7             18.9618             18.0889            0.535915
                   8             18.4357             18.1323            0.470676
                   9             16.1231              17.909            0.468338
                  10             19.8662             18.1048            0.460588
                  11             16.1914             17.9308            0.450365
                  12             16.4309             17.8058             0.42983
                  13             18.3127             17.8448            0.398531
                  14             18.7068             17.9064            0.374791
                  15             17.9023             17.9061            0.349805
                  16             16.3095             17.8063            0.341879
                  17             17.2461             17.7734            0.323353
                  18              19.235             17.8546             0.31542
                  19             15.8237             17.7477            0.316413
                  20             19.1525             17.8179             0.30829
