                   1              2.2925              2.2925                   0
                   2              2.1716             2.23205           0.0427448
                   3             2.30676             2.25695           0.0350075
                   4             2.21517             2.24651           0.0277701
                   5             2.23535             2.24428           0.0223055
                   6             2.26651             2.24798           0.0188933
                   7             2.28526             2.25331            0.016928
                   8             2.25826             2.25393           0.0148233
                   9             2.36585             2.26636           0.0176379
                  10             2.31664             2.27139           0.0165752
                  11             2.23589             2.26816           0.0153792
                  12             2.31685             2.27222           0.0146229
                  13             2.20781             2.26726           0.0143128
                  14             2.22885             2.26452           0.0135509
                  15             2.28038             2.26558           0.0126887
                  16             2.32332             2.26919           0.0123983
                  17             2.32506             2.27247           0.0120968
                  18             2.25501              2.2715           0.0114636
                  19             2.24299                2.27            0.010958
                  20             2.36122             2.27456           0.0113196
