                   1            0.017484            0.017484                   0
                   2            0.005692            0.011588           0.0041691
                   3            -0.00788          0.00509867          0.00598326
                   4             -0.0051            0.002549          0.00500127
                   5           -0.005198           0.0009996          0.00423423
                   6            0.003846            0.001474            0.003555
                   7           -0.000306          0.00121971          0.00305622
                   8            -0.00095           0.0009485           0.0026862
                   9            0.006306          0.00154378          0.00245281
                  10            -0.00229           0.0011604          0.00223729
                  11              0.0081          0.00179127          0.00212098
                  12           -0.002676            0.001419          0.00197663
                  13           -0.006774         0.000788769          0.00192243
                  14             0.00827          0.00132314           0.0018579
                  15           -0.001278          0.00114973          0.00174211
                  16              -2e-06          0.00107775          0.00163472
                  17           -0.009532         0.000453647          0.00165341
                  18            -0.00698         4.06667e-05           0.0016123
                  19            -0.00469        -0.000208316          0.00154655
                  20            -0.00854          -0.0006249           0.0015243
