                   1            -0.61056            -0.61056                   0
                   2            -0.61374            -0.61215           0.0011243
                   3           -0.610508           -0.611603         0.000872649
                   4           -0.608472            -0.61082          0.00094222
                   5            -0.61112            -0.61088         0.000755684
                   6           -0.608828           -0.610538         0.000702878
                   7           -0.608992           -0.610317          0.00063622
                   8           -0.608348           -0.610071         0.000602428
                   9           -0.609388           -0.609995         0.000540251
                  10           -0.608464           -0.609842         0.000507458
                  11           -0.610824           -0.609931         0.000469113
                  12           -0.606728           -0.609664         0.000500236
                  13            -0.60938           -0.609642         0.000462234
                  14            -0.60904           -0.609599         0.000431216
                  15            -0.61172           -0.609741          0.00042501
                  16           -0.610728           -0.609803         0.000402901
                  17           -0.610732           -0.609857         0.000382893
                  18           -0.609904            -0.60986          0.00036163
                  19           -0.611212           -0.609931          0.00034953
                  20           -0.610564           -0.609963         0.000333483
