                   1            -0.46298            -0.46298                   0
                   2           -0.466992           -0.464986          0.00141846
                   3           -0.464268           -0.464747         0.000965618
                   4           -0.465396           -0.464909         0.000737732
                   5           -0.462232           -0.464374         0.000760027
                   6           -0.464176           -0.464341         0.000634069
                   7           -0.464984           -0.464433         0.000550108
                   8           -0.465352           -0.464548         0.000493204
                   9           -0.465908           -0.464699         0.000460988
                  10           -0.464316            -0.46466         0.000416475
                  11            -0.46354           -0.464559          0.00039087
                  12           -0.461376           -0.464293          0.00043915
                  13           -0.464536           -0.464312         0.000405766
                  14           -0.465988           -0.464432         0.000394047
                  15           -0.465248           -0.464486         0.000371516
                  16           -0.464076            -0.46446         0.000349179
                  17            -0.46352           -0.464405         0.000332993
                  18           -0.464996           -0.464438         0.000316107
                  19            -0.46458           -0.464445         0.000299558
                  20           -0.465256           -0.464486         0.000287309
