                   1            -0.69473            -0.69473                   0
                   2           -0.700286           -0.697508          0.00196427
                   3           -0.695626           -0.696881          0.00140609
                   4           -0.698204           -0.697212          0.00109281
                   5           -0.696282           -0.697026         0.000889906
                   6           -0.695017           -0.696691         0.000802096
                   7           -0.697222           -0.696767         0.000691089
                   8           -0.697864           -0.696904         0.000618166
                   9           -0.697679            -0.69699         0.000555451
                  10           -0.696037           -0.696895          0.00050802
                  11            -0.69874           -0.697063         0.000488746
                  12           -0.697133           -0.697068         0.000448052
                  13           -0.697738            -0.69712         0.000416541
                  14            -0.69478           -0.696953         0.000418994
                  15           -0.696365           -0.696914         0.000392891
                  16           -0.698896           -0.697037         0.000387382
                  17           -0.698212           -0.697107         0.000370704
                  18           -0.695601           -0.697023          0.00035942
                  19           -0.697055           -0.697025         0.000340507
                  20           -0.698929            -0.69712         0.000336534
