                   1            0.388925            0.388925                   0
                   2            0.382605            0.385765          0.00223435
                   3            0.380563            0.384031          0.00205503
                   4            0.390466             0.38564          0.00207765
                   5            0.373791             0.38327          0.00269363
                   6            0.388188             0.38409           0.0023661
                   7             0.38435            0.384127          0.00202838
                   8            0.394378            0.385408          0.00214167
                   9            0.393413            0.386298           0.0020802
                  10            0.384735            0.386141          0.00187805
                  11            0.385122            0.386049           0.0017096
                  12            0.387945            0.386207          0.00157442
                  13            0.399829            0.387255          0.00176797
                  14            0.378555            0.386633          0.00174748
                  15             0.38812            0.386732          0.00163379
                  16            0.384797            0.386611          0.00153615
                  17            0.389402            0.386776          0.00145453
                  18            0.387078            0.386792          0.00137382
                  19            0.386515            0.386778          0.00130159
                  20            0.391045            0.386991          0.00125388
