                   1             4.88377             4.88377                   0
                   2             5.13851             5.01114           0.0900661
                   3              4.9894             5.00389           0.0603348
                   4             5.02933             5.01025           0.0455851
                   5             4.89897               4.988           0.0415479
                   6             4.98385             4.98731            0.034629
                   7             5.12671             5.00722           0.0349424
                   8             5.17305             5.02795           0.0362046
                   9             5.20013             5.04708            0.036892
                  10             4.84838             5.02721           0.0381807
                  11             5.19583             5.04254           0.0376614
                  12             5.17221             5.05335           0.0360397
                  13             5.22606             5.06663           0.0356322
                  14             4.97242              5.0599           0.0337164
                  15             5.02255             5.05741           0.0315604
                  16             5.20056             5.06636             0.03083
                  17             5.20197             5.07434           0.0300307
                  18             4.90671             5.06502           0.0297713
                  19             5.14343             5.06915           0.0284889
                  20             5.08938             5.07016           0.0270824
