                   1           -0.511767           -0.511767                   0
                   2           -0.515456           -0.513611          0.00130427
                   3           -0.512286           -0.513169         0.000941364
                   4            -0.51271           -0.513055         0.000712984
                   5           -0.512124           -0.512869         0.000594187
                   6           -0.512575            -0.51282         0.000497168
                   7           -0.515359           -0.513182         0.000542551
                   8           -0.510328           -0.512825          0.00058031
                   9            -0.51267           -0.512808         0.000516088
                  10           -0.511441           -0.512672         0.000482249
                  11           -0.512356           -0.512643         0.000439258
                  12            -0.51228           -0.512613         0.000403694
                  13           -0.513789           -0.512703         0.000382653
                  14           -0.512762           -0.512707         0.000355344
                  15           -0.514976           -0.512859         0.000362415
                  16            -0.51497           -0.512991         0.000362988
                  17              -0.513           -0.512991         0.000341636
                  18           -0.513363           -0.513012          0.00032328
                  19           -0.513355            -0.51303         0.000306769
                  20           -0.513249           -0.513041         0.000291627
