                   1             1.41526             1.41526                   0
                   2             1.38018             1.39772           0.0124042
                   3             1.41906             1.40483           0.0101042
                   4             1.37295             1.39686           0.0102514
                   5             1.38244             1.39398          0.00859754
                   6             1.41412             1.39733          0.00779255
                   7             1.40191             1.39799          0.00670665
                   8             1.37893             1.39561          0.00627697
                   9             1.39574             1.39562          0.00557955
                  10             1.38172             1.39423          0.00519192
                  11             1.40548             1.39525          0.00481953
                  12             1.40535             1.39609           0.0044907
                  13             1.42673             1.39845           0.0047232
                  14             1.41189             1.39941          0.00448227
                  15             1.41008             1.40012          0.00423947
                  16             1.41999             1.40136          0.00415239
                  17             1.44309             1.40382          0.00457658
                  18             1.40496             1.40388          0.00432277
                  19             1.38105             1.40268          0.00425902
                  20             1.44279             1.40468          0.00449344
