                   1             206.879             206.879                   0
                   2             208.333             207.606            0.514155
                   3             208.333             207.849            0.395797
                   4             208.333              207.97            0.314854
                   5             208.333             208.042            0.260144
                   6             208.333             208.091            0.221257
                   7             208.333             208.126            0.192339
                   8             208.333             208.152            0.170041
                   9             208.333             208.172            0.152342
                  10             208.333             208.188            0.137962
                  11             208.333             208.201            0.126052
                  12             208.333             208.212            0.116028
                  13             208.333             208.221            0.107477
                  14             208.333             208.229            0.100096
                  15             208.333             208.236           0.0936626
                  16             208.333             208.242           0.0880045
                  17             208.333             208.248             0.08299
                  18             208.333             208.253           0.0785154
                  19             208.333             208.257           0.0744981
                  20             208.333             208.261           0.0708714
