                   1            0.995614            0.995614                   0
                   2                   1            0.997807          0.00155069
                   3                   1            0.998538          0.00119372
                   4                   1            0.998904         0.000949597
                   5                   1            0.999123         0.000784592
                   6                   1            0.999269         0.000667309
                   7                   1            0.999373         0.000580092
                   8                   1            0.999452         0.000512841
                   9                   1            0.999513         0.000459462
                  10                   1            0.999561         0.000416092
                  11                   1            0.999601         0.000380172
                  12                   1            0.999634          0.00034994
                  13                   1            0.999663         0.000324149
                  14                   1            0.999687          0.00030189
                  15                   1            0.999708         0.000282485
                  16                   1            0.999726          0.00026542
                  17                   1            0.999742         0.000250297
                  18                   1            0.999756         0.000236801
                  19                   1            0.999769         0.000224685
                  20                   1            0.999781         0.000213747
