                   1           -0.740412           -0.740412                   0
                   2           -0.742632           -0.741522         0.000784889
                   3           -0.742356             -0.7418         0.000570371
                   4           -0.743912           -0.742328         0.000626165
                   5           -0.741464           -0.742155         0.000524233
                   6           -0.742204           -0.742163         0.000436924
                   7            -0.73996           -0.741849         0.000474528
                   8           -0.743512           -0.742057         0.000458509
                   9            -0.74142           -0.741986         0.000412982
                  10           -0.739032            -0.74169          0.00046548
                  11           -0.740076           -0.741544         0.000445701
                  12           -0.738744            -0.74131         0.000465634
                  13           -0.739428           -0.741166         0.000451768
                  14           -0.739548            -0.74105         0.000434022
                  15           -0.743124           -0.741188         0.000426543
                  16           -0.741984           -0.741238         0.000402773
                  17            -0.74032           -0.741184         0.000382683
                  18            -0.74084           -0.741165           0.0003619
                  19           -0.742468           -0.741233         0.000349291
                  20           -0.747104           -0.741527         0.000438131
