                   1            0.252988            0.252988                   0
                   2            0.251074            0.252031         0.000676575
                   3            0.252896            0.252319         0.000508828
                   4            0.251766            0.252181         0.000399956
                   5            0.254019            0.252549         0.000458848
                   6            0.256054            0.253133         0.000656296
                   7            0.251302            0.252871         0.000612455
                   8            0.247202            0.252163          0.00085244
                   9             0.26033             0.25307          0.00114291
                  10            0.255048            0.253268          0.00104558
                  11            0.253699            0.253307         0.000951264
                  12            0.258188            0.253714         0.000955006
                  13            0.259492            0.254158         0.000979514
                  14            0.248603            0.253762         0.000986642
                  15            0.256866            0.253968         0.000942323
                  16            0.251431             0.25381         0.000896673
                  17            0.256318            0.253957         0.000855979
                  18             0.24672            0.253555         0.000897907
                  19              0.2532            0.253537         0.000850843
                  20            0.253243            0.253522         0.000808428
