                   1            0.040182            0.040182                   0
                   2             0.04513            0.042656          0.00174938
                   3            0.041682           0.0423313            0.001196
                   4            0.046754            0.043437          0.00131205
                   5            0.032484           0.0412464          0.00222278
                   6             0.04235           0.0414303          0.00185991
                   7             0.03817           0.0409646           0.0016515
                   8            0.043326           0.0412597           0.0014712
                   9             0.04702           0.0418998          0.00144024
                  10            0.041834           0.0418932          0.00129623
                  11            0.044932           0.0421695          0.00120747
                  12             0.05091           0.0428978          0.00130822
                  13            0.041384           0.0427814          0.00121276
                  14            0.031206           0.0419546          0.00137948
                  15            0.042606            0.041998           0.0012882
                  16            0.041592           0.0419726          0.00120794
                  17            0.041852           0.0419655           0.0011369
                  18            0.033276           0.0414828          0.00117176
                  19            0.043792           0.0416043          0.00111637
                  20            0.044942           0.0417712          0.00107296
