                   1             98.7756             98.7756                   0
                   2             98.6072             98.6914           0.0595178
                   3             95.0798             97.4875            0.983759
                   4             98.8228             97.8214            0.792437
                   5               95.68             97.3931            0.740696
                   6             99.8307             97.7994            0.720099
                   7             97.6458             97.7774            0.617562
                   8             99.0919             97.9417              0.5618
                   9             97.0965             97.8478            0.507167
                  10             97.5028             97.8133            0.457622
                  11             96.6738             97.7097            0.427584
                  12             95.3874             97.5162             0.43354
                  13             99.5095             97.6695            0.426444
                  14             99.9905             97.8353            0.426994
                  15             99.5661             97.9507            0.413824
                  16             98.3638             97.9765            0.388765
                  17             98.7148             98.0199            0.368314
                  18             100.262             98.1445             0.36832
                  19             94.0925             97.9313             0.40601
                  20             97.3794             97.9037            0.386646
