                   1            0.100612            0.100612                   0
                   2            0.093888             0.09725          0.00237729
                   3             0.08541           0.0933033          0.00359109
                   4            0.103606            0.095879          0.00349707
                   5            0.101592           0.0970216          0.00297847
                   6            0.095588           0.0967827          0.00249163
                   7            0.102206           0.0975574          0.00225292
                   8            0.108744           0.0989557          0.00236578
                   9             0.13554            0.103021          0.00437148
                  10            0.086566            0.101375           0.0042327
                  11            0.099022            0.101161          0.00385332
                  12            0.104056            0.101402          0.00353975
                  13            0.109426             0.10202          0.00332083
                  14            0.077286            0.100253          0.00352236
                  15             0.12017            0.101581          0.00352894
                  16            0.092804            0.101032          0.00335074
                  17            0.117158            0.101981          0.00328517
                  18            0.108132            0.102323          0.00312038
                  19             0.11306            0.102888          0.00300689
                  20              0.0936            0.102423          0.00289218
