                   1            0.439675            0.439675                   0
                   2            0.427406            0.433541          0.00433806
                   3            0.432014            0.433032          0.00292174
                   4            0.415874            0.428742          0.00431282
                   5            0.433663            0.429726          0.00356076
                   6            0.431559            0.430032          0.00298036
                   7            0.436365            0.430937          0.00268842
                   8            0.411616            0.428522          0.00326143
                   9            0.426884             0.42834          0.00290412
                  10            0.442848             0.42979          0.00295398
                  11            0.421167            0.429006          0.00278752
                  12            0.440016            0.429924          0.00270199
                  13            0.431899            0.430076          0.00249841
                  14            0.434246            0.430374          0.00233764
                  15            0.428037            0.430218          0.00218698
                  16            0.419069            0.429521          0.00215846
                  17            0.432554            0.429699          0.00203885
                  18            0.438109            0.430167          0.00197838
                  19            0.416576            0.429451          0.00199938
                  20            0.432371            0.429597          0.00190473
