                   1            0.049394            0.049394                   0
                   2            0.023746             0.03657          0.00906794
                   3            0.038384           0.0371747          0.00606542
                   4            0.025472            0.034249          0.00520707
                   5            0.009852           0.0293696           0.0060332
                   6            -0.03979            0.017843           0.0116617
                   7            0.046762           0.0219743           0.0107026
                   8            0.094954           0.0310967           0.0126695
                   9           -0.010584           0.0264656           0.0120786
                  10            0.027936           0.0266126           0.0108716
                  11            -0.03411           0.0210924           0.0111974
                  12             0.07208           0.0253413           0.0110411
                  13           -0.014992           0.0222388           0.0106187
                  14           -0.013146           0.0197113           0.0101566
                  15           -0.000492           0.0183644          0.00956836
                  16            0.037718            0.019574          0.00904648
                  17           -0.032232           0.0165266            0.009013
                  18           -0.041078           0.0133263          0.00906265
                  19           -0.042716           0.0103767          0.00905295
                  20             0.05147           0.0124314          0.00883039
