                   1             1.43511             1.43511                   0
                   2             1.43037             1.43274          0.00167385
                   3             1.43648             1.43399          0.00151032
                   4             1.41301             1.42874          0.00468008
                   5             1.45589             1.43417          0.00613146
                   6             1.39151             1.42706           0.0082612
                   7             1.43985             1.42889          0.00728038
                   8             1.40307             1.42566          0.00704942
                   9             1.46219             1.42972          0.00734222
                  10             1.41123             1.42787          0.00683684
                  11             1.41226             1.42645          0.00636086
                  12             1.42445             1.42629          0.00583297
                  13             1.44067             1.42739          0.00548821
                  14             1.41169             1.42627          0.00520956
                  15             1.42462             1.42616          0.00486342
                  16             1.40058             1.42456          0.00481511
                  17             1.41074             1.42375          0.00459999
                  18             1.45257             1.42535          0.00461471
                  19             1.43369             1.42579          0.00439266
                  20             1.43814             1.42641          0.00421622
