                   1             0.03239             0.03239                   0
                   2            0.038444            0.035417          0.00214041
                   3            0.035572           0.0354687          0.00142756
                   4             0.03792           0.0360815            0.001195
                   5            0.025826           0.0340304           0.0020687
                   6             0.03464            0.034132          0.00172641
                   7            0.034272            0.034152           0.0014799
                   8             0.03041           0.0336842          0.00136683
                   9             0.03575           0.0339138          0.00123409
                  10            0.033778           0.0339002          0.00111075
                  11            0.038484           0.0343169          0.00108513
                  12            0.041492           0.0349148          0.00114767
                  13            0.036262           0.0350185          0.00106406
                  14            0.023772           0.0342151          0.00125518
                  15            0.034084           0.0342064          0.00117153
                  16            0.035734           0.0343019          0.00110219
                  17             0.03888           0.0345712          0.00106975
                  18            0.028578           0.0342382          0.00106087
                  19            0.032776           0.0341613          0.00100783
                  20            0.036886           0.0342975         0.000966598
