                   1            -0.99249            -0.99249                   0
                   2            -0.99968           -0.996085          0.00254205
                   3            0.636302           -0.451956            0.444283
                   4            0.982412           -0.093364             0.45549
                   5            0.997228            0.124754            0.413331
                   6            0.999986            0.270626            0.369287
                   7            0.999776            0.374791            0.330896
                   8            0.999982             0.45294             0.29862
                   9            0.999568            0.513676            0.271546
                  10            0.999986            0.562307            0.248708
                  11            0.999816            0.602081            0.229257
                  12             0.29924            0.576844            0.211536
                  13           -0.999974             0.45555            0.227395
                  14           -0.735212            0.370496            0.226502
                  15            0.998774            0.412381             0.21524
                  16             0.99616            0.448867            0.204856
                  17            0.025986            0.423992             0.19431
                  18           -0.998574             0.34496            0.198939
                  19            0.504256            0.353344            0.188645
                  20            0.999728            0.385664             0.18196
