                   1            0.460337            0.460337                   0
                   2            0.381762            0.421049           0.0277803
                   3            0.453108            0.431736           0.0204726
                   4             0.45998            0.438797           0.0165274
                   5            0.370679            0.425173           0.0179806
                   6            0.394821            0.420114           0.0156793
                   7            0.413074            0.419109           0.0134716
                   8            0.461131            0.424362           0.0127707
                   9             0.38958            0.420497           0.0119222
                  10            0.480861            0.426533           0.0121625
                  11            0.413179            0.425319           0.0111172
                  12            0.436991            0.426292           0.0102333
                  13            0.448263            0.427982          0.00958465
                  14            0.414854            0.427044          0.00894578
                  15            0.414445            0.426204          0.00838873
                  16            0.526989            0.432503          0.00995224
                  17            0.413126            0.431364          0.00943187
                  18            0.447628            0.432267          0.00895105
                  19            0.534221            0.437633          0.00995931
                  20            0.473243            0.439414          0.00961918
