                   1             3.52088             3.52088                   0
                   2             3.63796             3.57942           0.0413929
                   3             3.65881             3.60588           0.0350475
                   4             3.47789             3.57388           0.0381944
                   5             3.56989             3.57308           0.0305639
                   6             3.54901             3.56907            0.025732
                   7              3.4517              3.5523           0.0269715
                   8             3.39797             3.53301           0.0297086
                   9             3.59197             3.53956           0.0271202
                  10             3.57574             3.54318           0.0246483
                  11             3.50947             3.54012           0.0225972
                  12             3.47983             3.53509           0.0212652
                  13             3.42432             3.52657           0.0212682
                  14             3.54155             3.52764            0.019776
                  15             3.65247             3.53596           0.0201326
                  16             3.55384             3.53708           0.0189053
                  17             3.64076             3.54318           0.0187511
                  18             3.57205             3.54478           0.0177778
                  19             3.52197             3.54358           0.0168827
                  20             3.66471             3.54964           0.0170903
