                   1           -0.637976           -0.637976                   0
                   2           -0.641865            -0.63992          0.00137501
                   3           -0.639554           -0.639798         0.000922073
                   4           -0.639644            -0.63976         0.000692357
                   5           -0.638014           -0.639411         0.000635856
                   6           -0.638623           -0.639279         0.000543272
                   7           -0.640278           -0.639422         0.000484029
                   8            -0.63768           -0.639204         0.000469937
                   9           -0.639185           -0.639202         0.000417727
                  10           -0.637478            -0.63903         0.000410001
                  11           -0.639574           -0.639079         0.000375698
                  12           -0.636495           -0.638864         0.000401395
                  13           -0.636477            -0.63868         0.000410366
                  14           -0.638158           -0.638643         0.000382748
                  15           -0.640766           -0.638784         0.000382517
                  16           -0.640879           -0.638915         0.000380363
                  17           -0.640075           -0.638984         0.000364059
                  18           -0.638177           -0.638939         0.000346582
                  19           -0.639741           -0.638981         0.000330901
                  20           -0.640649           -0.639064         0.000324694
