                   1             0.00262             0.00262                   0
                   2           -0.004386           -0.000883            0.002477
                   3           -0.002482           -0.001416          0.00170771
                   4           -0.003848           -0.002024           0.0013848
                   5             0.01693           0.0017668          0.00356699
                   6            0.003194          0.00200467          0.00298041
                   7            0.014348            0.003768          0.00303172
                   8            0.001598          0.00349675          0.00266486
                   9           -0.002244          0.00285889          0.00244392
                  10            0.003966           0.0029696          0.00220203
                  11           -0.004822          0.00226127           0.0021127
                  12              0.0017           0.0022145          0.00193716
                  13            0.001964          0.00219523          0.00178824
                  14           -0.009542          0.00135686          0.00184661
                  15            -0.01286         0.000409067          0.00195163
                  16             0.00096           0.0004435          0.00182996
                  17            0.006992         0.000828706          0.00176239
                  18           -0.005634         0.000469667          0.00170066
                  19            0.008508         0.000892737          0.00166294
                  20           -0.002458           0.0007252          0.00158821
