                   1             0.53986             0.53986                   0
                   2            0.562172            0.551016          0.00788848
                   3            0.544136            0.548723           0.0055824
                   4            0.472978            0.529786           0.0169252
                   5            0.576868            0.539203           0.0159458
                   6            0.547666            0.540613           0.0133504
                   7            0.547246            0.541561           0.0114768
                   8            0.521464            0.539049           0.0103135
                   9            0.578346            0.543415           0.0100494
                  10            0.470034            0.536077           0.0114134
                  11            0.468118            0.529899           0.0119313
                  12            0.473964            0.525238           0.0118125
                  13            0.511528            0.524183           0.0109508
                  14             0.50445            0.522774           0.0102589
                  15            0.520256            0.522606          0.00957638
                  16            0.418086            0.516073           0.0109822
                  17            0.573266            0.519438           0.0108392
                  18            0.489854            0.517794           0.0103609
                  19            0.496464            0.516671          0.00987622
                  20             0.43562            0.512619             0.01018
