                   1             40.7985             40.7985                   0
                   2             40.1915              40.495            0.214597
                   3             41.1262             40.7054            0.223549
                   4             34.3747             39.1227             1.38085
                   5             40.7992              39.458             1.14466
                   6              39.092              39.397             0.95551
                   7             40.2202             39.5146            0.826213
                   8             39.3537             39.4945            0.723181
                   9             39.4529             39.4899            0.642843
                  10             35.8919             39.1301            0.671743
                  11             36.7953             38.9178            0.643336
                  12             35.1654             38.6051             0.66137
                  13             38.2079             38.5746            0.611201
                  14              37.734             38.5145            0.570485
                  15             40.0344             38.6159            0.541376
                  16             35.4457             38.4177            0.542588
                  17             40.5043             38.5405            0.524369
                  18             39.6004             38.5994            0.498533
                  19             37.6131             38.5474            0.474989
                  20             35.6138             38.4008            0.473347
