                   1             2.12151             2.12151                   0
                   2             1.99596             2.05874             0.04439
                   3             2.08987             2.06911           0.0307824
                   4             2.08924             2.07415           0.0234946
                   5             2.11354             2.08202           0.0200733
                   6             2.08738             2.08292           0.0167476
                   7             2.06384             2.08019           0.0145752
                   8             2.07948              2.0801           0.0127536
                   9              2.0397             2.07561           0.0121007
                  10             2.10918             2.07897           0.0113466
                  11             2.06273             2.07749           0.0104107
                  12             2.08061             2.07775          0.00954633
                  13             2.06377             2.07668           0.0088724
                  14             2.08939             2.07759          0.00828496
                  15             2.09241             2.07857          0.00779137
                  16             2.07108             2.07811          0.00731846
                  17             2.09942             2.07936          0.00699457
                  18             2.07415             2.07907          0.00661198
                  19             2.02834              2.0764          0.00678164
                  20             2.09246              2.0772           0.0064899
