                   1            0.268068            0.268068                   0
                   2            0.261385            0.264726          0.00236288
                   3             0.25908            0.262844          0.00220061
                   4            0.262611            0.262786          0.00165123
                   5             0.26137            0.262503          0.00134506
                   6            0.255585             0.26135          0.00153758
                   7            0.258599            0.260957          0.00136723
                   8            0.261205            0.260988          0.00119668
                   9            0.265335            0.261471          0.00115712
                  10            0.259703            0.261294          0.00105483
                  11            0.260063            0.261182         0.000964852
                  12            0.263356            0.261363           0.0009013
                  13            0.266844            0.261785         0.000925319
                  14            0.262795            0.261857         0.000862033
                  15            0.265076            0.262072          0.00083084
                  16            0.262744            0.262114         0.000779974
                  17             0.26027            0.262005         0.000741594
                  18            0.266692            0.262266         0.000744713
                  19            0.262271            0.262266         0.000705517
                  20            0.265498            0.262427           0.0006885
