                   1            0.233897            0.233897                   0
                   2            0.235667            0.234782         0.000625802
                   3             0.23557            0.235045         0.000469002
                   4            0.229374            0.233627          0.00127712
                   5            0.234216            0.233745          0.00102712
                   6            0.233098            0.233637         0.000861574
                   7            0.238086            0.234273         0.000944258
                   8            0.233738            0.234206         0.000828591
                   9            0.234322            0.234219         0.000736626
                  10            0.236428             0.23444         0.000695299
                  11            0.236163            0.234596         0.000649505
                  12            0.237823            0.234865         0.000648657
                  13            0.235008            0.234876         0.000598853
                  14            0.233934            0.234809         0.000559849
                  15             0.23486            0.234812         0.000522536
                  16            0.240155            0.235146          0.00058695
                  17            0.235638            0.235175         0.000553135
                  18            0.232661            0.235035         0.000539746
                  19             0.23463            0.235014         0.000511761
                  20            0.240309            0.235279         0.000550411
