                   1           -0.512276           -0.512276                   0
                   2           -0.513964            -0.51312         0.000596798
                   3            -0.51202           -0.512753         0.000497922
                   4           -0.510184           -0.512111         0.000670002
                   5           -0.511572           -0.512003         0.000544605
                   6           -0.512868           -0.512147         0.000472526
                   7           -0.513136           -0.512289         0.000425607
                   8           -0.508536            -0.51182         0.000575509
                   9           -0.511068           -0.511736         0.000517586
                  10            -0.51062           -0.511624         0.000477707
                  11           -0.511024            -0.51157         0.000437386
                  12           -0.510044           -0.511443         0.000419012
                  13           -0.513072           -0.511568         0.000405091
                  14            -0.51114           -0.511537         0.000377308
                  15           -0.512756           -0.511619         0.000360794
                  16           -0.512752            -0.51169         0.000345127
                  17           -0.513056            -0.51177         0.000334056
                  18            -0.51068           -0.511709         0.000320937
                  19           -0.512732           -0.511763         0.000308526
                  20           -0.512348           -0.511792         0.000294483
