                   1             0.56793             0.56793                   0
                   2             0.61344            0.590685           0.0160902
                   3            0.581888            0.587753           0.0109908
                   4             0.62143            0.596172           0.0110051
                   5             0.62773            0.602484           0.0104585
                   6            0.573984            0.597734           0.0097345
                   7            0.630334            0.602391          0.00939206
                   8            0.598474            0.601901          0.00823081
                   9            0.677112            0.610258           0.0107519
                  10            0.569518            0.606184             0.01042
                  11            0.642838            0.609516          0.00999134
                  12            0.404598             0.59244             0.01874
                  13             0.66825            0.598271           0.0181832
                  14            0.679814            0.604096           0.0177928
                  15            0.655672            0.607534           0.0169356
                  16             0.53762            0.603165           0.0164312
                  17            0.545174            0.599753           0.0158148
                  18            0.552914            0.597151           0.0151487
                  19            0.555182            0.594942           0.0145116
                  20            0.567638            0.593577           0.0138501
