                   1            0.533378            0.533378                   0
                   2            0.500337            0.516858           0.0116816
                   3            0.508245            0.513987          0.00813293
                   4            0.521711            0.515918          0.00632478
                   5            0.487751            0.510284          0.00714067
                   6            0.521257            0.512113          0.00618031
                   7             0.51378            0.512351          0.00530199
                   8             0.50307            0.511191          0.00476449
                   9            0.523797            0.512592          0.00443622
                  10            0.524568            0.513789           0.0041511
                  11            0.499845            0.512522          0.00396257
                  12             0.52746            0.513767           0.0038229
                  13            0.525519            0.514671          0.00363415
                  14            0.500276            0.513642          0.00351701
                  15            0.489561            0.512037          0.00363053
                  16            0.507204            0.511735          0.00341616
                  17            0.492584            0.510608          0.00339588
                  18            0.520776            0.511173          0.00325386
                  19            0.516585            0.511458          0.00309505
                  20            0.527577            0.512264          0.00304341
