                   1           -0.950811           -0.950811                   0
                   2           -0.952997           -0.951904         0.000772938
                   3           -0.953586           -0.952464         0.000689279
                   4           -0.949481           -0.951718          0.00082739
                   5           -0.957423           -0.952859          0.00121628
                   6            -0.94816           -0.952076          0.00124039
                   7           -0.948831           -0.951612          0.00114656
                   8           -0.950117           -0.951426          0.00101836
                   9            -0.95663           -0.952004          0.00105673
                  10           -0.943818           -0.951185          0.00122781
                  11           -0.949701            -0.95105          0.00112358
                  12           -0.937824           -0.949948          0.00147459
                  13           -0.953525           -0.950223          0.00138659
                  14           -0.956204            -0.95065          0.00135176
                  15           -0.956497            -0.95104          0.00131664
                  16           -0.940748           -0.950397          0.00138258
                  17           -0.949511           -0.950345          0.00130223
                  18           -0.947358           -0.950179          0.00124041
                  19           -0.946468           -0.949984          0.00119041
                  20           -0.947669           -0.949868           0.0011365
