                   1           -0.467807           -0.467807                   0
                   2           -0.472122           -0.469964          0.00152575
                   3           -0.469343           -0.469757          0.00103114
                   4           -0.470198           -0.469868         0.000779228
                   5           -0.466635           -0.469221         0.000850329
                   6           -0.469815            -0.46932         0.000714357
                   7           -0.470329           -0.469464         0.000626686
                   8           -0.469866           -0.469515         0.000550361
                   9           -0.471502           -0.469735          0.00053168
                  10           -0.468765           -0.469638         0.000487281
                  11           -0.468195           -0.469507         0.000460308
                  12            -0.46594            -0.46921         0.000508942
                  13           -0.469515           -0.469233         0.000470333
                  14           -0.470793           -0.469345         0.000449739
                  15           -0.470252           -0.469405         0.000423801
                  16           -0.469354           -0.469402         0.000397325
                  17           -0.468554           -0.469352         0.000377073
                  18           -0.469871           -0.469381         0.000357223
                  19           -0.469259           -0.469375         0.000338479
                  20           -0.470221           -0.469417         0.000324188
