                   1            0.199694            0.199694                   0
                   2            0.199745             0.19972         1.80168e-05
                   3            0.202655            0.200698         0.000799044
                   4            0.201458            0.200888         0.000621446
                   5             0.20238            0.201187         0.000564291
                   6            0.203171            0.201517         0.000558852
                   7            0.206272            0.202197         0.000790534
                   8            0.201602            0.202122         0.000695204
                   9            0.205501            0.202498         0.000712116
                  10            0.199364            0.202184         0.000706508
                  11            0.202126            0.202179           0.0006423
                  12             0.20338            0.202279         0.000596524
                  13            0.209146            0.202807         0.000748854
                  14            0.200764            0.202661         0.000709446
                  15            0.205711            0.202865          0.00069067
                  16            0.201777            0.202797          0.00065084
                  17            0.199976            0.202631          0.00063335
                  18            0.202013            0.202597         0.000599093
                  19            0.201911             0.20256         0.000568648
                  20            0.199477            0.202406         0.000560732
