                   1             1.42215             1.42215                   0
                   2             1.41272             1.41743          0.00333453
                   3             1.44914               1.428          0.00891011
                   4             1.39866             1.42067          0.00921972
                   5             1.39347             1.41523          0.00883567
                   6             1.43538             1.41859          0.00797616
                   7             1.42842             1.41999          0.00695939
                   8             1.39581             1.41697            0.006714
                   9             1.42184             1.41751          0.00598974
                  10             1.38864             1.41462          0.00604659
                  11             1.42505             1.41557          0.00557066
                  12             1.42494             1.41635          0.00516091
                  13             1.44083             1.41824          0.00509594
                  14             1.42026             1.41838          0.00473399
                  15             1.41678             1.41827          0.00441959
                  16             1.44949             1.42022           0.0045536
                  17             1.46476             1.42284          0.00498252
                  18             1.40913             1.42208          0.00476364
                  19             1.41283             1.42159          0.00453772
                  20              1.4629             1.42366          0.00475761
