                   1           -0.649052           -0.649052                   0
                   2           -0.652236           -0.650644          0.00112571
                   3           -0.650036           -0.650441         0.000768503
                   4           -0.650824           -0.650537         0.000582301
                   5           -0.647612           -0.649952         0.000700563
                   6           -0.649072           -0.649805         0.000598958
                   7           -0.649124           -0.649708         0.000521241
                   8           -0.648412           -0.649546         0.000480602
                   9           -0.651524           -0.649766         0.000474802
                  10           -0.650356           -0.649825         0.000430974
                  11           -0.651624           -0.649988         0.000421692
                  12           -0.648104           -0.649831         0.000414759
                  13           -0.650636           -0.649893         0.000387446
                  14            -0.64914           -0.649839         0.000363488
                  15           -0.651144           -0.649926         0.000349505
                  16           -0.651416           -0.650019         0.000339835
                  17           -0.650452           -0.650045         0.000320795
                  18           -0.648576           -0.649963         0.000313182
                  19           -0.651084           -0.650022         0.000302201
                  20           -0.650824           -0.650062         0.000289738
