                   1             124.089             124.089                   0
                   2             123.268             123.678            0.290352
                   3             124.697             124.018            0.338103
                   4             124.323             124.094             0.26203
                   5             124.231             124.121             0.21104
                   6             124.691             124.216            0.196032
                   7             123.943             124.177             0.17188
                   8             124.628             124.234            0.159378
                   9             124.124             124.221             0.14213
                  10             123.263             124.126            0.156928
                  11             124.442             124.154            0.145272
                  12             123.765             124.122            0.136745
                  13             124.339             124.139            0.127243
                  14             123.629             124.102            0.123251
                  15              124.26             124.113            0.115482
                  16             124.456             124.134            0.110241
                  17             124.831             124.175            0.111105
                  18             124.437              124.19            0.105881
                  19             123.402             124.148            0.108117
                  20             124.025             124.142            0.102886
