                   1             21.5259             21.5259                   0
                   2             23.1359             22.3309            0.569215
                   3             22.9552              22.539            0.415778
                   4             20.9045             22.1304            0.471664
                   5             20.9178             21.8878            0.435236
                   6              20.616             21.6759            0.411085
                   7             22.8406             21.8423             0.38456
                   8             23.8417             22.0922            0.409733
                   9             22.9519             22.1877            0.375177
                  10             22.2154             22.1905            0.337669
                  11              23.322             22.2934             0.32226
                  12             21.5045             22.2276            0.302035
                  13              21.752              22.191            0.281009
                  14             22.0359             22.1799            0.261155
                  15             21.0612             22.1054            0.254172
                  16             21.8576             22.0899            0.238758
                  17             19.8955             21.9608            0.257249
                  18             22.0081             21.9634            0.242971
                  19             21.4062             21.9341            0.231946
                  20             23.1976             21.9973            0.228791
