                   1            0.092258            0.092258                   0
                   2            0.107992            0.100125          0.00556281
                   3            0.083792           0.0946807          0.00578911
                   4            0.088918             0.09324          0.00451754
                   5             0.08824             0.09224          0.00372306
                   6            0.073678           0.0891463          0.00419541
                   7            0.090796            0.089382          0.00360268
                   8            0.071384           0.0871322          0.00379025
                   9            0.094796           0.0879838          0.00346344
                  10            0.105664           0.0897518          0.00353972
                  11            0.097088           0.0904187          0.00328015
                  12            0.094236           0.0907368          0.00302219
                  13            0.097914           0.0912889           0.0028397
                  14            0.073848           0.0900431          0.00289727
                  15            0.096422           0.0904684          0.00273515
                  16            0.088298           0.0903327          0.00256756
                  17            0.081766           0.0898288          0.00246548
                  18            0.086352           0.0896357          0.00233607
                  19            0.093172           0.0898218          0.00222052
                  20            0.103926            0.090527          0.00221865
