                   1             4.74429             4.74429                   0
                   2             4.86735             4.80582           0.0435052
                   3              4.6041             4.73858           0.0620916
                   4             4.37367             4.64735           0.0917087
                   5             4.56229             4.63034           0.0749282
                   6             4.47574             4.60457           0.0667237
                   7             4.73535             4.62326           0.0597501
                   8             4.40718             4.59625            0.058066
                   9             4.75133             4.61348           0.0541107
                  10             4.61791             4.61392           0.0487014
                  11             4.46535             4.60042            0.046109
                  12             4.82015             4.61873           0.0457583
                  13             4.65111             4.62122           0.0423062
                  14             4.53881             4.61533           0.0396917
                  15             4.68035             4.61967           0.0372816
                  16             4.72377             4.62617           0.0355147
                  17             4.49207             4.61828           0.0342904
                  18             4.50181             4.61181           0.0329903
                  19             4.60252             4.61132           0.0312576
                  20              5.0023             4.63087           0.0352822
