                   1           -0.681361           -0.681361                   0
                   2           -0.685284           -0.683322          0.00138688
                   3           -0.683052           -0.683232         0.000927514
                   4            -0.68191           -0.682902         0.000752211
                   5           -0.682649           -0.682851         0.000603469
                   6            -0.68189           -0.682691         0.000523741
                   7           -0.683792           -0.682848         0.000471948
                   8           -0.681632           -0.682696         0.000436766
                   9            -0.68472           -0.682921          0.00044235
                  10           -0.681149           -0.682744         0.000432142
                  11           -0.680402           -0.682531         0.000442208
                  12           -0.684041           -0.682657         0.000422878
                  13           -0.678986           -0.682374          0.00047535
                  14           -0.681921           -0.682342         0.000442498
                  15             -0.6817           -0.682299          0.00041506
                  16            -0.68343            -0.68237         0.000395089
                  17           -0.681611           -0.682325          0.00037436
                  18           -0.682679           -0.682345         0.000354078
                  19           -0.681635           -0.682308         0.000337406
                  20           -0.686191           -0.682502         0.000372225
